#----------------------------------------------------------------------------------------------------------------------------------------------------------
# Output file for vampire simulation
#   time       : 2022-02-14 03:02:15     process id : 50202
#   hostname   : compute-0-0.local
#   path       : /home/MINT_SS/luknam/BER/WS_dia5/Thickness9.0/size_3.0_3.0_9.0nm/Temp_900/random_1
#----------------------------------------------------------------------------------------------------------------------------------------------------------
4e-11	0	0	0	1	1	1	-1	0	0	1	
8e-11	2	0.00909484	-0.00227809	0.999956	0.998871	0.998897	-1	0	0	1	
1.2e-10	4	-0.00988016	0.00314001	0.999946	0.997683	0.997723	-1	0	0	1	
1.6e-10	6	0.005472	0.00137808	0.999984	0.99669	0.996606	-1	0	0	1	
2e-10	8	0.00265136	-0.00109041	0.999996	0.995585	0.995556	-1	0	0	1	
2.4e-10	10	-0.00685944	-0.00129451	0.999976	0.994612	0.994464	-1	0	0	1	
2.8e-10	12	0.00392171	-0.0283211	0.999591	0.992762	0.993019	-1	0	0	1	
3.2e-10	14	0.00156127	0.00324275	0.999994	0.992238	0.992009	-1	0	0	1	
3.6e-10	16	0.00639484	0.0136282	0.999887	0.990098	0.9909	-1	0	0	1	
4e-10	18	-0.00892318	0.00802743	0.999928	0.989317	0.989708	-1	0	0	1	
4.4e-10	20	-0.0400812	0.00319434	0.999191	0.987951	0.988399	-1	0	0	1	
4.8e-10	22	0.0325071	-0.0213472	0.999244	0.986624	0.987134	-1	0	0	1	
5.2e-10	24	-0.0260019	-0.0147168	0.999554	0.984893	0.985923	-1	0	0	1	
5.6e-10	26	-0.0106949	0.00127937	0.999942	0.985678	0.985383	-1	0	0	1	
6e-10	28	0.0177855	-0.0268865	0.99948	0.983411	0.983937	-1	0	0	1	
6.4e-10	30	-0.0116807	-0.012215	0.999857	0.98348	0.982689	-1	0	0	1	
6.8e-10	32	0.0112397	-0.00947289	0.999892	0.981455	0.981264	-1	0	0	1	
7.2e-10	34	0.00433647	0.0415575	0.999127	0.978752	0.979917	-1	0	0	1	
7.6e-10	36	0.0486899	-0.0162696	0.998681	0.978146	0.978629	-1	0	0	1	
8e-10	38	0.015132	0.0384649	0.999145	0.977423	0.978028	-1	0	0	1	
8.4e-10	40	0.0110615	0.00451954	0.999929	0.977915	0.977154	-1	0	0	1	
8.8e-10	42	0.0340487	-0.0226069	0.999164	0.977676	0.975286	-1	0	0	1	
9.2e-10	44	-0.0142925	-0.030628	0.999429	0.974393	0.974292	-1	0	0	1	
9.6e-10	46	-0.0415325	-0.0246867	0.998832	0.973532	0.973986	-1	0	0	1	
1e-09	48	-0.0197726	-0.0404585	0.998986	0.971551	0.971593	-1	0	0	1	
1.04e-09	50	-0.0361429	-0.00116802	0.999346	0.970542	0.970751	-1	0	0	1	
1.08e-09	52	0.000225116	-0.0197563	0.999805	0.969596	0.969308	-1	0	0	1	
1.12e-09	54	0.0506044	-0.0094168	0.998674	0.971102	0.968232	-1	0	0	1	
1.16e-09	56	-0.0454541	0.0165088	0.99883	0.967455	0.966833	-1	0	0	1	
1.2e-09	58	0.00179173	-0.0377586	0.999285	0.967435	0.96651	-1	0	0	1	
1.24e-09	60	0.0258884	-0.0479125	0.998516	0.962738	0.964848	-1	0	0	1	
1.28e-09	62	-0.00172128	-0.0480073	0.998846	0.964246	0.963663	-1	0	0	1	
1.32e-09	64	0.0223044	0.00644282	0.99973	0.961958	0.962375	-1	0	0	1	
1.36e-09	66	-0.0721783	-0.00600369	0.997374	0.963485	0.961405	-1	0	0	1	
1.4e-09	68	-0.00410722	-0.068264	0.997659	0.960594	0.960092	-1	0	0	1	
1.44e-09	70	0.0148426	0.0525936	0.998506	0.958986	0.959515	-1	0	0	1	
1.48e-09	72	-0.0201588	0.00708629	0.999772	0.956403	0.956257	-1	0	0	1	
1.52e-09	74	-0.0258366	-0.0267135	0.999309	0.955928	0.955734	-1	0	0	1	
1.56e-09	76	-0.0375218	0.0107798	0.999238	0.95526	0.95392	-1	0	0	1	
1.6e-09	78	-0.00601368	-0.00590909	0.999964	0.952635	0.954357	-1	0	0	1	
1.64e-09	80	-0.00066215	0.0201948	0.999796	0.953075	0.952116	-1	0	0	1	
1.68e-09	82	-0.00660453	0.0185348	0.999806	0.950857	0.95185	-1	0	0	1	
1.72e-09	84	0.0382147	0.0783753	0.996191	0.950339	0.948928	-1	0	0	1	
1.76e-09	86	-0.00611109	0.0380201	0.999258	0.949915	0.950651	-1	0	0	1	
1.8e-09	88	0.00574905	0.0866957	0.996218	0.948223	0.947584	-1	0	0	1	
1.84e-09	90	0.0662782	-0.0286445	0.99739	0.946733	0.945988	-1	0	0	1	
1.88e-09	92	0.0157062	-0.0204327	0.999668	0.945234	0.946141	-1	0	0	1	
1.92e-09	94	-0.0251671	-0.0166551	0.999545	0.93871	0.943316	-1	0	0	1	
1.96e-09	96	0.0994148	0.0332583	0.99449	0.94035	0.942634	-1	0	0	1	
2e-09	98	0.00991136	0.0269856	0.999587	0.940997	0.940939	-1	0	0	1	
2.04e-09	100	0.0320881	0.000689971	0.999485	0.941109	0.940931	-1	0	0	1	
2.08e-09	102	0.00354832	0.0212188	0.999769	0.937776	0.938071	-1	0	0	1	
2.12e-09	104	-0.0451771	0.027033	0.998613	0.938907	0.937861	-1	0	0	1	
2.16e-09	106	-0.0162713	-0.0297	0.999426	0.935512	0.936891	-1	0	0	1	
2.2e-09	108	0.0519965	-0.020963	0.998427	0.937605	0.936512	-1	0	0	1	
2.24e-09	110	0.0521067	0.00519911	0.998628	0.93304	0.933099	-1	0	0	1	
2.28e-09	112	-0.0500394	0.00404197	0.998739	0.933643	0.93159	-1	0	0	1	
2.32e-09	114	0.0263348	0.0341982	0.999068	0.936297	0.932375	-1	0	0	1	
2.36e-09	116	-0.0280532	-0.0516964	0.998269	0.930124	0.929483	-1	0	0	1	
2.4e-09	118	-0.0408771	-0.00958098	0.999118	0.927133	0.928415	-1	0	0	1	
2.44e-09	120	-0.0521318	-0.00513824	0.998627	0.928182	0.927595	-1	0	0	1	
2.48e-09	122	-0.0457255	0.0298986	0.998507	0.923835	0.92757	-1	0	0	1	
2.52e-09	124	-0.0439497	0.0102762	0.998981	0.922735	0.925416	-1	0	0	1	
2.56e-09	126	0.0342732	-0.0055707	0.999397	0.924294	0.924446	-1	0	0	1	
2.6e-09	128	0.0085212	0.018965	0.999784	0.9231	0.920621	-1	0	0	1	
2.64e-09	130	-0.0857333	-0.00188821	0.996316	0.922012	0.92082	-1	0	0	1	
2.68e-09	132	0.0439018	-0.043888	0.998071	0.916753	0.917236	-1	0	0	1	
2.72e-09	134	0.0123032	-0.0106835	0.999867	0.917945	0.919161	-1	0	0	1	
2.76e-09	136	0.0912713	-0.0640545	0.993764	0.918957	0.91675	-1	0	0	1	
2.8e-09	138	0.0838707	-0.0298357	0.99603	0.914273	0.916121	-1	0	0	1	
2.84e-09	140	0.0127032	-0.0191849	0.999735	0.917514	0.915763	-1	0	0	1	
2.88e-09	142	0.00285701	-0.0221682	0.99975	0.91512	0.91457	-1	0	0	1	
2.92e-09	144	-0.0561107	-0.0373914	0.997724	0.914599	0.912568	-1	0	0	1	
2.96e-09	146	-0.026364	-0.0532178	0.998235	0.911684	0.910468	-1	0	0	1	
3e-09	148	0.0135559	-0.00116749	0.999907	0.908572	0.908303	-1	0	0	1	
3.04e-09	150	0.00321369	0.0614734	0.998104	0.905468	0.907341	-1	0	0	1	
3.08e-09	152	0.0512697	0.0333389	0.998128	0.908204	0.906747	-1	0	0	1	
3.12e-09	154	0.0460771	0.0606513	0.997095	0.906366	0.906902	-1	0	0	1	
3.16e-09	156	-0.048627	-0.00435211	0.998808	0.907661	0.904722	-1	0	0	1	
3.2e-09	158	-0.00836783	0.0250064	0.999652	0.90333	0.903041	-1	0	0	1	
3.24e-09	160	0.0229297	-0.00924742	0.999694	0.892449	0.900792	-1	0	0	1	
3.28e-09	162	0.0128537	-0.0152509	0.999801	0.902603	0.900756	-1	0	0	1	
3.32e-09	164	-0.00544158	-0.00317327	0.99998	0.895598	0.898215	-1	0	0	1	
3.36e-09	166	0.156519	-0.0494172	0.986438	0.896333	0.895891	-1	0	0	1	
3.4e-09	168	0.0680382	0.0491374	0.996472	0.895363	0.895943	-1	0	0	1	
3.44e-09	170	0.052926	-0.0321769	0.99808	0.895845	0.894958	-1	0	0	1	
3.48e-09	172	0.00572091	0.0275721	0.999603	0.890412	0.893502	-1	0	0	1	
3.52e-09	174	0.0634454	-0.0769654	0.995013	0.897414	0.892246	-1	0	0	1	
3.56e-09	176	-0.0716151	0.153697	0.985519	0.886983	0.891475	-1	0	0	1	
3.6e-09	178	0.000154247	-0.0355772	0.999367	0.888251	0.88919	-1	0	0	1	
3.64e-09	180	0.0165693	0.0428433	0.998944	0.882919	0.888415	-1	0	0	1	
3.68e-09	182	0.0441414	-0.0355537	0.998392	0.890982	0.885754	-1	0	0	1	
3.72e-09	184	-0.0110647	-0.0430233	0.999013	0.879345	0.882699	-1	0	0	1	
3.76e-09	186	0.0478805	0.0544994	0.997365	0.877748	0.883021	-1	0	0	1	
3.8e-09	188	0.0287823	-0.0490223	0.998383	0.878002	0.883285	-1	0	0	1	
3.84e-09	190	0.00414725	0.0409864	0.999151	0.885345	0.878369	-1	0	0	1	
3.88e-09	192	0.12566	-0.0882648	0.988139	0.884208	0.87927	-1	0	0	1	
3.92e-09	194	0.030458	0.0249774	0.999224	0.875549	0.881803	-1	0	0	1	
3.96e-09	196	-0.0228635	0.0048712	0.999727	0.879024	0.874989	-1	0	0	1	
4e-09	198	0.00864939	-0.0508782	0.998667	0.877623	0.87786	-1	0	0	1	
4.04e-09	200	-0.0991994	0.0385483	0.994321	0.873259	0.876989	-1	0	0	1	
4.08e-09	202	-0.00171733	-0.0672291	0.997736	0.861708	0.873287	-1	0	0	1	
4.12e-09	204	-0.0758562	0.0455597	0.996077	0.871469	0.870364	-1	0	0	1	
4.16e-09	206	0.0322341	-0.0266908	0.999124	0.8658	0.866704	-1	0	0	1	
4.2e-09	208	-0.0689058	-0.0873931	0.993788	0.87973	0.867704	-1	0	0	1	
4.24e-09	210	0.0334272	0.00945703	0.999396	0.868473	0.86592	-1	0	0	1	
4.28e-09	212	-0.0685143	-0.0130226	0.997565	0.857949	0.87009	-1	0	0	1	
4.32e-09	214	0.158927	0.100628	0.982149	0.868247	0.86654	-1	0	0	1	
4.36e-09	216	0.00269475	0.0584785	0.998285	0.86491	0.859103	-1	0	0	1	
4.4e-09	218	-0.0828502	-0.0297065	0.996119	0.86418	0.860809	-1	0	0	1	
4.44e-09	220	-0.07272	-0.0522493	0.995983	0.858882	0.858851	-1	0	0	1	
4.48e-09	222	-0.0764215	0.0716275	0.9945	0.850122	0.856362	-1	0	0	1	
4.52e-09	224	0.058327	0.0420147	0.997413	0.852955	0.857762	-1	0	0	1	
4.56e-09	226	0.0362794	-0.00313177	0.999337	0.848641	0.851413	-1	0	0	1	
4.6e-09	228	0.0640929	0.0490297	0.996739	0.849735	0.849507	-1	0	0	1	
4.64e-09	230	-0.00281434	0.00614338	0.999977	0.849912	0.853771	-1	0	0	1	
4.68e-09	232	-0.0452295	0.0901889	0.994897	0.857179	0.847744	-1	0	0	1	
4.72e-09	234	-0.0254434	0.0824134	0.996273	0.852489	0.850395	-1	0	0	1	
4.76e-09	236	-0.023848	-0.090723	0.995591	0.849549	0.848676	-1	0	0	1	
4.8e-09	238	-0.0216428	-0.158349	0.987146	0.844204	0.845376	-1	0	0	1	
4.84e-09	240	-0.0696033	-0.070997	0.995045	0.838278	0.84742	-1	0	0	1	
4.88e-09	242	-0.0264834	-0.0328238	0.99911	0.846763	0.839998	-1	0	0	1	
4.92e-09	244	-0.0485879	0.024595	0.998516	0.848751	0.841767	-1	0	0	1	
4.96e-09	246	-0.00711422	0.102054	0.994753	0.830186	0.836168	-1	0	0	1	
5e-09	248	0.102886	-0.01423	0.994591	0.845939	0.839001	-1	0	0	1	
5.04e-09	250	0.0705139	-0.107385	0.991714	0.839352	0.839139	-1	0	0	1	
5.08e-09	252	0.00344716	0.0676102	0.997706	0.825747	0.834431	-1	0	0	1	
5.12e-09	254	0.0250898	0.0505638	0.998406	0.838856	0.837134	-1	0	0	1	
5.16e-09	256	0.0358308	0.0524367	0.997981	0.815927	0.832766	-1	0	0	1	
5.2e-09	258	0.0327659	-0.0281677	0.999066	0.820644	0.830771	-1	0	0	1	
5.24e-09	260	-0.0199751	-0.0910072	0.99565	0.816018	0.828698	-1	0	0	1	
5.28e-09	262	-0.0553248	-0.132263	0.98967	0.830316	0.828929	-1	0	0	1	
5.32e-09	264	0.0698283	0.0504155	0.996284	0.810463	0.826329	-1	0	0	1	
5.36e-09	266	0.130769	-0.0157377	0.991288	0.832515	0.822343	-1	0	0	1	
5.4e-09	268	-0.0191328	0.106028	0.994179	0.814878	0.817512	-1	0	0	1	
5.44e-09	270	-0.0851608	-0.0904622	0.992252	0.817615	0.821461	-1	0	0	1	
5.48e-09	272	-0.219505	0.0478549	0.974437	0.827713	0.819674	-1	0	0	1	
5.52e-09	274	-0.0551874	-0.0264384	0.998126	0.825836	0.820759	-1	0	0	1	
5.56e-09	276	-0.0657491	0.0438775	0.996871	0.820332	0.820843	-1	0	0	1	
5.6e-09	278	0.114788	-0.0530272	0.991974	0.822597	0.815033	-1	0	0	1	
5.64e-09	280	-0.00560549	0.0620287	0.998059	0.824154	0.807206	-1	0	0	1	
5.68e-09	282	0.00617012	0.136221	0.990659	0.81597	0.816419	-1	0	0	1	
5.72e-09	284	0.102704	0.108342	0.988794	0.803188	0.814626	-1	0	0	1	
5.76e-09	286	-0.0306376	0.0215317	0.999299	0.809059	0.810033	-1	0	0	1	
5.8e-09	288	-0.0318319	-0.0502052	0.998232	0.801872	0.806299	-1	0	0	1	
5.84e-09	290	-0.0339106	0.0903965	0.995328	0.782157	0.804732	-1	0	0	1	
5.88e-09	292	-0.0346196	-0.109165	0.993421	0.80044	0.802192	-1	0	0	1	
5.92e-09	294	0.033274	-0.0677114	0.99715	0.787988	0.800266	-1	0	0	1	
5.96e-09	296	-0.0726189	0.0919988	0.993108	0.80471	0.794092	-1	0	0	1	
6e-09	298	0.057484	-0.0208454	0.998129	0.786267	0.793669	-1	0	0	1	
6.04e-09	300	0.0745326	-0.196489	0.977669	0.783093	0.797805	-1	0	0	1	
6.08e-09	302	-0.0493886	-0.0597071	0.996993	0.801189	0.797698	-1	0	0	1	
6.12e-09	304	-0.0367425	0.114518	0.992741	0.800079	0.795253	-1	0	0	1	
6.16e-09	306	0.0583886	-0.241906	0.968541	0.786444	0.794234	-1	0	0	1	
6.2e-09	308	-0.121608	0.0739402	0.98982	0.793099	0.79122	-1	0	0	1	
6.24e-09	310	-0.0071257	-0.133738	0.990991	0.772191	0.789247	-1	0	0	1	
6.28e-09	312	0.000337099	-0.0084875	0.999964	0.785997	0.78898	-1	0	0	1	
6.32e-09	314	0.0565535	-0.106374	0.992717	0.763975	0.786615	-1	0	0	1	
6.36e-09	316	0.0264533	0.137682	0.990123	0.803768	0.786639	-1	0	0	1	
6.4e-09	318	0.172129	-0.196043	0.96537	0.782482	0.779329	-1	0	0	1	
6.44e-09	320	0.087979	-0.0351709	0.995501	0.785811	0.782035	-1	0	0	1	
6.48e-09	322	0.0240708	-0.0338629	0.999137	0.777162	0.778451	-1	0	0	1	
6.52e-09	324	0.0784661	-0.0202032	0.996712	0.775993	0.775043	-1	0	0	1	
6.56e-09	326	-0.021649	-0.0319021	0.999257	0.77134	0.779533	-1	0	0	1	
6.6e-09	328	0.166507	0.0125982	0.98596	0.762148	0.771348	-1	0	0	1	
6.64e-09	330	0.00897825	0.0192725	0.999774	0.798908	0.778134	-1	0	0	1	
6.68e-09	332	0.0128885	-0.00991462	0.999868	0.775531	0.773733	-1	0	0	1	
6.72e-09	334	0.144538	-0.190846	0.97092	0.757836	0.763238	-1	0	0	1	
6.76e-09	336	-0.149798	0.0718902	0.9861	0.762289	0.764019	-1	0	0	1	
6.8e-09	338	-0.0963126	-0.00218873	0.995349	0.763268	0.76613	-1	0	0	1	
6.84e-09	340	-0.0272149	-0.0947653	0.995128	0.738097	0.761334	-1	0	0	1	
6.88e-09	342	0.0141775	-0.0082595	0.999865	0.772068	0.761715	-1	0	0	1	
6.92e-09	344	-0.033749	0.206719	0.977818	0.778061	0.763108	-1	0	0	1	
6.96e-09	346	0.108056	0.0846506	0.990534	0.764923	0.759154	-1	0	0	1	
7e-09	348	0.000212015	-0.00574531	0.999983	0.769828	0.754689	-1	0	0	1	
7.04e-09	350	0.10817	-0.120043	0.986858	0.747919	0.753087	-1	0	0	1	
7.08e-09	352	0.0609621	-0.0744234	0.995362	0.758194	0.753753	-1	0	0	1	
7.12e-09	354	0.0848391	-0.0292957	0.995964	0.739439	0.751918	-1	0	0	1	
7.16e-09	356	0.0716175	-0.0526115	0.996044	0.76312	0.75267	-1	0	0	1	
7.2e-09	358	0.0657639	-0.138532	0.988172	0.755158	0.741626	-1	0	0	1	
7.24e-09	360	0.118902	-0.0241096	0.992613	0.758148	0.748595	-1	0	0	1	
7.28e-09	362	0.00323945	0.180578	0.983555	0.749757	0.737584	-1	0	0	1	
7.32e-09	364	-0.061971	-0.0436557	0.997123	0.752523	0.742205	-1	0	0	1	
7.36e-09	366	-0.0640054	0.170137	0.98334	0.697192	0.725703	-1	0	0	1	
7.4e-09	368	0.0206637	0.190438	0.981482	0.730867	0.742479	-1	0	0	1	
7.44e-09	370	-0.170648	-0.0473706	0.984193	0.727517	0.733122	-1	0	0	1	
7.48e-09	372	-0.129793	0.0592662	0.989768	0.699567	0.726485	-1	0	0	1	
7.52e-09	374	-0.192739	0.240387	0.95135	0.708701	0.727358	-1	0	0	1	
7.56e-09	376	-0.0686621	-0.0749759	0.994819	0.709839	0.733185	-1	0	0	1	
7.6e-09	378	0.0586894	0.0768041	0.995317	0.731169	0.727308	-1	0	0	1	
7.64e-09	380	0.00185038	-0.0682653	0.997665	0.715491	0.720648	-1	0	0	1	
7.68e-09	382	-0.0758961	0.178175	0.981068	0.723773	0.724862	-1	0	0	1	
7.72e-09	384	-0.0756541	-0.0979705	0.99231	0.737996	0.724831	-1	0	0	1	
7.76e-09	386	-0.0039268	0.122604	0.992448	0.749137	0.722341	-1	0	0	1	
7.8e-09	388	0.0567936	0.0243732	0.998088	0.711533	0.719779	-1	0	0	1	
7.84e-09	390	0.00995899	-0.0602571	0.998133	0.715318	0.714109	-1	0	0	1	
7.88e-09	392	0.121349	-0.075235	0.989755	0.717787	0.718449	-1	0	0	1	
7.92e-09	394	0.0297436	-0.0766307	0.996616	0.741606	0.714253	-1	0	0	1	
7.96e-09	396	0.147096	-0.0391205	0.988348	0.659417	0.702272	-1	0	0	1	
8e-09	398	-0.205713	0.166157	0.964404	0.702328	0.710082	-1	0	0	1	
8.04e-09	400	-0.0587494	-0.0367336	0.997597	0.676794	0.701681	-1	0	0	1	
8.08e-09	402	0.0984967	-0.107348	0.989331	0.719903	0.697438	-1	0	0	1	
8.12e-09	404	0.0595592	0.17356	0.983021	0.695851	0.710186	-1	0	0	1	
8.16e-09	406	0.119136	-0.0196323	0.992684	0.70609	0.69846	-1	0	0	1	
8.2e-09	408	-0.313899	-0.0138927	0.949355	0.710672	0.699415	-1	0	0	1	
8.24e-09	410	-0.250578	-0.122438	0.960323	0.702874	0.68767	-1	0	0	1	
8.28e-09	412	-0.110898	0.0469809	0.992721	0.687049	0.685709	-1	0	0	1	
8.32e-09	414	0.079525	0.235641	0.968581	0.702523	0.698533	-1	0	0	1	
8.36e-09	416	0.0841795	0.0540113	0.994986	0.671728	0.68979	-1	0	0	1	
8.4e-09	418	-0.0558693	0.15346	0.986574	0.687428	0.681372	-1	0	0	1	
8.44e-09	420	0.197011	-0.0682201	0.978025	0.690382	0.685765	-1	0	0	1	
8.48e-09	422	0.0477468	-0.169732	0.984333	0.667727	0.686376	-1	0	0	1	
8.52e-09	424	-0.147299	0.0584027	0.987366	0.666709	0.67731	-1	0	0	1	
8.56e-09	426	-0.247378	0.0621177	0.966926	0.688476	0.682471	-1	0	0	1	
8.6e-09	428	0.15834	-0.00804679	0.987352	0.67203	0.668411	-1	0	0	1	
8.64e-09	430	0.119261	-0.148098	0.981755	0.670223	0.659679	-1	0	0	1	
8.68e-09	432	0.0876798	-0.1716	0.981257	0.679494	0.679539	-1	0	0	1	
8.72e-09	434	-0.0453882	-0.0992242	0.994029	0.652417	0.666874	-1	0	0	1	
8.76e-09	436	0.0283982	0.174965	0.984165	0.678878	0.674906	-1	0	0	1	
8.8e-09	438	-0.0666438	0.0347864	0.99717	0.679962	0.667564	-1	0	0	1	
8.84e-09	440	-0.00163542	-0.0303805	0.999537	0.655722	0.669455	-1	0	0	1	
8.88e-09	442	-0.143078	-0.087951	0.985796	0.674562	0.662341	-1	0	0	1	
8.92e-09	444	-0.315348	-0.0287904	0.948539	0.632174	0.64925	-1	0	0	1	
8.96e-09	446	0.182181	-0.0115183	0.983198	0.657671	0.658401	-1	0	0	1	
9e-09	448	0.114788	0.178155	0.977284	0.659572	0.646684	-1	0	0	1	
9.04e-09	450	-0.116357	-0.0302562	0.992747	0.652539	0.650869	-1	0	0	1	
9.08e-09	452	-0.0479888	0.0337158	0.998279	0.689266	0.656055	-1	0	0	1	
9.12e-09	454	-0.130642	0.0460095	0.990361	0.652864	0.646318	-1	0	0	1	
9.16e-09	456	0.214688	-0.358874	0.90836	0.640571	0.633802	-1	0	0	1	
9.2e-09	458	-0.148116	0.151432	0.977307	0.619683	0.622445	-1	0	0	1	
9.24e-09	460	0.0211579	-0.229203	0.973149	0.621716	0.638191	-1	0	0	1	
9.28e-09	462	0.112487	0.04792	0.992497	0.66247	0.6414	-1	0	0	1	
9.32e-09	464	-0.0715536	0.119816	0.990214	0.631591	0.632826	-1	0	0	1	
9.36e-09	466	0.157211	-0.0216222	0.987328	0.648324	0.623322	-1	0	0	1	
9.4e-09	468	0.00566494	-0.0684163	0.997641	0.630944	0.623869	-1	0	0	1	
9.44e-09	470	-0.309053	-0.0740591	0.948157	0.656967	0.628746	-1	0	0	1	
9.48e-09	472	-0.0125305	-0.123031	0.992324	0.618219	0.621225	-1	0	0	1	
9.52e-09	474	0.126928	0.0776467	0.988868	0.586656	0.610798	-1	0	0	1	
9.56e-09	476	-0.103305	-0.116686	0.987782	0.602027	0.623918	-1	0	0	1	
9.6e-09	478	0.200112	-0.145504	0.968909	0.577318	0.609098	-1	0	0	1	
9.64e-09	480	0.0311402	-0.127558	0.991342	0.618678	0.620318	-1	0	0	1	
9.68e-09	482	0.19707	0.155356	0.968002	0.628733	0.615649	-1	0	0	1	
9.72e-09	484	-0.0609746	-0.0609476	0.996277	0.612849	0.604998	-1	0	0	1	
9.76e-09	486	0.107406	0.119005	0.987067	0.607562	0.602645	-1	0	0	1	
9.8e-09	488	-0.211995	-0.0236905	0.976984	0.620443	0.594624	-1	0	0	1	
9.84e-09	490	-0.328926	0.169153	0.929083	0.602669	0.587824	-1	0	0	1	
9.88e-09	492	-0.304601	0.207656	0.929568	0.596611	0.599771	-1	0	0	1	
9.92e-09	494	0.033596	0.13729	0.989961	0.563629	0.587636	-1	0	0	1	
9.96e-09	496	-0.51322	-0.315663	0.798099	0.587355	0.582199	-1	0	0	1	
1e-08	498	0.0555482	-0.35645	0.932662	0.580922	0.603647	-1	0	0	1	
1.004e-08	500	0.136216	0.0275794	0.990295	0.57859	0.581554	-1	0	0	1	
1.008e-08	502	0.203786	-0.0465741	0.977907	0.53102	0.564057	-1	0	0	1	
1.012e-08	504	0.0419983	0.114464	0.992539	0.561422	0.581322	-1	0	0	1	
1.016e-08	506	0.0312393	-0.023095	0.999245	0.562531	0.576617	-1	0	0	1	
1.02e-08	508	0.23525	0.186155	0.953941	0.588741	0.57113	-1	0	0	1	
1.024e-08	510	-0.0205649	0.317131	0.948159	0.559032	0.569142	-1	0	0	1	
1.028e-08	512	0.10403	0.0397306	0.99378	0.583101	0.56215	-1	0	0	1	
1.032e-08	514	0.146065	0.342384	0.928137	0.55743	0.568055	-1	0	0	1	
1.036e-08	516	0.0348381	0.0378199	0.998677	0.546823	0.54761	-1	0	0	1	
1.04e-08	518	0.238965	0.0575704	0.96932	0.489235	0.545886	-1	0	0	1	
1.044e-08	520	0.0714344	0.127839	0.989219	0.567076	0.551481	-1	0	0	1	
1.048e-08	522	-0.0101818	-0.239943	0.970734	0.511009	0.540863	-1	0	0	1	
1.052e-08	524	0.110508	-0.114918	0.987209	0.547026	0.542894	-1	0	0	1	
1.056e-08	526	0.153635	-0.388793	0.908425	0.560766	0.54678	-1	0	0	1	
1.06e-08	528	0.195363	0.167168	0.966379	0.500308	0.527301	-1	0	0	1	
1.064e-08	530	-0.134245	0.211487	0.968118	0.579845	0.544677	-1	0	0	1	
1.068e-08	532	-0.379634	-0.0978184	0.919951	0.526375	0.529862	-1	0	0	1	
1.072e-08	534	0.0524921	-0.102075	0.993391	0.545988	0.531786	-1	0	0	1	
1.076e-08	536	-0.0105522	0.19256	0.981229	0.498409	0.509411	-1	0	0	1	
1.08e-08	538	0.155627	0.409021	0.899156	0.550869	0.527832	-1	0	0	1	
1.084e-08	540	-0.0194033	-0.0375559	0.999106	0.531429	0.506889	-1	0	0	1	
1.088e-08	542	-0.0245238	0.334062	0.942232	0.48268	0.52184	-1	0	0	1	
1.092e-08	544	-0.243661	-0.26845	0.931968	0.484235	0.484335	-1	0	0	1	
1.096e-08	546	-0.183621	0.136728	-0.973442	0.55227	0.52796	-1	0	0	1	
1.1e-08	548	-0.0379617	0.268616	-0.962499	0.498769	0.503805	-1	0	0	1	
1.104e-08	550	0.181245	-0.137078	-0.973838	0.501174	0.51348	-1	0	0	1	
1.108e-08	552	-0.00922284	-0.237441	-0.971358	0.531158	0.503091	-1	0	0	1	
1.112e-08	554	0.132895	-0.148723	-0.979908	0.519083	0.503214	-1	0	0	1	
1.116e-08	556	-0.149426	0.237495	-0.959827	0.470477	0.500375	-1	0	0	1	
1.12e-08	558	0.165758	-0.130818	-0.977451	0.478005	0.491346	-1	0	0	1	
1.124e-08	560	0.15448	-0.107105	-0.982173	0.534098	0.508605	-1	0	0	1	
1.128e-08	562	0.185325	-0.259088	-0.947907	0.557039	0.490499	-1	0	0	1	
1.132e-08	564	0.226301	-0.143466	-0.963434	0.509522	0.506015	-1	0	0	1	
1.136e-08	566	0.126947	0.213267	-0.968711	0.423927	0.463864	-1	0	0	1	
1.14e-08	568	-0.0244447	0.380383	-0.924506	0.486459	0.486291	-1	0	0	1	
1.144e-08	570	0.162541	0.11279	-0.980234	0.512662	0.478912	-1	0	0	1	
1.148e-08	572	0.207957	-0.235276	-0.949421	0.48524	0.460877	-1	0	0	1	
1.152e-08	574	-0.0174452	-0.0339005	-0.999273	0.491809	0.473082	-1	0	0	1	
1.156e-08	576	-0.359541	0.0158971	-0.932994	0.438081	0.453702	-1	0	0	1	
1.16e-08	578	-0.337151	0.0883734	-0.937294	0.483041	0.458709	-1	0	0	1	
1.164e-08	580	-0.121237	-0.058452	-0.990901	0.45134	0.464826	-1	0	0	1	
1.168e-08	582	0.124208	0.049206	-0.991035	0.449606	0.456465	-1	0	0	1	
1.172e-08	584	0.147609	-0.126325	-0.980945	0.411608	0.438778	-1	0	0	1	
1.176e-08	586	0.335269	-0.296788	-0.894154	0.43112	0.438262	-1	0	0	1	
1.18e-08	588	0.0693381	-0.198032	-0.97774	0.477699	0.461455	-1	0	0	1	
1.184e-08	590	0.0320744	-0.218922	-0.975215	0.451473	0.447874	-1	0	0	1	
1.188e-08	592	0.124556	-0.240589	-0.962602	0.427522	0.434349	-1	0	0	1	
1.192e-08	594	0.122676	0.122848	-0.984814	0.455579	0.433139	-1	0	0	1	
1.196e-08	596	0.305678	-0.0936672	-0.947516	0.4271	0.436815	-1	0	0	1	
1.2e-08	598	0.51125	-0.286372	-0.810317	0.448333	0.409124	-1	0	0	1	
1.204e-08	600	-0.0270081	0.324079	-0.945644	0.453707	0.423836	-1	0	0	1	
1.208e-08	602	-0.222763	-0.637577	-0.737477	0.394846	0.410933	-1	0	0	1	
1.212e-08	604	0.23189	-0.391028	-0.890687	0.350847	0.380342	-1	0	0	1	
1.216e-08	606	-0.484749	-0.0481871	-0.873325	0.387021	0.38099	-1	0	0	1	
1.22e-08	608	-0.313878	-0.268708	-0.910646	0.423194	0.406577	-1	0	0	1	
1.224e-08	610	-0.145148	-0.144604	-0.978786	0.410276	0.399869	-1	0	0	1	
1.228e-08	612	-0.0124574	-0.26552	-0.964025	0.423843	0.3852	-1	0	0	1	
1.232e-08	614	0.295175	0.0596561	-0.953579	0.382662	0.364825	-1	0	0	1	
1.236e-08	616	-0.378172	-0.127532	-0.916909	0.370152	0.378777	-1	0	0	1	
1.24e-08	618	-0.11895	-0.0982717	-0.988025	0.399752	0.390316	-1	0	0	1	
1.244e-08	620	0.212661	0.0976601	-0.972233	0.358869	0.37395	-1	0	0	1	
1.248e-08	622	0.193995	0.182413	-0.963894	0.348245	0.355933	-1	0	0	1	
1.252e-08	624	0.0950243	0.546196	-0.83225	0.362832	0.34965	-1	0	0	1	
1.256e-08	626	0.24989	0.166992	-0.953766	0.289206	0.339215	-1	0	0	1	
1.26e-08	628	-0.0671742	-0.0269016	-0.997379	0.318507	0.343892	-1	0	0	1	
1.264e-08	630	-0.423193	0.34795	-0.836563	0.405796	0.349751	-1	0	0	1	
1.268e-08	632	-0.548972	0.0355572	-0.835084	0.3074	0.317001	-1	0	0	1	
1.272e-08	634	-0.406061	-0.108421	-0.907392	0.339755	0.314788	-1	0	0	1	
1.276e-08	636	-0.0450586	0.579388	-0.813805	0.316412	0.309203	-1	0	0	1	
1.28e-08	638	-0.245328	-0.0716171	-0.966791	0.272591	0.286565	-1	0	0	1	
1.284e-08	640	-0.062634	0.5449	-0.836158	0.344635	0.275514	-1	0	0	1	
1.288e-08	642	-0.0742219	0.714703	-0.695479	0.230275	0.275801	-1	0	0	1	
1.292e-08	644	-0.798847	0.34514	0.492668	0.184973	0.244998	-1	0	0	1	
1.296e-08	646	-0.453375	0.140538	-0.88017	0.175705	0.245447	-1	0	0	1	
1.3e-08	648	0.20135	0.126507	-0.971316	0.201139	0.235433	-1	0	0	1	
1.304e-08	650	-0.152646	-0.186334	-0.970556	0.272268	0.226851	-1	0	0	1	
1.308e-08	652	-0.335173	0.0735505	-0.939281	0.239174	0.259436	-1	0	0	1	
1.312e-08	654	-0.425575	0.717785	-0.551064	0.173289	0.21202	-1	0	0	1	
1.316e-08	656	0.314068	-0.0248787	0.949074	0.137315	0.261325	-1	0	0	1	
1.32e-08	658	-0.354806	0.667208	-0.65494	0.216076	0.240304	-1	0	0	1	
1.324e-08	660	-0.355677	-0.612403	-0.706015	0.270409	0.214283	-1	0	0	1	
1.328e-08	662	0.264245	0.810568	-0.522641	0.147064	0.222848	-1	0	0	1	
1.332e-08	664	0.241955	-0.48299	-0.841533	0.170192	0.181262	-1	0	0	1	
1.336e-08	666	-0.228198	0.788622	-0.570965	0.207745	0.201537	-1	0	0	1	
1.34e-08	668	0.175186	0.150659	-0.97294	0.23423	0.175129	-1	0	0	1	
1.344e-08	670	-0.962067	0.255703	-0.0950915	0.111281	0.197489	-1	0	0	1	
1.348e-08	672	0.044898	-0.637422	0.769206	0.10041	0.16559	-1	0	0	1	
1.352e-08	674	0.0132955	-0.48936	-0.87198	0.154812	0.172364	-1	0	0	1	
1.356e-08	676	0.0694702	-0.600174	-0.796847	0.0885556	0.1382	-1	0	0	1	
1.36e-08	678	-0.0455625	-0.127377	-0.990807	0.244592	0.216639	-1	0	0	1	
1.364e-08	680	0.207874	0.132943	-0.969079	0.110349	0.175127	-1	0	0	1	
1.368e-08	682	-0.117176	-0.862644	-0.492051	0.172062	0.17301	-1	0	0	1	
1.372e-08	684	-0.390421	-0.613458	-0.68647	0.0768947	0.145279	-1	0	0	1	
1.376e-08	686	-0.593383	-0.178477	-0.784884	0.252603	0.18451	-1	0	0	1	
1.38e-08	688	-0.31363	0.395304	-0.863349	0.134926	0.16632	-1	0	0	1	
1.384e-08	690	-0.940355	0.323333	0.105774	0.0995791	0.131373	-1	0	0	1	
1.388e-08	692	0.178333	0.873506	0.452973	0.118648	0.147839	-1	0	0	1	
1.392e-08	694	0.574077	-0.0747073	-0.815386	0.188993	0.141517	-1	0	0	1	
1.396e-08	696	0.938266	0.345879	-0.00506789	0.160201	0.168221	-1	0	0	1	
1.4e-08	698	-0.98465	0.132632	-0.113463	0.152477	0.152527	-1	0	0	1	
1.404e-08	700	0.647657	-0.364978	-0.668828	0.147577	0.118556	-1	0	0	1	
1.408e-08	702	-0.463127	0.65168	-0.600688	0.180054	0.12137	-1	0	0	1	
1.412e-08	704	0.49452	-0.833493	0.246455	0.0993275	0.107767	-1	0	0	1	
1.416e-08	706	0.271891	0.0984872	0.957275	0.087873	0.101944	-1	0	0	1	
1.42e-08	708	-0.353388	-0.628544	0.692855	0.218156	0.127027	-1	0	0	1	
1.424e-08	710	0.159243	0.984294	-0.0762009	0.116249	0.111311	-1	0	0	1	
1.428e-08	712	0.542461	0.655413	0.525518	0.0246672	0.137284	-1	0	0	1	
1.432e-08	714	0.816328	-0.49722	-0.293906	0.117392	0.111289	-1	0	0	1	
1.436e-08	716	-0.624174	0.615021	-0.481825	0.0293469	0.0973591	-1	0	0	1	
1.44e-08	718	0.945214	0.304838	-0.116805	0.0478349	0.0763858	-1	0	0	1	
1.444e-08	720	-0.416116	0.871144	-0.260683	0.0830638	0.0817872	-1	0	0	1	
1.448e-08	722	0.445077	-0.0027119	-0.895488	0.138193	0.103214	-1	0	0	1	
1.452e-08	724	0.724668	0.348136	0.594691	0.0562177	0.0869897	-1	0	0	1	
1.456e-08	726	-0.431544	-0.511482	-0.743072	0.155995	0.115438	-1	0	0	1	
1.46e-08	728	-0.36743	-0.641715	-0.673199	0.153241	0.090782	-1	0	0	1	
1.464e-08	730	0.280583	0.238842	-0.929638	0.11955	0.101483	-1	0	0	1	
1.468e-08	732	-0.297824	0.14605	-0.943382	0.149524	0.0983283	-1	0	0	1	
1.472e-08	734	-0.370533	0.176488	-0.911898	0.123897	0.0988166	-1	0	0	1	
1.476e-08	736	0.620463	-0.0753885	-0.780604	0.1149	0.0882718	-1	0	0	1	
1.48e-08	738	0.704787	-0.124182	-0.698466	0.0518048	0.0843301	-1	0	0	1	
1.484e-08	740	-0.116373	-0.125651	-0.985225	0.163315	0.100398	-1	0	0	1	
1.488e-08	742	0.873644	-0.380136	-0.303716	0.0566747	0.0812736	-1	0	0	1	
1.492e-08	744	-0.300589	-0.825404	0.477865	0.0661095	0.0992829	-1	0	0	1	
1.496e-08	746	-0.245857	-0.929415	0.275213	0.0457534	0.0795333	-1	0	0	1	
1.5e-08	748	-0.435739	-0.232286	-0.869583	0.131189	0.0943376	-1	0	0	1	
1.504e-08	750	0.279662	-0.142395	-0.94948	0.146108	0.091457	-1	0	0	1	
1.508e-08	752	-0.124618	-0.30691	-0.943545	0.17429	0.0916734	-1	0	0	1	
1.512e-08	754	-0.565637	-0.0409487	0.823637	0.0730262	0.091874	-1	0	0	1	
1.516e-08	756	0.586245	-0.49851	0.638596	0.126876	0.0737766	-1	0	0	1	
1.52e-08	758	-0.725088	-0.112138	-0.679465	0.120832	0.0909856	-1	0	0	1	
1.524e-08	760	-0.732167	0.352393	-0.582882	0.0740854	0.0688027	-1	0	0	1	
1.528e-08	762	0.465066	0.0684635	0.882624	0.0975843	0.0806726	-1	0	0	1	
1.532e-08	764	0.939743	-0.289747	0.181467	0.0416304	0.0742859	-1	0	0	1	
1.536e-08	766	-0.725843	0.0452479	-0.686371	0.00999936	0.0828273	-1	0	0	1	
1.54e-08	768	-0.154138	0.69406	-0.703223	0.138975	0.0667327	-1	0	0	1	
1.544e-08	770	-0.209582	-0.695438	0.687343	0.0676955	0.0733498	-1	0	0	1	
1.548e-08	772	-0.631827	0.30778	0.711383	0.0225235	0.0729503	-1	0	0	1	
1.552e-08	774	0.736121	-0.432544	-0.520608	0.0985598	0.0736266	-1	0	0	1	
1.556e-08	776	0.309657	0.690104	-0.654117	0.0680245	0.0820219	-1	0	0	1	
1.56e-08	778	0.492239	-0.269517	-0.827685	0.0451559	0.0613397	-1	0	0	1	
1.564e-08	780	0.446652	0.679767	-0.581737	0.0427677	0.0639483	-1	0	0	1	
1.568e-08	782	0.153515	-0.297845	-0.94219	0.0940248	0.0647163	-1	0	0	1	
1.572e-08	784	0.428969	-0.266535	-0.863102	0.0747572	0.0705869	-1	0	0	1	
1.576e-08	786	-0.0532395	0.891929	0.44903	0.0789893	0.0681393	-1	0	0	1	
1.58e-08	788	-0.990895	0.0300596	0.131235	0.0480909	0.0739149	-1	0	0	1	
1.584e-08	790	-0.0121924	0.795324	0.606062	0.0665137	0.0547696	-1	0	0	1	
1.588e-08	792	-0.53943	0.193806	-0.819423	0.0244374	0.0520851	-1	0	0	1	
1.592e-08	794	0.5493	0.820912	-0.156119	0.033397	0.0715412	-1	0	0	1	
1.596e-08	796	0.265721	-0.807464	-0.526682	0.0267861	0.0541837	-1	0	0	1	
1.6e-08	798	-0.043014	0.963344	-0.264799	0.0770774	0.0595257	-1	0	0	1	
1.604e-08	800	0.165947	0.690599	0.703942	0.0670674	0.0735975	-1	0	0	1	
1.608e-08	802	0.0674349	0.523449	0.849384	0.0816919	0.0469565	-1	0	0	1	
1.612e-08	804	0.0542763	-0.984564	0.166397	0.0313071	0.0600814	-1	0	0	1	
1.616e-08	806	0.296977	0.954286	-0.0338042	0.0881599	0.0669813	-1	0	0	1	
1.62e-08	808	-0.271734	0.878759	-0.392356	0.0704448	0.0598387	-1	0	0	1	
1.624e-08	810	-0.774296	0.496415	0.392477	0.103637	0.0573593	-1	0	0	1	
1.628e-08	812	0.400059	0.79637	-0.453594	0.0517513	0.0468548	-1	0	0	1	
1.632e-08	814	-0.0519837	-0.998233	-0.0288001	0.113942	0.056021	-1	0	0	1	
1.636e-08	816	-0.298297	-0.0293027	-0.954023	0.0595558	0.0663256	-1	0	0	1	
1.64e-08	818	-0.961895	0.159067	-0.222385	0.00811323	0.0674971	-1	0	0	1	
1.644e-08	820	-0.377971	-0.78372	-0.49287	0.0628461	0.0648122	-1	0	0	1	
1.648e-08	822	-0.0504184	0.485653	-0.872696	0.129064	0.0608943	-1	0	0	1	
1.652e-08	824	0.282911	-0.933803	0.21903	0.0717542	0.0520722	-1	0	0	1	
1.656e-08	826	-0.821156	0.00120613	0.570702	0.0575112	0.059582	-1	0	0	1	
1.66e-08	828	0.108509	-0.380868	0.91824	0.0267485	0.0585854	-1	0	0	1	
1.664e-08	830	0.597115	-0.188537	-0.779685	0.0631298	0.0591756	-1	0	0	1	
1.668e-08	832	-0.00129373	-0.954955	-0.296746	0.030415	0.0598217	-1	0	0	1	
1.672e-08	834	0.103462	0.454171	-0.884887	0.0312979	0.0537112	-1	0	0	1	
1.676e-08	836	0.0347366	0.399914	-0.915894	0.0491655	0.0541541	-1	0	0	1	
1.68e-08	838	0.446164	0.850828	-0.277543	0.078561	0.0501746	-1	0	0	1	
1.684e-08	840	-0.967975	0.0940194	-0.232775	0.0768044	0.0596469	-1	0	0	1	
1.688e-08	842	0.131931	0.688847	-0.7128	0.0650532	0.0626609	-1	0	0	1	
1.692e-08	844	-0.790133	0.490684	-0.367313	0.0180261	0.0516766	-1	0	0	1	
1.696e-08	846	0.171874	0.33721	0.925607	0.101446	0.0558056	-1	0	0	1	
1.7e-08	848	-0.685724	0.3985	-0.609082	0.082704	0.0521623	-1	0	0	1	
1.704e-08	850	-0.0675588	-0.975966	0.207186	0.0924602	0.0549294	-1	0	0	1	
1.708e-08	852	0.760081	0.502193	0.412407	0.0730599	0.055031	-1	0	0	1	
1.712e-08	854	-0.741392	0.241323	0.62618	0.0384234	0.0623511	-1	0	0	1	
1.716e-08	856	0.595853	-0.103522	-0.796394	0.048854	0.05137	-1	0	0	1	
1.72e-08	858	-0.13758	-0.391615	-0.909785	0.0515302	0.0400057	-1	0	0	1	
1.724e-08	860	-0.373894	0.87218	-0.315445	0.0763088	0.0490805	-1	0	0	1	
1.728e-08	862	-0.572826	-0.349331	-0.741511	0.0255547	0.0476045	-1	0	0	1	
1.732e-08	864	-0.565274	-0.460225	-0.684586	0.0236277	0.052797	-1	0	0	1	
1.736e-08	866	-0.987101	-0.140697	0.0763966	0.0424051	0.0407366	-1	0	0	1	
1.74e-08	868	-0.0552828	0.203346	-0.977545	0.0827566	0.0478901	-1	0	0	1	
1.744e-08	870	-0.228065	-0.0672885	0.971318	0.0151258	0.0431402	-1	0	0	1	
1.748e-08	872	0.211738	0.9608	-0.178972	0.0420937	0.0416161	-1	0	0	1	
1.752e-08	874	-0.5857	0.499525	-0.638303	0.0798193	0.0460278	-1	0	0	1	
1.756e-08	876	0.352498	-0.0892433	-0.931547	0.0422525	0.0472602	-1	0	0	1	
1.76e-08	878	0.0797521	-0.386506	0.918832	0.0625769	0.0440085	-1	0	0	1	
1.764e-08	880	-0.3373	-0.322855	-0.884304	0.0455451	0.0511678	-1	0	0	1	
1.768e-08	882	0.239011	0.624557	0.743507	0.0399078	0.0538125	-1	0	0	1	
1.772e-08	884	0.398698	0.874659	0.275701	0.041044	0.0449789	-1	0	0	1	
1.776e-08	886	-0.227933	0.479701	-0.847309	0.0356937	0.0443147	-1	0	0	1	
1.78e-08	888	0.0430358	0.135591	-0.98983	0.0498081	0.0414493	-1	0	0	1	
1.784e-08	890	-0.815501	-0.569028	-0.105667	0.0453136	0.061146	-1	0	0	1	
1.788e-08	892	-0.175167	-0.808872	-0.561287	0.0900969	0.0514817	-1	0	0	1	
1.792e-08	894	-0.696376	0.397378	0.597621	0.0479209	0.0479742	-1	0	0	1	
1.796e-08	896	-0.857369	-0.358576	-0.369245	0.0222193	0.0408351	-1	0	0	1	
1.8e-08	898	0.601457	-0.672002	0.432045	0.0315446	0.0374693	-1	0	0	1	
1.804e-08	900	0.11709	-0.988498	0.0957191	0.0444039	0.0501537	-1	0	0	1	
