#----------------------------------------------------------------------------------------------------------------------------------------------------------
# Output file for vampire simulation
#   time       : 2022-02-14 05:01:38     process id : 44670
#   hostname   : compute-0-4.local
#   path       : /home/MINT_SS/luknam/BER/WS_dia5/Thickness9.0/size_5.0_5.0_9.0nm/Temp_900/random_1
#----------------------------------------------------------------------------------------------------------------------------------------------------------
4e-11	0	0	0	1	1	1	-1	0	0	1	
8e-11	2	0.001466	-0.00227807	0.999996	0.998944	0.998916	-1	0	0	1	
1.2e-10	4	-0.00287944	0.00335721	0.99999	0.997781	0.997827	-1	0	0	1	
1.6e-10	6	-0.0013028	0.00330965	0.999994	0.996716	0.996703	-1	0	0	1	
2e-10	8	-0.00154238	-0.00609406	0.99998	0.995689	0.99569	-1	0	0	1	
2.4e-10	10	0.00486368	-0.00329351	0.999983	0.994615	0.99464	-1	0	0	1	
2.8e-10	12	0.00066527	0.00387647	0.999992	0.993335	0.993501	-1	0	0	1	
3.2e-10	14	0.00813151	-0.0185173	0.999795	0.992557	0.992377	-1	0	0	1	
3.6e-10	16	-0.021757	-0.000953451	0.999763	0.991838	0.991384	-1	0	0	1	
4e-10	18	0.00552644	-0.0122403	0.99991	0.990233	0.990172	-1	0	0	1	
4.4e-10	20	-0.0174017	0.00260968	0.999845	0.989155	0.989254	-1	0	0	1	
4.8e-10	22	0.0169578	-2.14102e-05	0.999856	0.987885	0.987968	-1	0	0	1	
5.2e-10	24	0.011939	0.0112371	0.999866	0.986598	0.986809	-1	0	0	1	
5.6e-10	26	0.0178871	-0.00845282	0.999804	0.986399	0.985652	-1	0	0	1	
6e-10	28	0.0103481	-0.00128441	0.999946	0.983995	0.984635	-1	0	0	1	
6.4e-10	30	-0.00169812	-0.00495635	0.999986	0.983439	0.983628	-1	0	0	1	
6.8e-10	32	-0.00823745	0.004753	0.999955	0.982777	0.982457	-1	0	0	1	
7.2e-10	34	0.00820095	0.00848019	0.99993	0.982218	0.981531	-1	0	0	1	
7.6e-10	36	0.0137835	0.0172915	0.999755	0.980168	0.98029	-1	0	0	1	
8e-10	38	-0.0197631	0.0176298	0.999649	0.979299	0.979098	-1	0	0	1	
8.4e-10	40	-0.0031639	0.0104322	0.999941	0.978376	0.978236	-1	0	0	1	
8.8e-10	42	0.00920558	0.0083843	0.999922	0.976488	0.976762	-1	0	0	1	
9.2e-10	44	-0.0152699	-0.00577138	0.999867	0.976	0.975789	-1	0	0	1	
9.6e-10	46	0.0145278	0.0143207	0.999792	0.975641	0.974835	-1	0	0	1	
1e-09	48	-0.0110657	0.0107997	0.99988	0.97327	0.973419	-1	0	0	1	
1.04e-09	50	0.0371492	-0.00664124	0.999288	0.973241	0.972626	-1	0	0	1	
1.08e-09	52	-0.00170129	-0.013668	0.999905	0.971225	0.971286	-1	0	0	1	
1.12e-09	54	0.0173832	-0.0154891	0.999729	0.969926	0.96976	-1	0	0	1	
1.16e-09	56	0.0189577	-0.0158822	0.999694	0.96895	0.969085	-1	0	0	1	
1.2e-09	58	0.00205943	-0.016153	0.999867	0.966955	0.967592	-1	0	0	1	
1.24e-09	60	-0.00562852	0.00461973	0.999973	0.967331	0.967091	-1	0	0	1	
1.28e-09	62	-0.00365542	0.0108322	0.999935	0.965741	0.964955	-1	0	0	1	
1.32e-09	64	0.00117626	-0.0261526	0.999657	0.964605	0.964797	-1	0	0	1	
1.36e-09	66	0.00520221	-0.0022464	0.999984	0.96321	0.963294	-1	0	0	1	
1.4e-09	68	-0.0207636	-0.0142069	0.999683	0.960915	0.962408	-1	0	0	1	
1.44e-09	70	0.0205064	-0.00108251	0.999789	0.960961	0.961587	-1	0	0	1	
1.48e-09	72	0.0401738	-0.00305141	0.999188	0.960618	0.95971	-1	0	0	1	
1.52e-09	74	-0.00045124	0.00627352	0.99998	0.959848	0.959084	-1	0	0	1	
1.56e-09	76	0.023037	0.0162575	0.999602	0.956781	0.957611	-1	0	0	1	
1.6e-09	78	0.000356284	-0.00821048	0.999966	0.956249	0.956857	-1	0	0	1	
1.64e-09	80	0.00268296	-0.0300194	0.999546	0.954381	0.95559	-1	0	0	1	
1.68e-09	82	-0.001598	0.00206314	0.999997	0.954232	0.95391	-1	0	0	1	
1.72e-09	84	-0.00122576	-0.0232758	0.999728	0.954891	0.953105	-1	0	0	1	
1.76e-09	86	0.000305342	-0.016385	0.999866	0.953122	0.952563	-1	0	0	1	
1.8e-09	88	0.0225934	-0.0417098	0.998874	0.948712	0.950297	-1	0	0	1	
1.84e-09	90	0.0118161	-0.00207299	0.999928	0.950845	0.949772	-1	0	0	1	
1.88e-09	92	-0.0259642	-0.00354002	0.999657	0.947053	0.948175	-1	0	0	1	
1.92e-09	94	0.0102599	0.0142724	0.999846	0.945627	0.946807	-1	0	0	1	
1.96e-09	96	0.0146658	-0.0114394	0.999827	0.945137	0.946209	-1	0	0	1	
2e-09	98	-0.00523365	0.0141651	0.999886	0.944575	0.94409	-1	0	0	1	
2.04e-09	100	0.0371388	0.00658329	0.999288	0.943218	0.942771	-1	0	0	1	
2.08e-09	102	-0.0138444	-0.00161612	0.999903	0.944105	0.942765	-1	0	0	1	
2.12e-09	104	-0.00547902	0.00154737	0.999984	0.939027	0.941483	-1	0	0	1	
2.16e-09	106	-0.0184487	0.0181094	0.999666	0.938794	0.939526	-1	0	0	1	
2.2e-09	108	0.00230169	-0.0500015	0.998746	0.940189	0.938481	-1	0	0	1	
2.24e-09	110	-0.0166327	0.00301167	0.999857	0.937372	0.937249	-1	0	0	1	
2.28e-09	112	0.0308344	0.0183874	0.999355	0.935099	0.936292	-1	0	0	1	
2.32e-09	114	0.0201497	0.0328386	0.999258	0.934951	0.935792	-1	0	0	1	
2.36e-09	116	-0.00295105	-0.0040575	0.999987	0.930443	0.933765	-1	0	0	1	
2.4e-09	118	0.00905152	-0.0195524	0.999768	0.93322	0.933132	-1	0	0	1	
2.44e-09	120	-0.0351702	0.0152123	0.999266	0.930102	0.931565	-1	0	0	1	
2.48e-09	122	-0.00775843	-0.0105506	0.999914	0.929898	0.931004	-1	0	0	1	
2.52e-09	124	-0.00740658	0.0130409	0.999888	0.928735	0.92904	-1	0	0	1	
2.56e-09	126	-0.0239127	-0.00524059	0.9997	0.928623	0.928551	-1	0	0	1	
2.6e-09	128	0.00269358	-0.0153736	0.999878	0.926693	0.928137	-1	0	0	1	
2.64e-09	130	-0.000264235	-0.0173585	0.999849	0.923659	0.926409	-1	0	0	1	
2.68e-09	132	-0.00473829	-0.0543928	0.998508	0.92418	0.923893	-1	0	0	1	
2.72e-09	134	-0.00826401	-0.0166689	0.999827	0.921741	0.922187	-1	0	0	1	
2.76e-09	136	-0.0308247	-0.0139665	0.999427	0.921828	0.922041	-1	0	0	1	
2.8e-09	138	-0.00164133	0.0322335	0.999479	0.922114	0.92095	-1	0	0	1	
2.84e-09	140	0.0386879	0.0144962	0.999146	0.919149	0.91971	-1	0	0	1	
2.88e-09	142	0.0568484	-0.0412656	0.99753	0.917808	0.917868	-1	0	0	1	
2.92e-09	144	0.0113848	0.0350081	0.999322	0.920295	0.917598	-1	0	0	1	
2.96e-09	146	-0.0240284	0.0119914	0.999639	0.914478	0.916941	-1	0	0	1	
3e-09	148	-0.0352061	0.0457382	0.998333	0.915829	0.914757	-1	0	0	1	
3.04e-09	150	-0.0390846	0.004523	0.999226	0.91109	0.913302	-1	0	0	1	
3.08e-09	152	0.0208432	-0.00261029	0.999779	0.912966	0.911477	-1	0	0	1	
3.12e-09	154	0.0631194	-0.0744334	0.995226	0.90855	0.910046	-1	0	0	1	
3.16e-09	156	0.0412883	-0.0587474	0.997419	0.909188	0.910148	-1	0	0	1	
3.2e-09	158	0.0824754	-0.0240418	0.996303	0.904691	0.907535	-1	0	0	1	
3.24e-09	160	0.000432257	-0.0564732	0.998404	0.90665	0.906872	-1	0	0	1	
3.28e-09	162	0.028296	-0.0837342	0.996086	0.903704	0.906166	-1	0	0	1	
3.32e-09	164	0.0776251	0.0302099	0.996525	0.906827	0.904651	-1	0	0	1	
3.36e-09	166	0.0312359	0.0428607	0.998593	0.899311	0.90195	-1	0	0	1	
3.4e-09	168	0.0181477	0.0055806	0.99982	0.905776	0.903093	-1	0	0	1	
3.44e-09	170	0.0270064	0.0427687	0.99872	0.90025	0.900258	-1	0	0	1	
3.48e-09	172	-0.0108979	0.00448554	0.999931	0.899823	0.900631	-1	0	0	1	
3.52e-09	174	0.048076	-0.0607828	0.996993	0.901111	0.897309	-1	0	0	1	
3.56e-09	176	-0.0196314	-0.0259933	0.999469	0.895782	0.895346	-1	0	0	1	
3.6e-09	178	0.0134685	0.047642	0.998774	0.898321	0.896503	-1	0	0	1	
3.64e-09	180	-0.0223939	0.00850359	0.999713	0.896485	0.895029	-1	0	0	1	
3.68e-09	182	0.0239023	0.0262375	0.99937	0.895885	0.89343	-1	0	0	1	
3.72e-09	184	-0.00340793	-0.00841842	0.999959	0.891949	0.89216	-1	0	0	1	
3.76e-09	186	-0.01666	-0.00795304	0.99983	0.889791	0.890975	-1	0	0	1	
3.8e-09	188	-0.0243727	-0.0269653	0.999339	0.891366	0.891115	-1	0	0	1	
3.84e-09	190	0.0235464	-0.0264795	0.999372	0.882853	0.888141	-1	0	0	1	
3.88e-09	192	0.00471001	0.0292489	0.999561	0.883068	0.886716	-1	0	0	1	
3.92e-09	194	-0.00960406	0.0165328	0.999817	0.890917	0.885427	-1	0	0	1	
3.96e-09	196	0.0178315	0.0210383	0.99962	0.887848	0.884448	-1	0	0	1	
4e-09	198	-0.0857226	0.0537008	0.994871	0.883668	0.881182	-1	0	0	1	
4.04e-09	200	0.00812704	0.0229759	0.999703	0.883768	0.881894	-1	0	0	1	
4.08e-09	202	0.0608266	-0.0363648	0.997486	0.881204	0.880869	-1	0	0	1	
4.12e-09	204	0.0114075	-0.0341988	0.99935	0.879016	0.87838	-1	0	0	1	
4.16e-09	206	0.0215501	-0.00935396	0.999724	0.881651	0.876464	-1	0	0	1	
4.2e-09	208	-0.00652124	0.0263275	0.999632	0.880053	0.875495	-1	0	0	1	
4.24e-09	210	0.0339332	0.0442061	0.998446	0.874192	0.875221	-1	0	0	1	
4.28e-09	212	0.01515	-0.0375092	0.999181	0.877022	0.873366	-1	0	0	1	
4.32e-09	214	-0.0127079	0.00699231	0.999895	0.874201	0.87115	-1	0	0	1	
4.36e-09	216	0.0129761	-0.00325057	0.999911	0.873316	0.870406	-1	0	0	1	
4.4e-09	218	0.007081	-0.0617318	0.998068	0.868921	0.869666	-1	0	0	1	
4.44e-09	220	-0.0211573	0.00196659	0.999774	0.870199	0.868053	-1	0	0	1	
4.48e-09	222	0.0552715	0.0597806	0.99668	0.865906	0.864568	-1	0	0	1	
4.52e-09	224	-0.0345115	0.0872369	0.99559	0.862303	0.865559	-1	0	0	1	
4.56e-09	226	0.0182534	-0.00456161	0.999823	0.86114	0.862267	-1	0	0	1	
4.6e-09	228	-0.00264058	0.0336011	0.999432	0.85731	0.862479	-1	0	0	1	
4.64e-09	230	-0.0145493	0.0164582	0.999759	0.860063	0.861932	-1	0	0	1	
4.68e-09	232	-0.020195	-0.01786	0.999637	0.85625	0.859834	-1	0	0	1	
4.72e-09	234	-0.0291	0.0134642	0.999486	0.858991	0.857639	-1	0	0	1	
4.76e-09	236	0.0443728	-0.0233173	0.998743	0.861334	0.858176	-1	0	0	1	
4.8e-09	238	0.00320829	-0.0385706	0.999251	0.854025	0.856721	-1	0	0	1	
4.84e-09	240	-0.0482122	-0.0283845	0.998434	0.858691	0.857033	-1	0	0	1	
4.88e-09	242	0.00806536	0.0410261	0.999126	0.850776	0.851342	-1	0	0	1	
4.92e-09	244	-0.0489993	0.00935104	0.998755	0.850778	0.850987	-1	0	0	1	
4.96e-09	246	-0.0342469	-0.0170485	0.999268	0.845056	0.845699	-1	0	0	1	
5e-09	248	-0.0440406	-0.039035	0.998267	0.847469	0.846605	-1	0	0	1	
5.04e-09	250	0.0456754	-0.0200468	0.998755	0.845059	0.846527	-1	0	0	1	
5.08e-09	252	-0.128839	-0.0204846	0.991454	0.843063	0.844049	-1	0	0	1	
5.12e-09	254	-0.0465191	-0.0182502	0.998751	0.84639	0.845526	-1	0	0	1	
5.16e-09	256	-0.0276553	0.0450465	0.998602	0.844783	0.839729	-1	0	0	1	
5.2e-09	258	-0.0354505	-0.0605445	0.997536	0.843822	0.841858	-1	0	0	1	
5.24e-09	260	0.123318	0.0648436	0.990246	0.838982	0.839399	-1	0	0	1	
5.28e-09	262	0.00597162	-0.0157053	0.999859	0.842001	0.837519	-1	0	0	1	
5.32e-09	264	0.00589896	0.0286973	0.999571	0.837793	0.836148	-1	0	0	1	
5.36e-09	266	-0.0565257	0.0210396	0.998179	0.832216	0.83419	-1	0	0	1	
5.4e-09	268	-0.0605516	-0.00112355	0.998164	0.839236	0.836577	-1	0	0	1	
5.44e-09	270	-0.00216213	-0.100988	0.994885	0.836417	0.833655	-1	0	0	1	
5.48e-09	272	0.0303017	-0.0173568	0.99939	0.834881	0.830131	-1	0	0	1	
5.52e-09	274	-0.0154052	0.00753809	0.999853	0.829969	0.828597	-1	0	0	1	
5.56e-09	276	0.0154912	0.0608137	0.998029	0.82679	0.827079	-1	0	0	1	
5.6e-09	278	0.0242826	-0.000235292	0.999705	0.832946	0.827263	-1	0	0	1	
5.64e-09	280	-0.0150154	0.0147773	0.999778	0.826042	0.824514	-1	0	0	1	
5.68e-09	282	-0.0058944	-0.00894692	0.999943	0.824312	0.821915	-1	0	0	1	
5.72e-09	284	0.027055	-0.101955	0.994421	0.819675	0.820182	-1	0	0	1	
5.76e-09	286	0.0226241	-0.0103305	0.999691	0.82125	0.821433	-1	0	0	1	
5.8e-09	288	0.0102869	-0.019662	0.999754	0.813466	0.817321	-1	0	0	1	
5.84e-09	290	0.0699531	-0.0144651	0.997445	0.820664	0.818824	-1	0	0	1	
5.88e-09	292	-0.0216461	0.0826063	0.996347	0.820337	0.814041	-1	0	0	1	
5.92e-09	294	0.015021	-0.107683	0.994072	0.817162	0.814346	-1	0	0	1	
5.96e-09	296	0.010113	0.108848	0.994007	0.812639	0.814286	-1	0	0	1	
6e-09	298	0.0461151	-0.0131914	0.998849	0.805876	0.81021	-1	0	0	1	
6.04e-09	300	0.0523846	0.0307657	0.998153	0.807261	0.810066	-1	0	0	1	
6.08e-09	302	-0.00142598	0.0150373	0.999886	0.810606	0.806958	-1	0	0	1	
6.12e-09	304	-0.0318648	-0.0996519	0.994512	0.795969	0.807004	-1	0	0	1	
6.16e-09	306	-0.0257231	-0.0411332	0.998823	0.804366	0.806847	-1	0	0	1	
6.2e-09	308	0.0511965	0.0725319	0.996051	0.802939	0.804458	-1	0	0	1	
6.24e-09	310	0.0524804	0.0468512	0.997522	0.814863	0.805302	-1	0	0	1	
6.28e-09	312	0.00666969	-0.0369745	0.999294	0.796751	0.801505	-1	0	0	1	
6.32e-09	314	-0.0280305	-0.0625502	0.997648	0.795223	0.797981	-1	0	0	1	
6.36e-09	316	0.0883327	0.0891432	0.992094	0.805651	0.798806	-1	0	0	1	
6.4e-09	318	-0.0440798	0.0040172	0.99902	0.795228	0.796437	-1	0	0	1	
6.44e-09	320	0.0552019	0.0383955	0.997737	0.790499	0.792554	-1	0	0	1	
6.48e-09	322	0.00373768	0.0298409	0.999548	0.79732	0.793414	-1	0	0	1	
6.52e-09	324	-0.0776826	-0.0127428	0.996897	0.786654	0.792711	-1	0	0	1	
6.56e-09	326	0.0096784	0.0117453	0.999884	0.782013	0.78683	-1	0	0	1	
6.6e-09	328	-0.0755523	0.0671229	0.99488	0.7886	0.78722	-1	0	0	1	
6.64e-09	330	-0.0108351	-0.0350784	0.999326	0.782629	0.785921	-1	0	0	1	
6.68e-09	332	0.076979	0.0125516	0.996954	0.794257	0.790114	-1	0	0	1	
6.72e-09	334	0.0271159	0.100912	0.994526	0.789116	0.783374	-1	0	0	1	
6.76e-09	336	0.0474791	-0.00230137	0.99887	0.781746	0.784745	-1	0	0	1	
6.8e-09	338	0.0169582	0.0297643	0.999413	0.783151	0.781804	-1	0	0	1	
6.84e-09	340	0.0513475	-0.0134222	0.998591	0.786296	0.780204	-1	0	0	1	
6.88e-09	342	0.0770455	-0.061919	0.995103	0.779395	0.777896	-1	0	0	1	
6.92e-09	344	-0.0653334	0.0102002	0.997811	0.784477	0.778389	-1	0	0	1	
6.96e-09	346	0.025019	0.0151418	0.999572	0.782632	0.774107	-1	0	0	1	
7e-09	348	0.0635019	-0.0544234	0.996497	0.775434	0.773068	-1	0	0	1	
7.04e-09	350	0.000730663	0.0578746	0.998324	0.76099	0.76985	-1	0	0	1	
7.08e-09	352	0.0434588	-0.099433	0.994095	0.771211	0.770332	-1	0	0	1	
7.12e-09	354	-0.0116044	-0.0549112	0.998424	0.767611	0.767533	-1	0	0	1	
7.16e-09	356	-0.00592917	-0.0531786	0.998567	0.773603	0.768206	-1	0	0	1	
7.2e-09	358	-0.00742804	0.0928666	0.995651	0.771223	0.763332	-1	0	0	1	
7.24e-09	360	0.0315944	-0.0384921	0.998759	0.761621	0.758595	-1	0	0	1	
7.28e-09	362	0.000833428	0.0388312	0.999245	0.766698	0.758056	-1	0	0	1	
7.32e-09	364	-0.071556	0.0242746	0.997141	0.764386	0.760579	-1	0	0	1	
7.36e-09	366	-0.0660469	0.0689951	0.995428	0.750913	0.75622	-1	0	0	1	
7.4e-09	368	-0.0865363	-0.0239657	0.99596	0.761295	0.756649	-1	0	0	1	
7.44e-09	370	-0.0945005	-0.0345098	0.994926	0.744768	0.755633	-1	0	0	1	
7.48e-09	372	0.0704041	0.00632975	0.997498	0.754428	0.751165	-1	0	0	1	
7.52e-09	374	-0.0684388	0.0860697	0.993936	0.738582	0.747221	-1	0	0	1	
7.56e-09	376	0.000232202	0.0529788	0.998596	0.739635	0.745252	-1	0	0	1	
7.6e-09	378	-0.00761125	0.0319839	0.999459	0.746592	0.747213	-1	0	0	1	
7.64e-09	380	-0.0350579	-0.00962976	0.999339	0.741256	0.7436	-1	0	0	1	
7.68e-09	382	0.0654969	0.0331281	0.997303	0.735597	0.741946	-1	0	0	1	
7.72e-09	384	-0.0375214	-0.0706437	0.996796	0.750161	0.73994	-1	0	0	1	
7.76e-09	386	0.0556488	0.0645391	0.996362	0.738696	0.73586	-1	0	0	1	
7.8e-09	388	0.0478803	0.0560098	0.997281	0.740795	0.737236	-1	0	0	1	
7.84e-09	390	-0.0806806	0.121635	0.98929	0.730378	0.732999	-1	0	0	1	
7.88e-09	392	0.057436	-0.0739359	0.995608	0.749261	0.737008	-1	0	0	1	
7.92e-09	394	-0.142182	0.0266684	0.989481	0.73206	0.729482	-1	0	0	1	
7.96e-09	396	-0.0456484	-0.0834695	0.995464	0.719042	0.727731	-1	0	0	1	
8e-09	398	0.0201444	-0.164376	0.986192	0.709007	0.725008	-1	0	0	1	
8.04e-09	400	0.0178628	-0.00464416	0.99983	0.72073	0.721902	-1	0	0	1	
8.08e-09	402	0.0177401	-0.068533	0.997491	0.720183	0.722364	-1	0	0	1	
8.12e-09	404	0.0782075	0.0319232	0.996426	0.713689	0.720642	-1	0	0	1	
8.16e-09	406	-0.10018	0.0772756	0.991964	0.731206	0.722735	-1	0	0	1	
8.2e-09	408	0.0403325	-0.0674146	0.99691	0.721394	0.722608	-1	0	0	1	
8.24e-09	410	-0.012292	0.0696845	0.997493	0.71524	0.715805	-1	0	0	1	
8.28e-09	412	0.000487566	0.0673627	0.997728	0.712672	0.716475	-1	0	0	1	
8.32e-09	414	-0.0667569	0.0860441	0.994052	0.726905	0.715237	-1	0	0	1	
8.36e-09	416	-0.0856343	0.0342657	0.995737	0.71701	0.706914	-1	0	0	1	
8.4e-09	418	0.02091	0.0682152	0.997451	0.70067	0.70497	-1	0	0	1	
8.44e-09	420	0.0175457	0.105402	0.994275	0.70828	0.710247	-1	0	0	1	
8.48e-09	422	0.0225203	-0.0610245	0.997882	0.712314	0.70014	-1	0	0	1	
8.52e-09	424	0.0882723	-0.0509819	0.994791	0.692209	0.703529	-1	0	0	1	
8.56e-09	426	-0.0455634	0.0125908	0.998882	0.706273	0.694891	-1	0	0	1	
8.6e-09	428	0.0524754	-0.0139583	0.998525	0.689544	0.696986	-1	0	0	1	
8.64e-09	430	-0.0797045	-0.0451744	0.995794	0.699655	0.694837	-1	0	0	1	
8.68e-09	432	-0.014636	-0.10957	0.993871	0.687192	0.693415	-1	0	0	1	
8.72e-09	434	-0.00720586	0.0894891	0.995962	0.692387	0.688976	-1	0	0	1	
8.76e-09	436	-0.0822415	0.0567422	0.994996	0.703931	0.694774	-1	0	0	1	
8.8e-09	438	0.0665016	-0.0676663	0.995489	0.675385	0.685304	-1	0	0	1	
8.84e-09	440	0.0233754	-0.0144821	0.999622	0.679686	0.685693	-1	0	0	1	
8.88e-09	442	-0.0446085	-0.00554393	0.998989	0.689321	0.680751	-1	0	0	1	
8.92e-09	444	-0.0558355	0.0421584	0.99755	0.689836	0.684747	-1	0	0	1	
8.96e-09	446	0.0463298	-0.0613006	0.997044	0.680284	0.674929	-1	0	0	1	
9e-09	448	-0.0524586	0.0568711	0.997002	0.675162	0.678209	-1	0	0	1	
9.04e-09	450	0.144416	-0.0703595	0.987012	0.658652	0.673012	-1	0	0	1	
9.08e-09	452	-0.0216517	-0.00643712	0.999745	0.682575	0.676623	-1	0	0	1	
9.12e-09	454	0.0226565	0.109087	0.993774	0.670103	0.661035	-1	0	0	1	
9.16e-09	456	-0.119036	0.117615	0.985899	0.663531	0.665967	-1	0	0	1	
9.2e-09	458	0.0884863	-0.133827	0.987046	0.67002	0.666655	-1	0	0	1	
9.24e-09	460	-0.0416859	0.0297826	0.998687	0.659036	0.665914	-1	0	0	1	
9.28e-09	462	0.0296339	0.016938	0.999417	0.651239	0.658108	-1	0	0	1	
9.32e-09	464	-0.0846033	-0.0522863	0.995042	0.633636	0.651544	-1	0	0	1	
9.36e-09	466	0.0603704	0.0929157	0.993842	0.666413	0.657686	-1	0	0	1	
9.4e-09	468	-0.00814284	0.0122677	0.999892	0.657688	0.659915	-1	0	0	1	
9.44e-09	470	-0.10192	0.0697023	0.992348	0.654563	0.660347	-1	0	0	1	
9.48e-09	472	0.0234134	-0.00856905	0.999689	0.625455	0.652041	-1	0	0	1	
9.52e-09	474	0.104002	0.0610544	0.992701	0.651595	0.646952	-1	0	0	1	
9.56e-09	476	0.147878	0.0480426	0.987838	0.628998	0.640293	-1	0	0	1	
9.6e-09	478	0.115464	0.011423	0.993246	0.643227	0.638397	-1	0	0	1	
9.64e-09	480	0.0247388	0.156562	0.987358	0.652663	0.641846	-1	0	0	1	
9.68e-09	482	-0.000316203	-0.0823048	0.996607	0.638737	0.644025	-1	0	0	1	
9.72e-09	484	-0.0878906	-0.10614	0.990459	0.631586	0.637699	-1	0	0	1	
9.76e-09	486	-0.0183661	0.0564328	0.998237	0.624915	0.632121	-1	0	0	1	
9.8e-09	488	-0.115179	0.127362	0.985146	0.63501	0.625493	-1	0	0	1	
9.84e-09	490	0.0249599	-0.0705131	0.997199	0.610347	0.629908	-1	0	0	1	
9.88e-09	492	-0.0486391	-0.06432	0.996743	0.627346	0.627496	-1	0	0	1	
9.92e-09	494	-0.02052	-0.00169522	0.999788	0.617126	0.625807	-1	0	0	1	
9.96e-09	496	0.00836346	-0.0182931	0.999798	0.624868	0.619141	-1	0	0	1	
1e-08	498	-0.0413164	-0.0646492	0.997052	0.602752	0.61346	-1	0	0	1	
1.004e-08	500	-0.125714	0.000582729	0.992066	0.607551	0.61399	-1	0	0	1	
1.008e-08	502	0.0660625	-0.107549	0.992002	0.611927	0.61233	-1	0	0	1	
1.012e-08	504	0.117907	-0.157051	0.980527	0.597628	0.607911	-1	0	0	1	
1.016e-08	506	-0.173787	0.0459267	0.983712	0.611266	0.606514	-1	0	0	1	
1.02e-08	508	0.049508	0.0342137	0.998188	0.596203	0.606787	-1	0	0	1	
1.024e-08	510	-0.0119907	0.175629	0.984383	0.589302	0.596713	-1	0	0	1	
1.028e-08	512	-0.0725678	-0.0498451	0.996117	0.579107	0.59453	-1	0	0	1	
1.032e-08	514	-0.100732	0.00663954	0.994891	0.619852	0.59902	-1	0	0	1	
1.036e-08	516	-0.0310138	0.105469	0.993939	0.596956	0.599183	-1	0	0	1	
1.04e-08	518	-0.151415	0.0369111	0.987781	0.585802	0.590916	-1	0	0	1	
1.044e-08	520	0.0249453	0.0890046	0.995719	0.592941	0.586229	-1	0	0	1	
1.048e-08	522	-0.0305828	-0.154279	0.987554	0.583547	0.588497	-1	0	0	1	
1.052e-08	524	0.107617	0.259656	0.959686	0.577675	0.577218	-1	0	0	1	
1.056e-08	526	0.170646	0.0705065	0.982807	0.586916	0.576422	-1	0	0	1	
1.06e-08	528	-0.100382	0.0935889	0.990538	0.566781	0.580358	-1	0	0	1	
1.064e-08	530	0.0935658	0.0295405	0.995175	0.568793	0.574213	-1	0	0	1	
1.068e-08	532	0.0540671	-0.0449629	0.997524	0.567734	0.571463	-1	0	0	1	
1.072e-08	534	0.0345201	-0.0213654	0.999176	0.575682	0.560072	-1	0	0	1	
1.076e-08	536	0.178407	0.0853617	0.980247	0.57484	0.569692	-1	0	0	1	
1.08e-08	538	-0.0352494	-0.0506556	0.998094	0.555659	0.560017	-1	0	0	1	
1.084e-08	540	-0.0135942	0.355461	0.934592	0.545117	0.548921	-1	0	0	1	
1.088e-08	542	-0.0344034	0.129396	0.990996	0.528781	0.543555	-1	0	0	1	
1.092e-08	544	0.0343704	0.0673436	0.997138	0.552475	0.545913	-1	0	0	1	
1.096e-08	546	0.0985691	-0.324428	0.940761	0.554738	0.556052	-1	0	0	1	
1.1e-08	548	0.039402	0.0612913	0.997342	0.572604	0.547148	-1	0	0	1	
1.104e-08	550	-0.140876	-0.148956	0.978758	0.558642	0.545075	-1	0	0	1	
1.108e-08	552	-0.00663272	-0.086496	0.99623	0.581471	0.541628	-1	0	0	1	
1.112e-08	554	0.0100394	0.14384	0.98955	0.533467	0.524541	-1	0	0	1	
1.116e-08	556	-0.0633491	-0.243953	0.967716	0.50735	0.531419	-1	0	0	1	
1.12e-08	558	-0.157413	-0.0677327	0.985207	0.54008	0.530934	-1	0	0	1	
1.124e-08	560	0.128191	0.143494	0.981314	0.489057	0.527909	-1	0	0	1	
1.128e-08	562	-0.00422957	-0.00317878	0.999986	0.51101	0.533873	-1	0	0	1	
1.132e-08	564	-0.139036	-0.064485	0.988186	0.525086	0.515275	-1	0	0	1	
1.136e-08	566	0.120704	0.0266938	0.99233	0.475397	0.514528	-1	0	0	1	
1.14e-08	568	0.0175534	0.0345673	0.999248	0.513733	0.520052	-1	0	0	1	
1.144e-08	570	-0.0108139	-0.333844	0.942566	0.502182	0.508199	-1	0	0	1	
1.148e-08	572	0.314763	0.203088	0.927189	0.490748	0.509225	-1	0	0	1	
1.152e-08	574	0.0588512	0.0724949	0.995631	0.50229	0.501683	-1	0	0	1	
1.156e-08	576	-0.0955459	-0.0008081	0.995425	0.514617	0.498668	-1	0	0	1	
1.16e-08	578	0.265483	0.09151	0.959763	0.467322	0.485152	-1	0	0	1	
1.164e-08	580	0.218615	0.188572	0.957417	0.480049	0.486828	-1	0	0	1	
1.168e-08	582	-0.0192828	-0.0215609	0.999582	0.488351	0.487384	-1	0	0	1	
1.172e-08	584	-0.0824495	-0.0530549	0.995182	0.461213	0.485191	-1	0	0	1	
1.176e-08	586	-0.0374265	0.0311708	0.998813	0.470279	0.487931	-1	0	0	1	
1.18e-08	588	0.0395604	0.00453743	0.999207	0.48105	0.469642	-1	0	0	1	
1.184e-08	590	0.141945	-0.0537736	0.988413	0.469537	0.473238	-1	0	0	1	
1.188e-08	592	-0.204262	0.0203682	0.978704	0.459136	0.456395	-1	0	0	1	
1.192e-08	594	0.0415762	-0.262178	0.964124	0.455731	0.461175	-1	0	0	1	
1.196e-08	596	0.0278068	-0.192089	0.980984	0.423298	0.449299	-1	0	0	1	
1.2e-08	598	0.576507	0.260227	0.774546	0.410878	0.43651	-1	0	0	1	
1.204e-08	600	-0.0844631	-0.0602289	0.994605	0.449057	0.424411	-1	0	0	1	
1.208e-08	602	0.0449014	-0.111491	0.992751	0.435147	0.442547	-1	0	0	1	
1.212e-08	604	0.0481301	-0.0716523	0.996268	0.461009	0.438333	-1	0	0	1	
1.216e-08	606	-0.0107546	0.0227582	0.999683	0.444194	0.433216	-1	0	0	1	
1.22e-08	608	-0.0212796	-0.0284049	0.99937	0.44653	0.414314	-1	0	0	1	
1.224e-08	610	-0.023513	0.214712	0.976394	0.442274	0.419467	-1	0	0	1	
1.228e-08	612	0.198345	0.150297	0.96854	0.419858	0.419299	-1	0	0	1	
1.232e-08	614	-0.935242	-0.305219	0.179344	0.315958	0.403041	-1	0	0	1	
1.236e-08	616	0.00690558	0.226927	-0.973887	0.460793	0.442516	-1	0	0	1	
1.24e-08	618	0.319929	-0.0693256	-0.944902	0.42218	0.420144	-1	0	0	1	
1.244e-08	620	0.164127	0.0370655	-0.985743	0.437712	0.422481	-1	0	0	1	
1.248e-08	622	-0.137198	0.164271	-0.976827	0.418175	0.421086	-1	0	0	1	
1.252e-08	624	0.0355498	-0.0626664	-0.997401	0.40129	0.412599	-1	0	0	1	
1.256e-08	626	0.00708855	0.085184	-0.99634	0.393155	0.405704	-1	0	0	1	
1.26e-08	628	-0.329697	-0.102191	-0.93854	0.382672	0.399055	-1	0	0	1	
1.264e-08	630	0.0671736	-0.186037	-0.980244	0.407764	0.40539	-1	0	0	1	
1.268e-08	632	-0.0453565	0.0575864	-0.99731	0.329558	0.392961	-1	0	0	1	
1.272e-08	634	0.145209	0.0649295	-0.987268	0.387563	0.387664	-1	0	0	1	
1.276e-08	636	-0.0212085	0.154433	-0.987776	0.411791	0.387252	-1	0	0	1	
1.28e-08	638	0.356962	0.256349	-0.898256	0.393668	0.385134	-1	0	0	1	
1.284e-08	640	-0.0139848	-0.254661	-0.966929	0.384805	0.374497	-1	0	0	1	
1.288e-08	642	0.166456	-0.187179	-0.96812	0.375381	0.369756	-1	0	0	1	
1.292e-08	644	-0.133455	0.054192	-0.989572	0.391587	0.366655	-1	0	0	1	
1.296e-08	646	-0.0188468	0.118243	-0.992806	0.365237	0.354588	-1	0	0	1	
1.3e-08	648	-0.0755033	-0.118911	-0.99003	0.312232	0.330775	-1	0	0	1	
1.304e-08	650	0.0149106	-0.26281	-0.964732	0.307245	0.33772	-1	0	0	1	
1.308e-08	652	0.133071	-0.200591	-0.970595	0.361649	0.344782	-1	0	0	1	
1.312e-08	654	-0.102271	-0.097594	-0.989958	0.341477	0.340646	-1	0	0	1	
1.316e-08	656	-0.144917	0.0719182	-0.986827	0.361916	0.335213	-1	0	0	1	
1.32e-08	658	0.050391	0.180338	-0.982313	0.269951	0.315275	-1	0	0	1	
1.324e-08	660	-0.431271	-0.0947285	-0.897236	0.334063	0.298504	-1	0	0	1	
1.328e-08	662	-0.406783	0.410365	-0.816167	0.244408	0.294941	-1	0	0	1	
1.332e-08	664	0.127814	0.202538	-0.970898	0.290583	0.287111	-1	0	0	1	
1.336e-08	666	0.0628338	0.164231	-0.984419	0.294903	0.294829	-1	0	0	1	
1.34e-08	668	0.0838683	0.134401	-0.987372	0.316237	0.287313	-1	0	0	1	
1.344e-08	670	-0.209386	0.00832296	-0.977798	0.311464	0.291269	-1	0	0	1	
1.348e-08	672	-0.0506191	0.321497	-0.945557	0.318831	0.27299	-1	0	0	1	
1.352e-08	674	0.101534	-0.0219675	-0.99459	0.316988	0.28276	-1	0	0	1	
1.356e-08	676	-0.470096	-0.677124	-0.566138	0.156318	0.26698	-1	0	0	1	
1.36e-08	678	-0.495648	-0.181181	-0.849415	0.25678	0.230874	-1	0	0	1	
1.364e-08	680	-0.199365	0.204713	-0.958304	0.300192	0.250262	-1	0	0	1	
1.368e-08	682	0.095416	-0.0270304	-0.99507	0.234764	0.225203	-1	0	0	1	
1.372e-08	684	-0.334737	-0.0476607	-0.941106	0.27265	0.235074	-1	0	0	1	
1.376e-08	686	-0.181148	0.40494	-0.896219	0.226496	0.193744	-1	0	0	1	
1.38e-08	688	0.252602	-0.0462627	-0.966464	0.211293	0.210167	-1	0	0	1	
1.384e-08	690	0.280298	-0.0659351	-0.957646	0.216967	0.188434	-1	0	0	1	
1.388e-08	692	0.363079	0.352792	-0.862387	0.137426	0.177957	-1	0	0	1	
1.392e-08	694	-0.999122	0.0407498	-0.00976654	0.123491	0.166856	-1	0	0	1	
1.396e-08	696	-0.36723	-0.153236	-0.917421	0.184129	0.186464	-1	0	0	1	
1.4e-08	698	-0.149808	-0.470019	-0.86985	0.199066	0.192701	-1	0	0	1	
1.404e-08	700	0.0319944	-0.333033	-0.942372	0.144996	0.160854	-1	0	0	1	
1.408e-08	702	0.379719	0.770727	-0.511658	0.200679	0.145138	-1	0	0	1	
1.412e-08	704	0.992629	0.0468825	-0.111761	0.13746	0.129666	-1	0	0	1	
1.416e-08	706	-0.0654454	0.676589	-0.733447	0.150172	0.145731	-1	0	0	1	
1.42e-08	708	-0.314739	-0.0145406	-0.949067	0.204308	0.149711	-1	0	0	1	
1.424e-08	710	-0.0038151	-0.076304	-0.997077	0.13864	0.126686	-1	0	0	1	
1.428e-08	712	-0.647488	0.39685	-0.650591	0.0447479	0.109866	-1	0	0	1	
1.432e-08	714	0.713846	0.683173	-0.153944	0.164602	0.12053	-1	0	0	1	
1.436e-08	716	-0.129583	0.484972	-0.864876	0.119849	0.128476	-1	0	0	1	
1.44e-08	718	-0.623145	0.723216	-0.29774	0.0801024	0.116943	-1	0	0	1	
1.444e-08	720	0.996621	0.0678238	0.0463397	0.0759588	0.0969859	-1	0	0	1	
1.448e-08	722	0.348757	0.818721	-0.456141	0.0469272	0.0936888	-1	0	0	1	
1.452e-08	724	-0.189546	0.246452	-0.950439	0.138836	0.104385	-1	0	0	1	
1.456e-08	726	-0.393782	0.877563	0.273531	0.069436	0.0888728	-1	0	0	1	
1.46e-08	728	-0.61006	-0.524128	0.594236	0.0155487	0.0697465	-1	0	0	1	
1.464e-08	730	-0.554662	-0.220473	0.802335	0.0554724	0.0656836	-1	0	0	1	
1.468e-08	732	0.627984	0.314805	-0.711712	0.0800543	0.0760097	-1	0	0	1	
1.472e-08	734	-0.231115	-0.703342	0.672232	0.0401118	0.0711932	-1	0	0	1	
1.476e-08	736	-0.614849	-0.608511	-0.501673	0.128214	0.0816496	-1	0	0	1	
1.48e-08	738	-0.861112	-0.479821	-0.168101	0.0497693	0.069061	-1	0	0	1	
1.484e-08	740	0.150069	0.777951	-0.61014	0.0754618	0.0640719	-1	0	0	1	
1.488e-08	742	0.728937	0.0276167	-0.684023	0.0572158	0.0765296	-1	0	0	1	
1.492e-08	744	0.0276475	0.0166551	-0.999479	0.056001	0.0766601	-1	0	0	1	
1.496e-08	746	-0.0653364	0.992508	-0.103243	0.0513776	0.0722491	-1	0	0	1	
1.5e-08	748	-0.333388	-0.937268	0.10189	0.0500299	0.0541156	-1	0	0	1	
1.504e-08	750	0.928528	0.271961	-0.252732	0.0551551	0.0682718	-1	0	0	1	
1.508e-08	752	0.128405	-0.0248044	-0.991412	0.116708	0.0773101	-1	0	0	1	
1.512e-08	754	-0.518093	-0.396941	-0.757639	0.0673709	0.050317	-1	0	0	1	
1.516e-08	756	-0.154982	0.895651	-0.416881	0.0324444	0.0553018	-1	0	0	1	
1.52e-08	758	-0.549683	0.675846	-0.491	0.0482285	0.042224	-1	0	0	1	
1.524e-08	760	0.701718	0.685221	-0.195099	0.0241845	0.0491051	-1	0	0	1	
1.528e-08	762	-0.00836534	0.449291	-0.893346	0.0450241	0.04645	-1	0	0	1	
1.532e-08	764	0.424753	0.250687	-0.869908	0.0333069	0.0489283	-1	0	0	1	
1.536e-08	766	-0.501495	-0.684924	0.528565	0.029704	0.0488135	-1	0	0	1	
1.54e-08	768	-0.701893	-0.57715	-0.417426	0.0606777	0.0602608	-1	0	0	1	
1.544e-08	770	0.386863	-0.831042	0.399632	0.0641409	0.0601403	-1	0	0	1	
1.548e-08	772	-0.584619	0.28791	-0.758504	0.0361508	0.0597267	-1	0	0	1	
1.552e-08	774	0.898171	0.426346	0.107324	0.0587071	0.0525589	-1	0	0	1	
1.556e-08	776	0.0151132	0.0961243	0.995255	0.0128606	0.0482278	-1	0	0	1	
1.56e-08	778	0.445819	-0.869036	-0.214528	0.0342396	0.0509175	-1	0	0	1	
1.564e-08	780	-0.0346447	0.836635	-0.546664	0.0367431	0.0480756	-1	0	0	1	
1.568e-08	782	0.902614	0.0100479	-0.430333	0.0323907	0.0424279	-1	0	0	1	
1.572e-08	784	0.279726	-0.672014	-0.685675	0.075286	0.0471316	-1	0	0	1	
1.576e-08	786	-0.447653	-0.784145	-0.429796	0.0493312	0.0510404	-1	0	0	1	
1.58e-08	788	0.959271	0.0124939	-0.282212	0.0751184	0.0572951	-1	0	0	1	
1.584e-08	790	0.967631	0.190283	0.165777	0.0429739	0.0310096	-1	0	0	1	
1.588e-08	792	-0.351414	-0.417837	-0.837807	0.0599142	0.0576573	-1	0	0	1	
1.592e-08	794	0.326439	0.732155	-0.597819	0.0184636	0.0363082	-1	0	0	1	
1.596e-08	796	-0.758118	-0.248781	0.602798	0.0540245	0.0532318	-1	0	0	1	
1.6e-08	798	0.0602831	0.939006	-0.338576	0.052211	0.0557516	-1	0	0	1	
1.604e-08	800	0.853592	0.207928	-0.477647	0.068908	0.054381	-1	0	0	1	
1.608e-08	802	0.0457144	0.0722729	-0.996337	0.0453928	0.0371634	-1	0	0	1	
1.612e-08	804	-0.752108	0.140621	-0.643862	0.070849	0.0403189	-1	0	0	1	
1.616e-08	806	0.671914	0.524203	-0.523204	0.0596426	0.0487184	-1	0	0	1	
1.62e-08	808	-0.783111	-0.585975	-0.208258	0.0892859	0.0416891	-1	0	0	1	
1.624e-08	810	0.52755	0.119493	-0.841078	0.0580544	0.0429719	-1	0	0	1	
1.628e-08	812	0.400498	-0.187999	0.896804	0.0343524	0.0369691	-1	0	0	1	
1.632e-08	814	-0.721897	0.671423	0.167498	0.0677232	0.0429804	-1	0	0	1	
1.636e-08	816	-0.656285	0.74861	0.0941998	0.049266	0.0398217	-1	0	0	1	
1.64e-08	818	-0.651936	-0.59128	-0.474729	0.0319419	0.0420106	-1	0	0	1	
1.644e-08	820	0.569175	-0.800585	0.18736	0.042057	0.0338964	-1	0	0	1	
1.648e-08	822	0.594782	-0.43979	-0.672918	0.0842697	0.0425937	-1	0	0	1	
1.652e-08	824	-0.671269	0.631656	-0.387825	0.0722484	0.0449162	-1	0	0	1	
1.656e-08	826	-0.589551	-0.729973	-0.345788	0.0453149	0.03601	-1	0	0	1	
1.66e-08	828	-0.745134	-0.461847	-0.481116	0.0343375	0.0442557	-1	0	0	1	
1.664e-08	830	0.73503	0.500043	-0.457916	0.050495	0.0435256	-1	0	0	1	
1.668e-08	832	-0.0351612	0.271555	-0.96178	0.0911807	0.046188	-1	0	0	1	
1.672e-08	834	0.260642	0.955398	-0.138855	0.0214081	0.0297182	-1	0	0	1	
1.676e-08	836	0.855635	0.436468	-0.27818	0.0148942	0.0384544	-1	0	0	1	
1.68e-08	838	-0.447988	0.872501	0.195059	0.0302058	0.0368913	-1	0	0	1	
1.684e-08	840	-0.275121	-0.777586	-0.565392	0.019895	0.0406167	-1	0	0	1	
1.688e-08	842	-0.104378	0.247539	-0.963239	0.0411376	0.0396046	-1	0	0	1	
1.692e-08	844	0.47151	-0.76374	-0.440885	0.0445538	0.03551	-1	0	0	1	
1.696e-08	846	0.582205	-0.428895	-0.690714	0.0625717	0.0470148	-1	0	0	1	
1.7e-08	848	-0.887171	0.461426	0.00354231	0.0259919	0.0323335	-1	0	0	1	
1.704e-08	850	0.913821	-0.399636	0.0722674	0.0335546	0.0332506	-1	0	0	1	
1.708e-08	852	0.934279	-0.151329	-0.322836	0.0373367	0.0297805	-1	0	0	1	
1.712e-08	854	0.243494	0.43472	-0.867023	0.0154852	0.0388472	-1	0	0	1	
1.716e-08	856	-0.265171	0.462303	0.846144	0.0129673	0.0303354	-1	0	0	1	
1.72e-08	858	0.346395	-0.567727	-0.74679	0.0383558	0.030765	-1	0	0	1	
1.724e-08	860	0.596491	-0.119303	-0.793703	0.0480357	0.0340977	-1	0	0	1	
1.728e-08	862	0.446728	-0.512502	0.733332	0.0147268	0.0305409	-1	0	0	1	
1.732e-08	864	0.722983	-0.545988	-0.423311	0.0450734	0.039473	-1	0	0	1	
1.736e-08	866	0.971799	-0.00405784	-0.235778	0.0344904	0.0293218	-1	0	0	1	
1.74e-08	868	0.381295	-0.913081	-0.144557	0.0261523	0.0316034	-1	0	0	1	
1.744e-08	870	0.604396	0.792133	-0.0850274	0.043308	0.0301263	-1	0	0	1	
1.748e-08	872	0.809247	-0.3014	0.504259	0.0232519	0.0324626	-1	0	0	1	
1.752e-08	874	0.159531	-0.405039	-0.900274	0.0718557	0.0470287	-1	0	0	1	
1.756e-08	876	0.498419	0.0965825	-0.861539	0.0206615	0.0282666	-1	0	0	1	
1.76e-08	878	0.42067	0.888935	-0.181194	0.0388814	0.0327956	-1	0	0	1	
1.764e-08	880	-0.1139	-0.952476	-0.282518	0.0262741	0.0348194	-1	0	0	1	
1.768e-08	882	0.0105589	0.67096	-0.741418	0.0346745	0.0303495	-1	0	0	1	
1.772e-08	884	-0.878823	-0.220728	0.423024	0.0363565	0.0361522	-1	0	0	1	
1.776e-08	886	-0.626353	-0.683924	-0.374072	0.0347941	0.0351969	-1	0	0	1	
1.78e-08	888	-0.263563	-0.475784	-0.839145	0.0328048	0.0235678	-1	0	0	1	
1.784e-08	890	0.236552	0.175634	-0.955613	0.0219805	0.0319328	-1	0	0	1	
1.788e-08	892	0.925293	0.371115	-0.0781442	0.0151169	0.0219241	-1	0	0	1	
1.792e-08	894	-0.631068	-0.382761	-0.67472	0.0343089	0.0355969	-1	0	0	1	
1.796e-08	896	-0.339841	-0.539403	-0.770424	0.0626012	0.0297056	-1	0	0	1	
1.8e-08	898	0.849414	0.495912	0.180465	0.0414822	0.0378623	-1	0	0	1	
1.804e-08	900	-0.541251	-0.823518	0.169901	0.0262886	0.0263192	-1	0	0	1	
