#----------------------------------------------------------------------------------------------------------------------------------------------------------
# Output file for vampire simulation
#   time       : 2022-02-13 15:16:18     process id : 75128
#   hostname   : compute-0-1.local
#   path       : /home/MINT_SS/luknam/BER/WS_dia5/Thickness10/size_3.0_3.0_10nm/Temp_900/random_1
#----------------------------------------------------------------------------------------------------------------------------------------------------------
4e-11	0	0	0	1	1	1	-1	0	0	1	
8e-11	2	-0.000801198	0.000947391	0.999999	0.998855	0.998857	-1	0	0	1	
1.2e-10	4	0.0127306	0.00443486	0.999909	0.997577	0.997733	-1	0	0	1	
1.6e-10	6	-0.0014813	0.00806003	0.999966	0.996633	0.996586	-1	0	0	1	
2e-10	8	0.00732569	-0.00290959	0.999969	0.995668	0.995466	-1	0	0	1	
2.4e-10	10	0.0105067	0.00753901	0.999916	0.994167	0.994312	-1	0	0	1	
2.8e-10	12	-0.0153791	-0.0186359	0.999708	0.993327	0.993058	-1	0	0	1	
3.2e-10	14	-0.00238601	-0.00376181	0.99999	0.992181	0.992167	-1	0	0	1	
3.6e-10	16	0.0219567	0.00115985	0.999758	0.991372	0.990899	-1	0	0	1	
4e-10	18	0.0162158	0.00125206	0.999868	0.98978	0.989788	-1	0	0	1	
4.4e-10	20	0.0460174	0.019342	0.998753	0.98882	0.988532	-1	0	0	1	
4.8e-10	22	0.00270413	-0.0175934	0.999842	0.986579	0.987325	-1	0	0	1	
5.2e-10	24	0.0427326	-0.000894262	0.999086	0.986462	0.986343	-1	0	0	1	
5.6e-10	26	-0.0220695	-0.0270529	0.99939	0.985147	0.985067	-1	0	0	1	
6e-10	28	0.00096947	-0.00304244	0.999995	0.984832	0.983987	-1	0	0	1	
6.4e-10	30	0.0108874	-0.0297466	0.999498	0.982234	0.982737	-1	0	0	1	
6.8e-10	32	-0.00291907	0.0115271	0.999929	0.981518	0.981565	-1	0	0	1	
7.2e-10	34	0.0186304	0.0152407	0.99971	0.981002	0.980299	-1	0	0	1	
7.6e-10	36	0.031749	-0.0114482	0.99943	0.978831	0.979244	-1	0	0	1	
8e-10	38	0.016482	-0.0283331	0.999463	0.977766	0.977931	-1	0	0	1	
8.4e-10	40	0.0224364	-0.0213815	0.99952	0.977336	0.976523	-1	0	0	1	
8.8e-10	42	0.00166043	0.0117223	0.99993	0.975985	0.975688	-1	0	0	1	
9.2e-10	44	0.00914574	-0.00489573	0.999946	0.974847	0.974704	-1	0	0	1	
9.6e-10	46	0.023302	-0.0196836	0.999535	0.972952	0.973312	-1	0	0	1	
1e-09	48	0.0249011	0.0224869	0.999437	0.971797	0.971961	-1	0	0	1	
1.04e-09	50	-0.0229857	-0.00578671	0.999719	0.969616	0.970722	-1	0	0	1	
1.08e-09	52	-0.0326303	-0.0169748	0.999323	0.971589	0.969399	-1	0	0	1	
1.12e-09	54	0.0389136	-0.0854067	0.995586	0.966734	0.968485	-1	0	0	1	
1.16e-09	56	-0.0266113	0.00944853	0.999601	0.968428	0.967551	-1	0	0	1	
1.2e-09	58	-0.00508703	-0.0155268	0.999867	0.965248	0.966071	-1	0	0	1	
1.24e-09	60	-0.00461949	0.00940119	0.999945	0.967589	0.964904	-1	0	0	1	
1.28e-09	62	0.0177816	0.0358639	0.999198	0.960896	0.963253	-1	0	0	1	
1.32e-09	64	0.0350786	-0.0119848	0.999313	0.963658	0.962648	-1	0	0	1	
1.36e-09	66	-0.0195336	0.00919703	0.999767	0.96048	0.960792	-1	0	0	1	
1.4e-09	68	-0.018443	-0.00357923	0.999824	0.959492	0.960658	-1	0	0	1	
1.44e-09	70	0.0486134	0.0179506	0.998656	0.95788	0.958512	-1	0	0	1	
1.48e-09	72	-0.00959634	0.0187733	0.999778	0.95573	0.957535	-1	0	0	1	
1.52e-09	74	0.0327054	0.0465048	0.998383	0.957531	0.956414	-1	0	0	1	
1.56e-09	76	0.0504299	-0.0682188	0.996395	0.954534	0.955485	-1	0	0	1	
1.6e-09	78	-0.0304322	0.0160713	0.999408	0.95334	0.953112	-1	0	0	1	
1.64e-09	80	0.0366829	0.0179184	0.999166	0.954496	0.952666	-1	0	0	1	
1.68e-09	82	-0.00241121	0.0107646	0.999939	0.954416	0.953042	-1	0	0	1	
1.72e-09	84	-0.00729797	0.0321017	0.999458	0.95154	0.949836	-1	0	0	1	
1.76e-09	86	-0.00859018	-0.0371376	0.999273	0.950754	0.948918	-1	0	0	1	
1.8e-09	88	0.00886071	0.00409291	0.999952	0.942832	0.94691	-1	0	0	1	
1.84e-09	90	0.0161044	-0.0488611	0.998676	0.948021	0.946838	-1	0	0	1	
1.88e-09	92	-0.0054826	0.0179076	0.999825	0.946925	0.944945	-1	0	0	1	
1.92e-09	94	-0.0101824	0.0166488	0.99981	0.943516	0.942965	-1	0	0	1	
1.96e-09	96	0.014989	-0.0221392	0.999643	0.943125	0.942984	-1	0	0	1	
2e-09	98	-0.0617349	-0.00449382	0.998082	0.943322	0.941871	-1	0	0	1	
2.04e-09	100	-0.00170355	-0.0551129	0.998479	0.940428	0.941077	-1	0	0	1	
2.08e-09	102	-0.0163328	-0.032136	0.99935	0.941408	0.938697	-1	0	0	1	
2.12e-09	104	-0.0423117	-0.00428441	0.999095	0.938227	0.936112	-1	0	0	1	
2.16e-09	106	0.00386672	-0.0416739	0.999124	0.936443	0.937642	-1	0	0	1	
2.2e-09	108	0.00883498	-0.00779137	0.999931	0.936178	0.934909	-1	0	0	1	
2.24e-09	110	-0.0174097	-0.0484478	0.998674	0.939871	0.934713	-1	0	0	1	
2.28e-09	112	-0.0282477	-0.0106083	0.999545	0.934937	0.93321	-1	0	0	1	
2.32e-09	114	0.0132319	0.0567141	0.998303	0.932617	0.93305	-1	0	0	1	
2.36e-09	116	0.0641604	0.00677726	0.997917	0.928463	0.930845	-1	0	0	1	
2.4e-09	118	0.00257851	-0.0485905	0.998815	0.932147	0.929354	-1	0	0	1	
2.44e-09	120	0.0356571	-0.00220806	0.999362	0.934457	0.929456	-1	0	0	1	
2.48e-09	122	0.00176579	0.00653184	0.999977	0.925675	0.92515	-1	0	0	1	
2.52e-09	124	-0.0504039	0.0661043	0.996539	0.926666	0.925859	-1	0	0	1	
2.56e-09	126	0.0395502	0.049466	0.997992	0.924818	0.923217	-1	0	0	1	
2.6e-09	128	-0.0668127	0.0151927	0.99765	0.918235	0.92217	-1	0	0	1	
2.64e-09	130	-0.0410914	-0.0150277	0.999042	0.921105	0.919809	-1	0	0	1	
2.68e-09	132	-0.00107858	0.00400487	0.999991	0.923363	0.921614	-1	0	0	1	
2.72e-09	134	-0.0152635	0.0135553	0.999792	0.920707	0.919175	-1	0	0	1	
2.76e-09	136	-0.0117426	0.00220352	0.999929	0.915971	0.918144	-1	0	0	1	
2.8e-09	138	0.0110999	-0.0157778	0.999814	0.911978	0.914267	-1	0	0	1	
2.84e-09	140	0.00121827	0.0053607	0.999985	0.910448	0.914214	-1	0	0	1	
2.88e-09	142	0.023964	0.0334049	0.999155	0.919072	0.914783	-1	0	0	1	
2.92e-09	144	-0.13547	-0.0555196	0.989225	0.911012	0.912228	-1	0	0	1	
2.96e-09	146	-0.0742503	0.12154	0.989805	0.910313	0.911776	-1	0	0	1	
3e-09	148	0.0112645	-0.0239832	0.999649	0.916672	0.909242	-1	0	0	1	
3.04e-09	150	0.0510759	-0.00894939	0.998655	0.909346	0.908432	-1	0	0	1	
3.08e-09	152	0.0281704	-0.0121539	0.999529	0.907425	0.905113	-1	0	0	1	
3.12e-09	154	0.0511909	0.0327796	0.998151	0.907657	0.905351	-1	0	0	1	
3.16e-09	156	-0.0567345	-0.0198713	0.998192	0.907254	0.904915	-1	0	0	1	
3.2e-09	158	-0.00251154	0.00350517	0.999991	0.900879	0.901481	-1	0	0	1	
3.24e-09	160	0.0782322	-0.0554107	0.995394	0.902273	0.901787	-1	0	0	1	
3.28e-09	162	0.00884094	0.0854679	0.996302	0.905482	0.902305	-1	0	0	1	
3.32e-09	164	0.0228136	-0.0189339	0.99956	0.895791	0.897573	-1	0	0	1	
3.36e-09	166	-0.0117161	0.012019	0.999859	0.896115	0.897724	-1	0	0	1	
3.4e-09	168	-0.0117395	0.016616	0.999793	0.90081	0.897381	-1	0	0	1	
3.44e-09	170	-0.0698047	0.0175785	0.997406	0.892937	0.895109	-1	0	0	1	
3.48e-09	172	0.0457943	-0.0250625	0.998636	0.893395	0.89263	-1	0	0	1	
3.52e-09	174	-0.0834209	-0.014501	0.996409	0.888095	0.892479	-1	0	0	1	
3.56e-09	176	0.0650914	-0.0328954	0.997337	0.883533	0.888019	-1	0	0	1	
3.6e-09	178	-0.00711603	-0.0343244	0.999385	0.887218	0.889358	-1	0	0	1	
3.64e-09	180	-0.0158745	-0.100096	0.994851	0.885762	0.889104	-1	0	0	1	
3.68e-09	182	-0.0205354	-0.0632677	0.997785	0.887665	0.88412	-1	0	0	1	
3.72e-09	184	-0.00136671	0.0083908	0.999964	0.884577	0.886761	-1	0	0	1	
3.76e-09	186	0.0458421	0.157877	0.986394	0.879098	0.884425	-1	0	0	1	
3.8e-09	188	-0.0228529	0.0308636	0.999262	0.873443	0.883029	-1	0	0	1	
3.84e-09	190	-0.0362915	0.0202088	0.999137	0.878935	0.881242	-1	0	0	1	
3.88e-09	192	-0.029437	-0.0893786	0.995563	0.884753	0.881357	-1	0	0	1	
3.92e-09	194	-0.0623148	0.0399316	0.997257	0.876592	0.8786	-1	0	0	1	
3.96e-09	196	-0.0693135	-0.0226571	0.997338	0.879756	0.880564	-1	0	0	1	
4e-09	198	-0.0477343	0.0415118	0.997997	0.880489	0.876544	-1	0	0	1	
4.04e-09	200	-0.0125031	0.00186662	0.99992	0.87563	0.875253	-1	0	0	1	
4.08e-09	202	0.0571176	0.0721071	0.99576	0.878741	0.8727	-1	0	0	1	
4.12e-09	204	-0.0458664	0.0698855	0.9965	0.871111	0.869346	-1	0	0	1	
4.16e-09	206	-0.0516445	-0.00295939	0.998661	0.866474	0.869452	-1	0	0	1	
4.2e-09	208	-0.0499767	0.0109268	0.998691	0.8723	0.868809	-1	0	0	1	
4.24e-09	210	0.0593424	-0.0132761	0.998149	0.853629	0.862861	-1	0	0	1	
4.28e-09	212	0.131352	-0.0726151	0.988673	0.869479	0.86721	-1	0	0	1	
4.32e-09	214	-0.0740463	-0.0014882	0.997254	0.876831	0.865746	-1	0	0	1	
4.36e-09	216	-0.031308	-0.00851146	0.999474	0.858201	0.862312	-1	0	0	1	
4.4e-09	218	-0.00682742	0.00228953	0.999974	0.865057	0.859933	-1	0	0	1	
4.44e-09	220	0.0501889	-0.0279901	0.998347	0.855196	0.859636	-1	0	0	1	
4.48e-09	222	-0.0060852	-0.0108487	0.999923	0.860607	0.863184	-1	0	0	1	
4.52e-09	224	-0.0713035	0.0524687	0.996074	0.857931	0.859536	-1	0	0	1	
4.56e-09	226	0.0250136	-0.053538	0.998252	0.847388	0.85587	-1	0	0	1	
4.6e-09	228	0.0164714	0.055663	0.998314	0.847895	0.853954	-1	0	0	1	
4.64e-09	230	0.010737	0.116259	0.993161	0.839945	0.851221	-1	0	0	1	
4.68e-09	232	0.013328	-0.0664085	0.997704	0.846465	0.851342	-1	0	0	1	
4.72e-09	234	-0.0422285	-0.00644746	0.999087	0.848646	0.847658	-1	0	0	1	
4.76e-09	236	0.0446066	0.0284609	0.998599	0.850955	0.849231	-1	0	0	1	
4.8e-09	238	-0.0550659	-0.125491	0.990565	0.845725	0.844426	-1	0	0	1	
4.84e-09	240	-0.0243807	0.146336	0.988934	0.835704	0.841536	-1	0	0	1	
4.88e-09	242	-0.0210887	0.118238	0.992761	0.855382	0.846349	-1	0	0	1	
4.92e-09	244	0.0252471	0.0326809	0.999147	0.845745	0.843994	-1	0	0	1	
4.96e-09	246	0.0693913	0.0893153	0.993583	0.84493	0.842739	-1	0	0	1	
5e-09	248	0.15006	0.0405027	0.987847	0.837654	0.83991	-1	0	0	1	
5.04e-09	250	-0.0405185	0.0866744	0.995412	0.838744	0.838836	-1	0	0	1	
5.08e-09	252	-0.0279203	-0.0418497	0.998734	0.837798	0.835397	-1	0	0	1	
5.12e-09	254	-0.130611	0.0687529	0.989047	0.847973	0.835381	-1	0	0	1	
5.16e-09	256	0.0980615	-0.0275459	0.994799	0.83314	0.833842	-1	0	0	1	
5.2e-09	258	-0.0889664	-0.0836904	0.992512	0.826541	0.830737	-1	0	0	1	
5.24e-09	260	-0.0480763	0.0256796	0.998514	0.814853	0.826005	-1	0	0	1	
5.28e-09	262	0.0623302	-0.0563715	0.996462	0.822506	0.825992	-1	0	0	1	
5.32e-09	264	0.0093567	0.0486969	0.99877	0.821113	0.827781	-1	0	0	1	
5.36e-09	266	0.0602763	0.12996	0.989685	0.826276	0.826004	-1	0	0	1	
5.4e-09	268	0.0422582	0.0133575	0.999017	0.827592	0.821856	-1	0	0	1	
5.44e-09	270	0.0656045	-0.0746689	0.995048	0.826329	0.821916	-1	0	0	1	
5.48e-09	272	-0.114966	-0.0567937	0.991745	0.808123	0.821439	-1	0	0	1	
5.52e-09	274	0.0584563	0.0949039	0.993769	0.826542	0.818452	-1	0	0	1	
5.56e-09	276	0.0698708	0.101629	0.992366	0.815808	0.813003	-1	0	0	1	
5.6e-09	278	0.000974663	-0.0416174	0.999133	0.820204	0.818645	-1	0	0	1	
5.64e-09	280	-0.0403446	-0.0693682	0.996775	0.811809	0.814167	-1	0	0	1	
5.68e-09	282	-0.140298	-0.0187856	0.989931	0.824903	0.814054	-1	0	0	1	
5.72e-09	284	0.120737	0.0851083	0.989029	0.815632	0.812628	-1	0	0	1	
5.76e-09	286	-0.125492	-0.120374	0.984765	0.814293	0.809171	-1	0	0	1	
5.8e-09	288	-0.00256264	0.036131	0.999344	0.81513	0.807859	-1	0	0	1	
5.84e-09	290	-0.0821913	0.0083741	0.996581	0.768735	0.800206	-1	0	0	1	
5.88e-09	292	0.0619694	-0.0133768	0.997988	0.804848	0.80794	-1	0	0	1	
5.92e-09	294	-0.0682797	-0.00584516	0.997649	0.809766	0.80679	-1	0	0	1	
5.96e-09	296	0.0312012	-0.0849378	0.995898	0.80086	0.7993	-1	0	0	1	
6e-09	298	0.003398	0.0433892	0.999052	0.78217	0.799877	-1	0	0	1	
6.04e-09	300	-0.102812	-0.0560608	0.99312	0.81828	0.796506	-1	0	0	1	
6.08e-09	302	-0.14827	0.0637534	0.98689	0.793798	0.7953	-1	0	0	1	
6.12e-09	304	0.0336064	0.0816751	0.996092	0.790685	0.791693	-1	0	0	1	
6.16e-09	306	0.125091	0.0562653	0.990549	0.795054	0.792762	-1	0	0	1	
6.2e-09	308	0.0536917	0.0429067	0.997635	0.803361	0.79172	-1	0	0	1	
6.24e-09	310	0.0316414	-0.085614	0.995826	0.790658	0.787148	-1	0	0	1	
6.28e-09	312	0.12471	0.131223	0.983477	0.776964	0.785241	-1	0	0	1	
6.32e-09	314	0.0495655	0.0559144	0.997205	0.778422	0.781532	-1	0	0	1	
6.36e-09	316	0.21681	0.126187	0.968024	0.785778	0.787265	-1	0	0	1	
6.4e-09	318	0.0571042	-0.154043	0.986413	0.776809	0.78566	-1	0	0	1	
6.44e-09	320	-0.122759	0.0630641	0.990431	0.768058	0.786047	-1	0	0	1	
6.48e-09	322	-0.0855071	0.0763654	0.993407	0.770998	0.779812	-1	0	0	1	
6.52e-09	324	0.116837	-0.0808311	0.989856	0.774784	0.776062	-1	0	0	1	
6.56e-09	326	-0.0587072	0.0528542	0.996875	0.774234	0.771603	-1	0	0	1	
6.6e-09	328	0.013496	0.017681	0.999753	0.76979	0.772121	-1	0	0	1	
6.64e-09	330	0.12082	0.0690579	0.990269	0.78717	0.779222	-1	0	0	1	
6.68e-09	332	-0.0938036	0.16085	0.982511	0.759072	0.765687	-1	0	0	1	
6.72e-09	334	0.101648	-0.101446	0.989635	0.792171	0.772287	-1	0	0	1	
6.76e-09	336	0.0473408	0.079564	0.995705	0.768509	0.769771	-1	0	0	1	
6.8e-09	338	-0.0484078	0.085869	0.99513	0.762388	0.769583	-1	0	0	1	
6.84e-09	340	0.0206013	0.0124766	0.99971	0.760824	0.763439	-1	0	0	1	
6.88e-09	342	0.0249991	-0.128372	0.991411	0.767704	0.759251	-1	0	0	1	
6.92e-09	344	-0.159049	0.0361074	0.98661	0.750841	0.761311	-1	0	0	1	
6.96e-09	346	-0.0308274	-0.120356	0.992252	0.756467	0.756819	-1	0	0	1	
7e-09	348	-0.000490236	0.119851	0.992792	0.771486	0.758501	-1	0	0	1	
7.04e-09	350	-0.072431	-0.0514005	0.996048	0.736446	0.758287	-1	0	0	1	
7.08e-09	352	0.0158048	0.0290339	0.999453	0.76428	0.749895	-1	0	0	1	
7.12e-09	354	-0.130806	-0.0478067	0.990255	0.753699	0.750274	-1	0	0	1	
7.16e-09	356	-0.107377	0.0183397	0.994049	0.751753	0.750671	-1	0	0	1	
7.2e-09	358	0.00829208	0.127807	0.991764	0.749734	0.746242	-1	0	0	1	
7.24e-09	360	0.0966719	0.132573	0.986448	0.743638	0.740073	-1	0	0	1	
7.28e-09	362	-0.109746	0.0131137	0.993873	0.752044	0.745874	-1	0	0	1	
7.32e-09	364	-0.00219424	-0.110509	0.993873	0.742676	0.744619	-1	0	0	1	
7.36e-09	366	0.048931	0.0778314	0.995765	0.732444	0.743404	-1	0	0	1	
7.4e-09	368	0.00633467	0.0912215	0.99581	0.75687	0.737088	-1	0	0	1	
7.44e-09	370	0.0404748	-0.126878	0.991092	0.732568	0.737261	-1	0	0	1	
7.48e-09	372	0.120262	0.0192592	0.992555	0.743758	0.734295	-1	0	0	1	
7.52e-09	374	0.0368195	-0.0337218	0.998753	0.735198	0.73464	-1	0	0	1	
7.56e-09	376	-0.131041	0.0521954	0.990002	0.740549	0.732076	-1	0	0	1	
7.6e-09	378	-0.0177393	-0.120392	0.992568	0.740911	0.725808	-1	0	0	1	
7.64e-09	380	-0.00615599	-0.146494	0.989192	0.725713	0.727757	-1	0	0	1	
7.68e-09	382	-0.0467647	-0.135002	0.989741	0.748782	0.727415	-1	0	0	1	
7.72e-09	384	0.132864	0.0227807	0.990872	0.734249	0.725901	-1	0	0	1	
7.76e-09	386	0.0992465	-0.104038	0.989609	0.704306	0.71678	-1	0	0	1	
7.8e-09	388	0.299346	0.0672422	0.951772	0.722312	0.720916	-1	0	0	1	
7.84e-09	390	0.0213246	-0.103338	0.994418	0.701877	0.718037	-1	0	0	1	
7.88e-09	392	0.201341	0.056093	0.977914	0.715269	0.711132	-1	0	0	1	
7.92e-09	394	0.119161	-0.0322279	0.992352	0.709727	0.708617	-1	0	0	1	
7.96e-09	396	-0.00207162	0.0912695	0.995824	0.704469	0.704843	-1	0	0	1	
8e-09	398	-0.240432	-0.00309016	0.970661	0.711093	0.714267	-1	0	0	1	
8.04e-09	400	0.0995795	0.0162703	0.994897	0.702121	0.707401	-1	0	0	1	
8.08e-09	402	0.0732343	-0.198803	0.977299	0.694587	0.704003	-1	0	0	1	
8.12e-09	404	-0.0585701	0.0847887	0.994676	0.693854	0.704636	-1	0	0	1	
8.16e-09	406	-0.149315	0.0589189	0.987033	0.698586	0.698797	-1	0	0	1	
8.2e-09	408	0.00764366	0.00241893	0.999968	0.713448	0.700576	-1	0	0	1	
8.24e-09	410	-0.0366456	0.0685093	0.996977	0.699105	0.703621	-1	0	0	1	
8.28e-09	412	-0.191306	0.00184076	0.981529	0.687637	0.702491	-1	0	0	1	
8.32e-09	414	0.202071	0.0434725	0.978406	0.696	0.69376	-1	0	0	1	
8.36e-09	416	-0.115363	0.0396181	0.992533	0.689637	0.68699	-1	0	0	1	
8.4e-09	418	0.120659	-0.0758503	0.989792	0.678973	0.685548	-1	0	0	1	
8.44e-09	420	0.186447	0.13639	0.972952	0.688589	0.681082	-1	0	0	1	
8.48e-09	422	-0.107951	-0.0547361	0.992648	0.675264	0.680832	-1	0	0	1	
8.52e-09	424	0.0966853	-0.168637	0.980925	0.700645	0.681086	-1	0	0	1	
8.56e-09	426	-0.0718252	-0.118366	0.990369	0.682691	0.68347	-1	0	0	1	
8.6e-09	428	-0.27784	-0.0831133	0.957025	0.68951	0.680977	-1	0	0	1	
8.64e-09	430	0.120687	0.0660142	0.990493	0.677565	0.670661	-1	0	0	1	
8.68e-09	432	0.0221018	0.0609626	0.997895	0.650206	0.669681	-1	0	0	1	
8.72e-09	434	-0.0906181	0.0789974	0.992748	0.665741	0.670073	-1	0	0	1	
8.76e-09	436	-0.127385	-0.169318	0.977294	0.67087	0.649448	-1	0	0	1	
8.8e-09	438	0.281595	0.0228165	0.959262	0.62187	0.656086	-1	0	0	1	
8.84e-09	440	0.0133922	-0.247383	0.968825	0.662778	0.657995	-1	0	0	1	
8.88e-09	442	-0.263271	0.0989311	0.959636	0.671439	0.664036	-1	0	0	1	
8.92e-09	444	0.0838075	0.105453	0.990887	0.675356	0.658835	-1	0	0	1	
8.96e-09	446	-0.198486	0.037656	0.97938	0.663079	0.656513	-1	0	0	1	
9e-09	448	0.297072	0.0680185	0.95243	0.654935	0.655203	-1	0	0	1	
9.04e-09	450	0.0375568	0.126673	0.991233	0.624825	0.648545	-1	0	0	1	
9.08e-09	452	0.0593461	-0.0450201	0.997222	0.599527	0.637477	-1	0	0	1	
9.12e-09	454	-0.197011	0.111683	0.974019	0.673722	0.637882	-1	0	0	1	
9.16e-09	456	0.167881	-0.0907523	0.981621	0.639494	0.648279	-1	0	0	1	
9.2e-09	458	-0.174223	0.153885	0.972608	0.646378	0.637511	-1	0	0	1	
9.24e-09	460	0.0109294	-0.0263827	0.999592	0.636779	0.63626	-1	0	0	1	
9.28e-09	462	-0.0150175	0.0317985	0.999381	0.656017	0.631948	-1	0	0	1	
9.32e-09	464	-0.257816	0.190201	0.947288	0.649986	0.635516	-1	0	0	1	
9.36e-09	466	0.269465	-0.145511	0.951953	0.631237	0.626937	-1	0	0	1	
9.4e-09	468	-0.290868	0.0562524	0.955108	0.635645	0.621819	-1	0	0	1	
9.44e-09	470	-0.242716	-0.010581	0.97004	0.634003	0.62198	-1	0	0	1	
9.48e-09	472	0.0991864	-0.279835	0.954911	0.630461	0.620281	-1	0	0	1	
9.52e-09	474	0.034717	-0.129353	0.990991	0.614125	0.627473	-1	0	0	1	
9.56e-09	476	0.0370416	0.0591662	0.997561	0.614892	0.605152	-1	0	0	1	
9.6e-09	478	0.00731703	0.0970975	0.995248	0.638152	0.620076	-1	0	0	1	
9.64e-09	480	-0.081567	-0.0357569	0.996026	0.627865	0.615515	-1	0	0	1	
9.68e-09	482	0.174982	0.152341	0.972715	0.582537	0.602563	-1	0	0	1	
9.72e-09	484	0.0356106	0.239454	0.970255	0.61985	0.620665	-1	0	0	1	
9.76e-09	486	-0.124588	0.196039	0.972649	0.604827	0.604553	-1	0	0	1	
9.8e-09	488	0.0163093	-0.117114	0.992985	0.605877	0.596868	-1	0	0	1	
9.84e-09	490	0.00644184	-0.196888	0.980405	0.612757	0.609329	-1	0	0	1	
9.88e-09	492	-0.0778884	-0.0281232	0.996565	0.624999	0.595909	-1	0	0	1	
9.92e-09	494	0.0251081	0.154398	0.98769	0.579184	0.592472	-1	0	0	1	
9.96e-09	496	0.0969891	0.141962	0.985109	0.615149	0.597155	-1	0	0	1	
1e-08	498	0.0278378	-0.408007	0.912554	0.576573	0.585241	-1	0	0	1	
1.004e-08	500	0.132336	-0.0683724	0.988844	0.57897	0.578337	-1	0	0	1	
1.008e-08	502	-0.0591816	-0.0247428	0.997941	0.58433	0.577602	-1	0	0	1	
1.012e-08	504	-0.0499997	-0.438957	0.897116	0.583079	0.574435	-1	0	0	1	
1.016e-08	506	-0.0120884	-0.0630137	0.997939	0.577847	0.583403	-1	0	0	1	
1.02e-08	508	-0.223125	0.183605	0.957342	0.586329	0.573976	-1	0	0	1	
1.024e-08	510	-0.080243	0.140967	0.986757	0.592322	0.554046	-1	0	0	1	
1.028e-08	512	-0.0653662	-0.054848	0.996353	0.536563	0.57353	-1	0	0	1	
1.032e-08	514	0.145546	-0.00907452	0.98931	0.514994	0.55295	-1	0	0	1	
1.036e-08	516	-0.188535	0.000402366	0.982066	0.573313	0.544285	-1	0	0	1	
1.04e-08	518	0.0966044	-0.0457836	0.994269	0.547758	0.543571	-1	0	0	1	
1.044e-08	520	-0.145537	-0.136243	0.979927	0.548896	0.55007	-1	0	0	1	
1.048e-08	522	0.0814868	0.0538599	0.995218	0.553414	0.544033	-1	0	0	1	
1.052e-08	524	0.438016	0.00494269	0.898954	0.569477	0.533805	-1	0	0	1	
1.056e-08	526	-0.00317726	-0.382448	0.923972	0.498418	0.549644	-1	0	0	1	
1.06e-08	528	-0.00655447	-0.0606323	0.998139	0.547765	0.531197	-1	0	0	1	
1.064e-08	530	-0.24955	0.051036	0.967016	0.544223	0.52211	-1	0	0	1	
1.068e-08	532	-0.127565	-0.316522	0.939969	0.562818	0.525888	-1	0	0	1	
1.072e-08	534	0.149358	0.123614	0.981026	0.494248	0.501348	-1	0	0	1	
1.076e-08	536	0.00383049	-0.368562	0.929595	0.54064	0.524518	-1	0	0	1	
1.08e-08	538	-0.200196	-0.168812	0.965103	0.488522	0.526477	-1	0	0	1	
1.084e-08	540	0.270744	-0.0973718	0.957714	0.486997	0.528914	-1	0	0	1	
1.088e-08	542	0.058814	0.48369	0.873261	0.497723	0.526227	-1	0	0	1	
1.092e-08	544	0.161683	-0.145824	0.976009	0.515176	0.493539	-1	0	0	1	
1.096e-08	546	0.123904	-0.0201149	-0.99209	0.529626	0.516651	-1	0	0	1	
1.1e-08	548	-0.0249309	0.134756	-0.990565	0.488842	0.513173	-1	0	0	1	
1.104e-08	550	0.0555579	-0.297231	-0.953188	0.557303	0.524092	-1	0	0	1	
1.108e-08	552	0.262761	0.0192734	-0.964669	0.529219	0.512514	-1	0	0	1	
1.112e-08	554	-0.239964	0.163512	-0.956912	0.539506	0.512805	-1	0	0	1	
1.116e-08	556	-0.186921	-0.0340197	-0.981786	0.443068	0.497013	-1	0	0	1	
1.12e-08	558	0.0784843	-0.0314699	-0.996419	0.529907	0.502803	-1	0	0	1	
1.124e-08	560	-0.22484	-0.071088	-0.971799	0.504023	0.501089	-1	0	0	1	
1.128e-08	562	-0.102414	-0.0277554	-0.994355	0.467752	0.489916	-1	0	0	1	
1.132e-08	564	-0.0430822	0.0392185	-0.998301	0.461011	0.477402	-1	0	0	1	
1.136e-08	566	-0.0306548	-0.306905	-0.951246	0.480428	0.485271	-1	0	0	1	
1.14e-08	568	0.149914	-0.0835356	-0.985164	0.496149	0.470518	-1	0	0	1	
1.144e-08	570	0.0465833	-0.00561836	-0.998899	0.458914	0.482422	-1	0	0	1	
1.148e-08	572	-0.129652	0.156254	-0.979171	0.501551	0.462424	-1	0	0	1	
1.152e-08	574	0.350164	0.39009	-0.851595	0.432886	0.451816	-1	0	0	1	
1.156e-08	576	-0.0668158	-0.170821	-0.983034	0.509659	0.474467	-1	0	0	1	
1.16e-08	578	-0.183803	-0.107606	-0.977056	0.447401	0.452672	-1	0	0	1	
1.164e-08	580	-0.0469138	0.234691	-0.970937	0.441583	0.434503	-1	0	0	1	
1.168e-08	582	0.222065	-0.143092	-0.964475	0.426418	0.461622	-1	0	0	1	
1.172e-08	584	-0.24418	-0.227295	-0.942716	0.441174	0.457217	-1	0	0	1	
1.176e-08	586	-0.247482	-0.060387	-0.967009	0.453953	0.440456	-1	0	0	1	
1.18e-08	588	0.293845	0.194851	-0.935782	0.43269	0.425819	-1	0	0	1	
1.184e-08	590	0.326629	0.060101	-0.94324	0.45254	0.428421	-1	0	0	1	
1.188e-08	592	-0.298307	0.0748999	-0.951527	0.440739	0.420214	-1	0	0	1	
1.192e-08	594	0.301571	-0.279786	-0.911469	0.431425	0.413801	-1	0	0	1	
1.196e-08	596	-0.299869	-0.136524	-0.944161	0.36502	0.407339	-1	0	0	1	
1.2e-08	598	-0.0698644	0.243001	-0.967507	0.462471	0.39563	-1	0	0	1	
1.204e-08	600	0.109012	0.0354315	-0.993409	0.490755	0.424654	-1	0	0	1	
1.208e-08	602	0.110326	0.607966	-0.786261	0.425713	0.401403	-1	0	0	1	
1.212e-08	604	0.0987773	0.0134722	-0.995018	0.412637	0.407548	-1	0	0	1	
1.216e-08	606	-0.206886	0.113085	-0.971808	0.392006	0.387187	-1	0	0	1	
1.22e-08	608	0.460865	0.0398246	-0.886576	0.364118	0.378615	-1	0	0	1	
1.224e-08	610	0.287042	-0.489712	-0.823279	0.399536	0.399067	-1	0	0	1	
1.228e-08	612	-0.146018	0.0427184	-0.988359	0.414189	0.374103	-1	0	0	1	
1.232e-08	614	0.0336227	0.0720294	-0.996836	0.373774	0.407297	-1	0	0	1	
1.236e-08	616	-0.5186	-0.10137	-0.848987	0.394896	0.372376	-1	0	0	1	
1.24e-08	618	0.0270286	0.133701	-0.990653	0.422632	0.381462	-1	0	0	1	
1.244e-08	620	-0.300682	-0.0434958	-0.952732	0.280694	0.328312	-1	0	0	1	
1.248e-08	622	-0.168864	-0.221821	-0.960354	0.363462	0.34246	-1	0	0	1	
1.252e-08	624	0.24475	0.0455485	-0.968516	0.334807	0.349857	-1	0	0	1	
1.256e-08	626	0.115429	-0.171731	-0.978358	0.375526	0.357532	-1	0	0	1	
1.26e-08	628	0.148601	0.0873188	-0.985035	0.367294	0.361559	-1	0	0	1	
1.264e-08	630	0.172329	0.601548	-0.780027	0.355154	0.348377	-1	0	0	1	
1.268e-08	632	-0.0903407	-0.195534	-0.976527	0.288741	0.319656	-1	0	0	1	
1.272e-08	634	0.329672	-0.215062	-0.919274	0.338254	0.331408	-1	0	0	1	
1.276e-08	636	-0.26534	-0.317139	-0.910504	0.345751	0.296442	-1	0	0	1	
1.28e-08	638	-0.379889	-0.680766	-0.626292	0.2665	0.249268	-1	0	0	1	
1.284e-08	640	-0.0656477	-0.1467	-0.987	0.299985	0.276171	-1	0	0	1	
1.288e-08	642	0.0813632	0.132586	-0.987826	0.285129	0.270851	-1	0	0	1	
1.292e-08	644	-0.279112	0.424623	-0.861273	0.290348	0.251601	-1	0	0	1	
1.296e-08	646	-0.554357	0.0368324	-0.831464	0.211657	0.247014	-1	0	0	1	
1.3e-08	648	0.387425	-0.892177	-0.232212	0.183625	0.309909	-1	0	0	1	
1.304e-08	650	-0.169057	0.0127878	-0.985523	0.141643	0.249648	-1	0	0	1	
1.308e-08	652	0.303086	0.50396	-0.808803	0.274506	0.234872	-1	0	0	1	
1.312e-08	654	-0.159484	0.228744	-0.960334	0.227251	0.219196	-1	0	0	1	
1.316e-08	656	0.393837	0.358385	-0.846435	0.205606	0.223817	-1	0	0	1	
1.32e-08	658	-0.222808	0.463993	-0.85736	0.305876	0.22002	-1	0	0	1	
1.324e-08	660	-0.157216	-0.120116	-0.980232	0.300411	0.242554	-1	0	0	1	
1.328e-08	662	0.164996	0.568267	-0.806132	0.19433	0.172021	-1	0	0	1	
1.332e-08	664	0.221097	-0.846622	-0.484094	0.167175	0.234387	-1	0	0	1	
1.336e-08	666	-0.787849	0.229035	-0.571696	0.150758	0.196464	-1	0	0	1	
1.34e-08	668	-0.787999	-0.313156	-0.530086	0.0912429	0.174733	-1	0	0	1	
1.344e-08	670	-0.122225	0.0946693	-0.987977	0.28408	0.23419	-1	0	0	1	
1.348e-08	672	0.0156432	-0.461858	-0.886816	0.171676	0.163732	-1	0	0	1	
1.352e-08	674	-0.712311	-0.0841251	-0.696804	0.220934	0.214195	-1	0	0	1	
1.356e-08	676	-0.0328179	0.108519	-0.993553	0.102393	0.19407	-1	0	0	1	
1.36e-08	678	-0.0986228	0.811854	-0.575471	0.104893	0.152246	-1	0	0	1	
1.364e-08	680	-0.635443	0.735924	-0.233728	0.197202	0.164257	-1	0	0	1	
1.368e-08	682	0.119161	0.907448	-0.402912	0.0994342	0.156381	-1	0	0	1	
1.372e-08	684	-0.427694	0.654906	-0.623038	0.236317	0.142544	-1	0	0	1	
1.376e-08	686	-0.287455	-0.0857761	-0.953946	0.13479	0.122891	-1	0	0	1	
1.38e-08	688	-0.216039	0.552625	-0.804943	0.110556	0.137252	-1	0	0	1	
1.384e-08	690	0.434125	0.844746	-0.312952	0.156606	0.157052	-1	0	0	1	
1.388e-08	692	-0.644273	0.41922	-0.639662	0.0919117	0.119556	-1	0	0	1	
1.392e-08	694	-0.40385	-0.392214	-0.826482	0.103643	0.148997	-1	0	0	1	
1.396e-08	696	0.105184	-0.9886	-0.107733	0.085471	0.0950618	-1	0	0	1	
1.4e-08	698	-0.953554	0.283222	0.102564	0.110467	0.129862	-1	0	0	1	
1.404e-08	700	-0.579672	-0.311876	-0.752804	0.111771	0.118419	-1	0	0	1	
1.408e-08	702	-0.172596	0.293686	-0.940191	0.170524	0.109344	-1	0	0	1	
1.412e-08	704	0.0954915	-0.543478	-0.833974	0.210302	0.111428	-1	0	0	1	
1.416e-08	706	0.923079	0.333846	-0.190977	0.159342	0.116477	-1	0	0	1	
1.42e-08	708	0.850652	-0.318634	-0.418167	0.194135	0.115787	-1	0	0	1	
1.424e-08	710	0.685771	-0.261203	0.679331	0.0773703	0.092407	-1	0	0	1	
1.428e-08	712	-0.552075	-0.672218	-0.493292	0.0719898	0.0992713	-1	0	0	1	
1.432e-08	714	0.690214	0.215653	-0.690724	0.185838	0.126225	-1	0	0	1	
1.436e-08	716	-0.618851	0.0154789	0.785356	0.0711325	0.104075	-1	0	0	1	
1.44e-08	718	0.281705	0.334506	-0.899304	0.194265	0.104667	-1	0	0	1	
1.444e-08	720	0.84148	0.416469	-0.344187	0.148292	0.0991959	-1	0	0	1	
1.448e-08	722	0.0626758	-0.978003	-0.198951	0.107839	0.0900661	-1	0	0	1	
1.452e-08	724	0.526948	-0.765095	0.370075	0.134117	0.0736966	-1	0	0	1	
1.456e-08	726	-0.358217	0.443663	-0.821489	0.119251	0.0830999	-1	0	0	1	
1.46e-08	728	-0.389159	-0.884817	0.256232	0.103542	0.113115	-1	0	0	1	
1.464e-08	730	0.216665	-0.591858	-0.776377	0.119274	0.0898631	-1	0	0	1	
1.468e-08	732	-0.30462	-0.469149	-0.828919	0.0654469	0.0789798	-1	0	0	1	
1.472e-08	734	0.40808	-0.386585	-0.827057	0.0838669	0.0936596	-1	0	0	1	
1.476e-08	736	0.422428	-0.296856	-0.856406	0.0818785	0.0792201	-1	0	0	1	
1.48e-08	738	0.506045	0.458264	0.730693	0.10159	0.0891557	-1	0	0	1	
1.484e-08	740	0.480818	0.0190318	-0.876614	0.120762	0.100264	-1	0	0	1	
1.488e-08	742	-0.317928	0.787222	-0.528397	0.0776482	0.0881115	-1	0	0	1	
1.492e-08	744	0.241263	-0.0884395	-0.966422	0.0320733	0.067421	-1	0	0	1	
1.496e-08	746	0.640649	0.532409	-0.553272	0.151036	0.0778823	-1	0	0	1	
1.5e-08	748	-0.183605	0.639536	-0.746514	0.101998	0.0761867	-1	0	0	1	
1.504e-08	750	-0.123312	0.779337	0.614352	0.0564777	0.0709675	-1	0	0	1	
1.508e-08	752	-0.0715226	0.292094	0.953711	0.0825395	0.0714671	-1	0	0	1	
1.512e-08	754	0.144424	0.716941	-0.68201	0.0803042	0.064479	-1	0	0	1	
1.516e-08	756	0.725061	0.682365	0.0930797	0.0630676	0.0641941	-1	0	0	1	
1.52e-08	758	-0.665393	-0.0636716	0.743773	0.0796292	0.0685559	-1	0	0	1	
1.524e-08	760	-0.557046	0.417672	0.717809	0.0551487	0.084524	-1	0	0	1	
1.528e-08	762	-0.531525	0.0284276	-0.846565	0.0574396	0.0749972	-1	0	0	1	
1.532e-08	764	0.670522	0.72744	0.14571	0.111378	0.0707224	-1	0	0	1	
1.536e-08	766	-0.117404	-0.976327	0.181665	0.0317633	0.0540061	-1	0	0	1	
1.54e-08	768	-0.932259	-0.23439	0.275598	0.0465395	0.0762906	-1	0	0	1	
1.544e-08	770	0.291171	-0.954495	0.0644847	0.0532414	0.0568496	-1	0	0	1	
1.548e-08	772	-0.423805	-0.752631	0.50392	0.074758	0.0604709	-1	0	0	1	
1.552e-08	774	0.639605	0.615844	-0.460045	0.0950265	0.0725165	-1	0	0	1	
1.556e-08	776	0.763624	0.0112761	0.645563	0.052422	0.0724557	-1	0	0	1	
1.56e-08	778	-0.00157934	0.623477	0.78184	0.0503177	0.0652852	-1	0	0	1	
1.564e-08	780	-0.859559	0.117658	-0.497307	0.101544	0.0676313	-1	0	0	1	
1.568e-08	782	0.972904	-0.193674	0.126283	0.0180709	0.0570946	-1	0	0	1	
1.572e-08	784	0.259644	-0.956179	-0.135299	0.0666369	0.0581852	-1	0	0	1	
1.576e-08	786	-0.398882	0.892005	-0.212651	0.059141	0.05335	-1	0	0	1	
1.58e-08	788	0.512231	0.621889	-0.592346	0.055451	0.0575725	-1	0	0	1	
1.584e-08	790	-0.53812	0.818391	0.201649	0.0396316	0.0572179	-1	0	0	1	
1.588e-08	792	-0.887531	0.387104	-0.24988	0.085035	0.0732691	-1	0	0	1	
1.592e-08	794	-0.900529	0.24506	0.359157	0.0561597	0.0489006	-1	0	0	1	
1.596e-08	796	0.567925	-0.321396	0.757737	0.044438	0.0649713	-1	0	0	1	
1.6e-08	798	0.594309	0.75081	0.288236	0.0762632	0.082708	-1	0	0	1	
1.604e-08	800	-0.711395	0.507687	0.485974	0.0321723	0.0695416	-1	0	0	1	
1.608e-08	802	0.204727	0.897207	-0.391288	0.0810655	0.0623583	-1	0	0	1	
1.612e-08	804	0.89237	-0.339898	-0.296892	0.0608407	0.0638834	-1	0	0	1	
1.616e-08	806	0.449004	0.54082	-0.711273	0.0421872	0.0716425	-1	0	0	1	
1.62e-08	808	-0.269481	0.556014	0.786275	0.0247382	0.0496628	-1	0	0	1	
1.624e-08	810	0.79166	0.610481	0.0242223	0.0182797	0.0468188	-1	0	0	1	
1.628e-08	812	0.515991	-0.118627	-0.84834	0.0321863	0.0544246	-1	0	0	1	
1.632e-08	814	-0.852676	-0.169314	0.494244	0.046869	0.0553684	-1	0	0	1	
1.636e-08	816	0.0308752	-0.231297	-0.972393	0.0347773	0.0539845	-1	0	0	1	
1.64e-08	818	0.821294	0.206248	0.53192	0.0824742	0.0524332	-1	0	0	1	
1.644e-08	820	0.741936	0.515491	0.42872	0.0921785	0.0540382	-1	0	0	1	
1.648e-08	822	-0.287749	-0.213162	-0.933682	0.0522261	0.0641627	-1	0	0	1	
1.652e-08	824	0.94735	-0.197515	0.252025	0.0352859	0.0495043	-1	0	0	1	
1.656e-08	826	-0.404595	-0.694578	-0.594865	0.0659687	0.0560433	-1	0	0	1	
1.66e-08	828	0.437318	-0.882323	-0.17395	0.0423209	0.052985	-1	0	0	1	
1.664e-08	830	0.253386	-0.445544	-0.858653	0.0695499	0.0646669	-1	0	0	1	
1.668e-08	832	-0.79784	0.0498502	-0.600804	0.0566377	0.0482283	-1	0	0	1	
1.672e-08	834	0.910274	0.0812114	0.405963	0.0757345	0.0435236	-1	0	0	1	
1.676e-08	836	0.722207	-0.685771	0.0901948	0.0454417	0.0494247	-1	0	0	1	
1.68e-08	838	-0.341779	0.911489	0.228854	0.0305803	0.0616675	-1	0	0	1	
1.684e-08	840	0.169736	-0.367146	-0.914545	0.0879348	0.0515373	-1	0	0	1	
1.688e-08	842	0.83766	0.545279	-0.0315723	0.0289048	0.0512431	-1	0	0	1	
1.692e-08	844	-0.442881	-0.692339	-0.56967	0.0668913	0.0495911	-1	0	0	1	
1.696e-08	846	-0.891503	-0.442885	-0.0952589	0.0601924	0.050419	-1	0	0	1	
1.7e-08	848	-0.331871	-0.367046	0.868987	0.069168	0.0452696	-1	0	0	1	
1.704e-08	850	0.909833	0.0246228	0.414243	0.0540402	0.0545847	-1	0	0	1	
1.708e-08	852	0.716038	-0.164074	0.678506	0.0701403	0.045958	-1	0	0	1	
1.712e-08	854	-0.00776446	0.465808	0.884852	0.0338879	0.0529126	-1	0	0	1	
1.716e-08	856	0.554856	-0.468823	-0.687269	0.0383757	0.0459025	-1	0	0	1	
1.72e-08	858	0.0234612	-0.684747	-0.728403	0.0458639	0.0488942	-1	0	0	1	
1.724e-08	860	-0.575016	-0.765373	0.289069	0.0845928	0.0556699	-1	0	0	1	
1.728e-08	862	0.0213828	-0.997974	0.0599207	0.0271686	0.0603068	-1	0	0	1	
1.732e-08	864	-0.353624	0.374669	-0.857072	0.0750986	0.0419054	-1	0	0	1	
1.736e-08	866	0.400808	-0.167481	-0.900723	0.0223378	0.046031	-1	0	0	1	
1.74e-08	868	-0.242418	-0.695903	-0.675983	0.0916962	0.0564725	-1	0	0	1	
1.744e-08	870	-0.897184	-0.166903	-0.408906	0.0210578	0.0422686	-1	0	0	1	
1.748e-08	872	-0.474386	-0.757302	-0.448834	0.0394236	0.0520029	-1	0	0	1	
1.752e-08	874	-0.964112	-0.135187	-0.2285	0.0761766	0.0450989	-1	0	0	1	
1.756e-08	876	0.688349	0.41501	0.594931	0.0445573	0.0421251	-1	0	0	1	
1.76e-08	878	-0.980274	0.0321695	-0.19501	0.0100765	0.0533169	-1	0	0	1	
1.764e-08	880	0.822576	0.453108	-0.343602	0.037304	0.0488552	-1	0	0	1	
1.768e-08	882	0.841464	-0.186285	-0.507185	0.0654009	0.0517212	-1	0	0	1	
1.772e-08	884	0.0257343	0.997164	0.070724	0.0342919	0.0473482	-1	0	0	1	
1.776e-08	886	0.919332	0.35893	-0.161238	0.0724964	0.0624656	-1	0	0	1	
1.78e-08	888	0.24542	-0.0478594	-0.968235	0.0621635	0.0457222	-1	0	0	1	
1.784e-08	890	-0.745196	-0.161408	0.647016	0.07979	0.046589	-1	0	0	1	
1.788e-08	892	-0.191695	0.967848	0.162862	0.0448197	0.0392478	-1	0	0	1	
1.792e-08	894	-0.132251	-0.974006	-0.183909	0.0507797	0.0482208	-1	0	0	1	
1.796e-08	896	0.503325	-0.283597	-0.816233	0.0311572	0.042732	-1	0	0	1	
1.8e-08	898	0.810521	0.0546907	-0.58315	0.0684225	0.0307815	-1	0	0	1	
1.804e-08	900	-0.666888	0.705561	0.239676	0.0600463	0.0451618	-1	0	0	1	
