#----------------------------------------------------------------------------------------------------------------------------------------------------------
# Output file for vampire simulation
#   time       : 2022-02-13 15:16:32     process id : 75172
#   hostname   : compute-0-1.local
#   path       : /home/MINT_SS/luknam/BER/WS_dia5/Thickness10/size_4.0_4.0_10nm/Temp_900/random_1
#----------------------------------------------------------------------------------------------------------------------------------------------------------
4e-11	0	0	0	1	1	1	-1	0	0	1	
8e-11	2	0.00172022	0.00289144	0.999994	0.998894	0.998906	-1	0	0	1	
1.2e-10	4	0.00468918	-0.00664417	0.999967	0.997886	0.997835	-1	0	0	1	
1.6e-10	6	-0.00942325	0.00393196	0.999948	0.996847	0.996755	-1	0	0	1	
2e-10	8	0.0122532	-0.0116348	0.999857	0.995627	0.995593	-1	0	0	1	
2.4e-10	10	0.000672243	0.00576822	0.999983	0.994439	0.994614	-1	0	0	1	
2.8e-10	12	0.000511345	-0.010453	0.999945	0.993219	0.99333	-1	0	0	1	
3.2e-10	14	0.00177844	0.00219559	0.999996	0.992547	0.992334	-1	0	0	1	
3.6e-10	16	0.02082	0.00804139	0.999751	0.99109	0.9912	-1	0	0	1	
4e-10	18	0.000664523	0.0145259	0.999894	0.98994	0.9899	-1	0	0	1	
4.4e-10	20	-0.0205573	0.000202551	0.999789	0.988935	0.988796	-1	0	0	1	
4.8e-10	22	0.0170298	0.00775293	0.999825	0.987685	0.987877	-1	0	0	1	
5.2e-10	24	0.00697982	-0.000691417	0.999975	0.986978	0.98677	-1	0	0	1	
5.6e-10	26	0.00391727	0.00974542	0.999945	0.985114	0.985491	-1	0	0	1	
6e-10	28	-0.00282357	0.00666059	0.999974	0.985082	0.984464	-1	0	0	1	
6.4e-10	30	-0.0011042	0.00132008	0.999999	0.983467	0.983292	-1	0	0	1	
6.8e-10	32	0.0275744	-0.00486325	0.999608	0.981268	0.982349	-1	0	0	1	
7.2e-10	34	-0.0261733	-0.015979	0.99953	0.981175	0.981187	-1	0	0	1	
7.6e-10	36	-0.00492367	-0.0104622	0.999933	0.979818	0.979812	-1	0	0	1	
8e-10	38	0.00914322	-0.0023763	0.999955	0.977986	0.978994	-1	0	0	1	
8.4e-10	40	-0.0205611	-0.00844959	0.999753	0.977388	0.978168	-1	0	0	1	
8.8e-10	42	-0.00852096	-0.04259	0.999056	0.977165	0.976564	-1	0	0	1	
9.2e-10	44	-0.017279	-0.0185637	0.999678	0.975188	0.975504	-1	0	0	1	
9.6e-10	46	0.0113421	0.00978815	0.999888	0.973228	0.97411	-1	0	0	1	
1e-09	48	0.00424525	-0.00290364	0.999987	0.972935	0.97318	-1	0	0	1	
1.04e-09	50	-0.0211337	0.0114605	0.999711	0.971425	0.972029	-1	0	0	1	
1.08e-09	52	0.0158371	-0.0261579	0.999532	0.970474	0.970892	-1	0	0	1	
1.12e-09	54	-0.0101295	-0.00065142	0.999948	0.971273	0.969902	-1	0	0	1	
1.16e-09	56	0.0213289	0.0093307	0.999729	0.967847	0.968698	-1	0	0	1	
1.2e-09	58	0.0085185	-0.0102733	0.999911	0.968145	0.967951	-1	0	0	1	
1.24e-09	60	-0.0176558	-0.0248026	0.999536	0.966076	0.96633	-1	0	0	1	
1.28e-09	62	-0.0349376	-0.0108283	0.999331	0.964934	0.964857	-1	0	0	1	
1.32e-09	64	0.0281877	-0.0181482	0.999438	0.962888	0.963957	-1	0	0	1	
1.36e-09	66	-0.0325582	-0.0175017	0.999317	0.962763	0.962444	-1	0	0	1	
1.4e-09	68	0.000276393	0.0296346	0.999561	0.963239	0.961954	-1	0	0	1	
1.44e-09	70	-0.0213746	0.00051805	0.999771	0.95974	0.960126	-1	0	0	1	
1.48e-09	72	0.0091639	-0.0120226	0.999886	0.958899	0.959394	-1	0	0	1	
1.52e-09	74	-4.01816e-05	0.019196	0.999816	0.955043	0.95818	-1	0	0	1	
1.56e-09	76	0.0451404	-0.00783453	0.99895	0.956101	0.957068	-1	0	0	1	
1.6e-09	78	0.0121463	0.0127967	0.999844	0.956103	0.956039	-1	0	0	1	
1.64e-09	80	0.035224	-0.0111299	0.999317	0.953934	0.954496	-1	0	0	1	
1.68e-09	82	0.0230556	0.0165947	0.999596	0.9527	0.953429	-1	0	0	1	
1.72e-09	84	0.0246889	0.0181934	0.99953	0.95073	0.951329	-1	0	0	1	
1.76e-09	86	0.00643338	0.000500752	0.999979	0.951629	0.951139	-1	0	0	1	
1.8e-09	88	-0.0160134	-0.00873307	0.999834	0.949041	0.949905	-1	0	0	1	
1.84e-09	90	0.0162621	0.0479351	0.998718	0.94707	0.948334	-1	0	0	1	
1.88e-09	92	0.0191548	0.0222347	0.999569	0.944284	0.947367	-1	0	0	1	
1.92e-09	94	-0.0188149	-0.0121229	0.999749	0.946771	0.947067	-1	0	0	1	
1.96e-09	96	-0.0362086	0.0364935	0.998678	0.943453	0.945316	-1	0	0	1	
2e-09	98	0.0103195	-0.0372415	0.999253	0.945588	0.944262	-1	0	0	1	
2.04e-09	100	0.00128178	0.00354458	0.999993	0.942523	0.943395	-1	0	0	1	
2.08e-09	102	0.0137404	0.00968932	0.999859	0.943155	0.941382	-1	0	0	1	
2.12e-09	104	0.0255792	0.0548669	0.998166	0.938978	0.939519	-1	0	0	1	
2.16e-09	106	-0.00194544	-0.0197979	0.999802	0.939736	0.939503	-1	0	0	1	
2.2e-09	108	-0.00441534	0.0398851	0.999195	0.93696	0.937316	-1	0	0	1	
2.24e-09	110	0.0224788	0.00809651	0.999715	0.939621	0.936341	-1	0	0	1	
2.28e-09	112	0.0139432	0.0200183	0.999702	0.93473	0.935929	-1	0	0	1	
2.32e-09	114	-0.0470319	-0.00776511	0.998863	0.932268	0.934056	-1	0	0	1	
2.36e-09	116	-0.0159461	0.0252739	0.999553	0.932179	0.933461	-1	0	0	1	
2.4e-09	118	-0.0450951	0.00216852	0.99898	0.929897	0.931313	-1	0	0	1	
2.44e-09	120	-0.0215181	0.00436141	0.999759	0.92674	0.930053	-1	0	0	1	
2.48e-09	122	-0.00543468	0.0194925	0.999795	0.92924	0.928693	-1	0	0	1	
2.52e-09	124	0.0347345	0.028092	0.999002	0.925657	0.927087	-1	0	0	1	
2.56e-09	126	0.0591707	0.00952365	0.998202	0.92405	0.926875	-1	0	0	1	
2.6e-09	128	-0.0592041	0.00759815	0.998217	0.927734	0.924767	-1	0	0	1	
2.64e-09	130	0.0525239	0.00319754	0.998615	0.925937	0.923396	-1	0	0	1	
2.68e-09	132	-0.0377919	-0.00607213	0.999267	0.922456	0.92406	-1	0	0	1	
2.72e-09	134	-0.0198192	0.00856592	0.999767	0.91731	0.922036	-1	0	0	1	
2.76e-09	136	0.00237229	0.0503188	0.99873	0.919962	0.920372	-1	0	0	1	
2.8e-09	138	-0.00389949	0.0375215	0.999288	0.922462	0.919973	-1	0	0	1	
2.84e-09	140	-0.0224407	-0.0247249	0.999442	0.916771	0.918218	-1	0	0	1	
2.88e-09	142	-0.0280344	0.0515524	0.998277	0.917862	0.916774	-1	0	0	1	
2.92e-09	144	0.0491733	-0.0154944	0.99867	0.91652	0.914955	-1	0	0	1	
2.96e-09	146	0.013187	0.00616907	0.999894	0.91264	0.914004	-1	0	0	1	
3e-09	148	0.0244952	0.0240107	0.999412	0.915825	0.913711	-1	0	0	1	
3.04e-09	150	0.0559677	0.0445761	0.997437	0.912344	0.911936	-1	0	0	1	
3.08e-09	152	0.00725485	-0.0212653	0.999748	0.912984	0.912066	-1	0	0	1	
3.12e-09	154	0.0398237	0.00631963	0.999187	0.913258	0.909011	-1	0	0	1	
3.16e-09	156	-0.029814	0.0385438	0.998812	0.911363	0.908266	-1	0	0	1	
3.2e-09	158	-0.0342757	0.0309626	0.998933	0.912453	0.905884	-1	0	0	1	
3.24e-09	160	-0.0134454	0.00189392	0.999908	0.908666	0.906639	-1	0	0	1	
3.28e-09	162	-0.0350593	0.0120635	0.999312	0.904889	0.902581	-1	0	0	1	
3.32e-09	164	0.0485396	0.0401295	0.998015	0.904783	0.903211	-1	0	0	1	
3.36e-09	166	-0.0111844	0.0374099	0.999237	0.907357	0.901528	-1	0	0	1	
3.4e-09	168	-0.0205356	-0.0168351	0.999647	0.901845	0.899455	-1	0	0	1	
3.44e-09	170	0.0219531	-0.0237072	0.999478	0.898745	0.900618	-1	0	0	1	
3.48e-09	172	-0.0200252	0.0250153	0.999486	0.892684	0.897587	-1	0	0	1	
3.52e-09	174	-0.0372189	-0.0178264	0.999148	0.898526	0.898214	-1	0	0	1	
3.56e-09	176	0.0622815	0.039519	0.997276	0.896357	0.895071	-1	0	0	1	
3.6e-09	178	0.00202826	0.0197554	0.999803	0.895701	0.89353	-1	0	0	1	
3.64e-09	180	-0.0484876	-0.0195457	0.998633	0.891347	0.893778	-1	0	0	1	
3.68e-09	182	-0.0285092	0.00206964	0.999591	0.884536	0.890014	-1	0	0	1	
3.72e-09	184	-0.0271198	0.0260364	0.999293	0.879976	0.889629	-1	0	0	1	
3.76e-09	186	0.0356033	-0.00504721	0.999353	0.887761	0.887612	-1	0	0	1	
3.8e-09	188	-0.0287741	-0.0135606	0.999494	0.878263	0.886427	-1	0	0	1	
3.84e-09	190	0.0501624	-0.0226346	0.998485	0.882253	0.885567	-1	0	0	1	
3.88e-09	192	0.0224088	-0.00850008	0.999713	0.883568	0.883724	-1	0	0	1	
3.92e-09	194	0.00270217	0.0138522	0.9999	0.885377	0.882586	-1	0	0	1	
3.96e-09	196	-0.00343208	-0.0210158	0.999773	0.876001	0.882349	-1	0	0	1	
4e-09	198	0.100763	-0.0951029	0.990355	0.8794	0.880919	-1	0	0	1	
4.04e-09	200	0.0573212	-0.02619	0.998012	0.880745	0.878666	-1	0	0	1	
4.08e-09	202	-0.013433	-0.0116052	0.999842	0.877474	0.879406	-1	0	0	1	
4.12e-09	204	0.126124	-0.00822103	0.99198	0.880642	0.876908	-1	0	0	1	
4.16e-09	206	0.0444142	0.0314616	0.998518	0.878135	0.876109	-1	0	0	1	
4.2e-09	208	-0.0361994	0.0208516	0.999127	0.873895	0.874103	-1	0	0	1	
4.24e-09	210	0.00648985	-0.0404491	0.999161	0.869304	0.872517	-1	0	0	1	
4.28e-09	212	0.0368226	-0.0621327	0.997388	0.873463	0.871213	-1	0	0	1	
4.32e-09	214	-0.033451	0.0186412	0.999266	0.874734	0.869666	-1	0	0	1	
4.36e-09	216	-0.0354953	0.0779412	0.996326	0.871284	0.869345	-1	0	0	1	
4.4e-09	218	0.0158602	0.0368916	0.999193	0.870158	0.868771	-1	0	0	1	
4.44e-09	220	0.0314045	0.0565514	0.997906	0.867984	0.867166	-1	0	0	1	
4.48e-09	222	0.0205203	0.0336352	0.999223	0.866365	0.865763	-1	0	0	1	
4.52e-09	224	0.0657936	0.0316521	0.997331	0.868807	0.863537	-1	0	0	1	
4.56e-09	226	0.0266699	-0.0824165	0.996241	0.865005	0.862645	-1	0	0	1	
4.6e-09	228	0.0409307	0.080699	0.995898	0.86644	0.860566	-1	0	0	1	
4.64e-09	230	0.0403257	0.0250921	0.998871	0.856087	0.857332	-1	0	0	1	
4.68e-09	232	0.00606054	-0.041868	0.999105	0.856758	0.855906	-1	0	0	1	
4.72e-09	234	-0.0196519	0.0551012	0.998287	0.861092	0.859106	-1	0	0	1	
4.76e-09	236	0.0353575	0.0294068	0.998942	0.846482	0.855237	-1	0	0	1	
4.8e-09	238	0.00982641	-0.0178989	0.999792	0.857556	0.853854	-1	0	0	1	
4.84e-09	240	0.0179349	-0.0192114	0.999655	0.852014	0.852962	-1	0	0	1	
4.88e-09	242	0.0573649	-0.0210333	0.998132	0.849016	0.851128	-1	0	0	1	
4.92e-09	244	-0.0683418	0.0539504	0.996202	0.851298	0.851318	-1	0	0	1	
4.96e-09	246	-0.0546591	0.0735544	0.995792	0.851769	0.849302	-1	0	0	1	
5e-09	248	-0.0313127	-0.0224195	0.999258	0.84353	0.845059	-1	0	0	1	
5.04e-09	250	0.0196902	0.0358673	0.999163	0.84177	0.84571	-1	0	0	1	
5.08e-09	252	-0.0179471	-0.0365385	0.999171	0.843915	0.845695	-1	0	0	1	
5.12e-09	254	0.0196035	0.0215395	0.999576	0.84551	0.840665	-1	0	0	1	
5.16e-09	256	-0.0476323	0.000872507	0.998865	0.845816	0.838407	-1	0	0	1	
5.2e-09	258	-0.014484	-0.0347571	0.999291	0.847582	0.83857	-1	0	0	1	
5.24e-09	260	-0.0150563	-0.0536342	0.998447	0.831012	0.835603	-1	0	0	1	
5.28e-09	262	-0.0510926	0.0526339	0.997306	0.835916	0.836028	-1	0	0	1	
5.32e-09	264	0.00646559	0.0152569	0.999863	0.838391	0.83349	-1	0	0	1	
5.36e-09	266	-0.00418143	-0.0276493	0.999609	0.833992	0.829995	-1	0	0	1	
5.4e-09	268	-0.0145766	-0.0798573	0.9967	0.834614	0.831513	-1	0	0	1	
5.44e-09	270	0.0697089	-0.0232891	0.997295	0.832056	0.831344	-1	0	0	1	
5.48e-09	272	0.0583387	-0.0348628	0.997688	0.822389	0.830673	-1	0	0	1	
5.52e-09	274	-0.0739062	0.0279236	0.996874	0.837321	0.830111	-1	0	0	1	
5.56e-09	276	0.0396049	-0.0520629	0.997858	0.827422	0.825918	-1	0	0	1	
5.6e-09	278	-0.0353616	-0.0285727	0.998966	0.83396	0.826244	-1	0	0	1	
5.64e-09	280	-0.0598952	-0.0112497	0.998141	0.828272	0.821582	-1	0	0	1	
5.68e-09	282	-0.0300358	-0.0216333	0.999315	0.820318	0.820782	-1	0	0	1	
5.72e-09	284	-0.0264065	0.0362123	0.998995	0.818263	0.818432	-1	0	0	1	
5.76e-09	286	0.0419036	0.108502	0.993213	0.828531	0.818858	-1	0	0	1	
5.8e-09	288	0.0400261	0.11107	0.993006	0.81676	0.814879	-1	0	0	1	
5.84e-09	290	0.0452336	4.08494e-05	0.998976	0.8097	0.815286	-1	0	0	1	
5.88e-09	292	0.0214341	-0.0660665	0.997585	0.816103	0.811212	-1	0	0	1	
5.92e-09	294	-0.0284697	-0.04052	0.998773	0.819731	0.813954	-1	0	0	1	
5.96e-09	296	0.00132835	-0.0844998	0.996423	0.810943	0.809808	-1	0	0	1	
6e-09	298	0.0364851	-0.000271151	0.999334	0.807173	0.80673	-1	0	0	1	
6.04e-09	300	0.0168053	0.0125964	0.999779	0.809727	0.806214	-1	0	0	1	
6.08e-09	302	0.0207393	0.00138823	0.999784	0.808091	0.808531	-1	0	0	1	
6.12e-09	304	0.0258139	0.0353029	0.999043	0.81158	0.802243	-1	0	0	1	
6.16e-09	306	0.0646289	-0.108431	0.992001	0.790506	0.801526	-1	0	0	1	
6.2e-09	308	0.0348417	0.0104801	0.999338	0.808873	0.801738	-1	0	0	1	
6.24e-09	310	-0.0648947	0.015115	0.997778	0.784376	0.796119	-1	0	0	1	
6.28e-09	312	-0.0943552	-0.0757684	0.992651	0.793364	0.796618	-1	0	0	1	
6.32e-09	314	-0.0273256	0.0199111	0.999428	0.790672	0.791745	-1	0	0	1	
6.36e-09	316	-0.0282794	0.0616995	0.997694	0.79117	0.7936	-1	0	0	1	
6.4e-09	318	0.011304	-0.0314335	0.999442	0.797731	0.793616	-1	0	0	1	
6.44e-09	320	0.114132	0.0270597	0.993097	0.787562	0.792011	-1	0	0	1	
6.48e-09	322	0.0217954	-0.0681957	0.997434	0.783735	0.788484	-1	0	0	1	
6.52e-09	324	-0.00734678	-0.0936239	0.995581	0.787533	0.787073	-1	0	0	1	
6.56e-09	326	-0.037408	0.0307406	0.998827	0.791371	0.786544	-1	0	0	1	
6.6e-09	328	-0.00183276	-0.00372809	0.999991	0.781892	0.78295	-1	0	0	1	
6.64e-09	330	-0.0298163	0.0329818	0.999011	0.764834	0.782588	-1	0	0	1	
6.68e-09	332	-0.0354561	-0.0250149	0.999058	0.784603	0.781991	-1	0	0	1	
6.72e-09	334	0.0251302	0.0109953	0.999624	0.773189	0.780905	-1	0	0	1	
6.76e-09	336	-0.0193706	0.028455	0.999407	0.795226	0.781332	-1	0	0	1	
6.8e-09	338	-0.0154828	-0.155027	0.987789	0.769425	0.775528	-1	0	0	1	
6.84e-09	340	-0.0021952	0.0363942	0.999335	0.777239	0.774929	-1	0	0	1	
6.88e-09	342	-0.00250358	-0.0149606	0.999885	0.770842	0.773752	-1	0	0	1	
6.92e-09	344	0.000692223	-0.0141848	0.999899	0.765138	0.767955	-1	0	0	1	
6.96e-09	346	-0.0318103	-0.104949	0.993969	0.76092	0.770132	-1	0	0	1	
7e-09	348	0.0448604	0.187334	0.981271	0.757312	0.765368	-1	0	0	1	
7.04e-09	350	-0.051557	-0.0349425	0.998059	0.778434	0.767075	-1	0	0	1	
7.08e-09	352	-0.0621594	-0.0266911	0.997709	0.774037	0.765063	-1	0	0	1	
7.12e-09	354	0.119547	0.030795	0.992351	0.759386	0.757989	-1	0	0	1	
7.16e-09	356	0.042565	0.154586	0.987062	0.748669	0.763461	-1	0	0	1	
7.2e-09	358	0.161318	-0.0193981	0.986712	0.749121	0.758407	-1	0	0	1	
7.24e-09	360	0.0265594	0.0557588	0.998091	0.763108	0.75822	-1	0	0	1	
7.28e-09	362	-0.0737323	-0.114323	0.990704	0.752801	0.754863	-1	0	0	1	
7.32e-09	364	0.0585156	0.0897903	0.99424	0.759939	0.753895	-1	0	0	1	
7.36e-09	366	0.020118	0.040812	0.998964	0.755207	0.747921	-1	0	0	1	
7.4e-09	368	0.0906927	-0.0721931	0.993259	0.759015	0.751065	-1	0	0	1	
7.44e-09	370	-0.0248984	0.052517	0.99831	0.741924	0.745778	-1	0	0	1	
7.48e-09	372	-0.0446712	0.107816	0.993167	0.742963	0.747554	-1	0	0	1	
7.52e-09	374	-0.0685158	0.0472217	0.996532	0.724933	0.739216	-1	0	0	1	
7.56e-09	376	-0.0899892	-0.105814	0.990306	0.742527	0.747093	-1	0	0	1	
7.6e-09	378	-0.0149371	0.0877308	0.996032	0.742181	0.740701	-1	0	0	1	
7.64e-09	380	0.101642	-0.0948982	0.990284	0.749232	0.739182	-1	0	0	1	
7.68e-09	382	0.0745646	-0.0439301	0.996248	0.738558	0.738426	-1	0	0	1	
7.72e-09	384	-0.0743544	-0.0106214	0.997175	0.733874	0.733829	-1	0	0	1	
7.76e-09	386	0.109839	0.000531614	0.993949	0.735684	0.73039	-1	0	0	1	
7.8e-09	388	-0.0337021	-0.0589404	0.997692	0.748685	0.731336	-1	0	0	1	
7.84e-09	390	-0.0587353	0.127197	0.990137	0.732158	0.731931	-1	0	0	1	
7.88e-09	392	-0.0758241	0.045203	0.996096	0.726405	0.725768	-1	0	0	1	
7.92e-09	394	0.195949	-0.104619	0.975017	0.71453	0.719679	-1	0	0	1	
7.96e-09	396	0.0378749	-0.040994	0.998441	0.729868	0.72335	-1	0	0	1	
8e-09	398	-0.040731	0.146329	0.988397	0.708847	0.718316	-1	0	0	1	
8.04e-09	400	0.142036	-0.150515	0.978351	0.704912	0.714058	-1	0	0	1	
8.08e-09	402	0.0744466	-0.0480486	0.996067	0.735383	0.721041	-1	0	0	1	
8.12e-09	404	-0.0485654	0.145438	0.988175	0.716044	0.7174	-1	0	0	1	
8.16e-09	406	0.0554824	0.0772988	0.995463	0.713225	0.713538	-1	0	0	1	
8.2e-09	408	0.039661	-0.145967	0.988494	0.707439	0.71268	-1	0	0	1	
8.24e-09	410	0.0797099	-0.132036	0.988035	0.705807	0.711507	-1	0	0	1	
8.28e-09	412	-0.0702799	-0.07236	0.994899	0.697579	0.707645	-1	0	0	1	
8.32e-09	414	-0.103271	-0.000678123	0.994653	0.69785	0.705528	-1	0	0	1	
8.36e-09	416	0.0571281	-0.075147	0.995535	0.698235	0.699563	-1	0	0	1	
8.4e-09	418	0.0911293	0.0874746	0.99199	0.715031	0.702904	-1	0	0	1	
8.44e-09	420	-0.103616	-0.106287	0.988922	0.677419	0.69492	-1	0	0	1	
8.48e-09	422	0.0467828	-0.0571723	0.997268	0.693167	0.697828	-1	0	0	1	
8.52e-09	424	0.0291013	0.0860288	0.995868	0.692476	0.696799	-1	0	0	1	
8.56e-09	426	-0.0599693	0.0513522	0.996878	0.683259	0.695594	-1	0	0	1	
8.6e-09	428	-0.030788	0.076345	0.996606	0.685105	0.690817	-1	0	0	1	
8.64e-09	430	0.0482918	0.00979205	0.998785	0.713301	0.694791	-1	0	0	1	
8.68e-09	432	-0.0630465	0.031472	0.997514	0.683494	0.686791	-1	0	0	1	
8.72e-09	434	-0.105585	0.121638	0.986943	0.692738	0.680008	-1	0	0	1	
8.76e-09	436	0.0509741	-0.113123	0.992273	0.685192	0.683932	-1	0	0	1	
8.8e-09	438	0.060828	0.0320847	0.997632	0.681377	0.677029	-1	0	0	1	
8.84e-09	440	-0.033467	-0.148185	0.988393	0.677351	0.680809	-1	0	0	1	
8.88e-09	442	0.0737582	-0.0201387	0.997073	0.686759	0.679886	-1	0	0	1	
8.92e-09	444	-0.0522311	0.0749497	0.995818	0.676729	0.675083	-1	0	0	1	
8.96e-09	446	0.0475627	0.163889	0.985332	0.68359	0.677156	-1	0	0	1	
9e-09	448	-0.0261704	0.0922946	0.995388	0.657417	0.66763	-1	0	0	1	
9.04e-09	450	0.0123912	-0.0135071	0.999832	0.66494	0.668356	-1	0	0	1	
9.08e-09	452	0.051414	0.103179	0.993333	0.687311	0.661656	-1	0	0	1	
9.12e-09	454	0.126136	-0.117973	0.984973	0.683035	0.670966	-1	0	0	1	
9.16e-09	456	0.102307	0.0240269	0.994463	0.673369	0.662585	-1	0	0	1	
9.2e-09	458	0.138379	-0.00217322	0.990377	0.652583	0.664996	-1	0	0	1	
9.24e-09	460	0.0335647	-0.0269844	0.999072	0.662555	0.655707	-1	0	0	1	
9.28e-09	462	0.107783	-0.123776	0.986439	0.656974	0.648413	-1	0	0	1	
9.32e-09	464	-0.15426	-0.267963	0.950999	0.663056	0.660166	-1	0	0	1	
9.36e-09	466	-0.182819	-0.153778	0.971046	0.618849	0.643912	-1	0	0	1	
9.4e-09	468	-0.142544	0.0575973	0.988111	0.642302	0.647824	-1	0	0	1	
9.44e-09	470	-0.0428193	-0.1217	0.991643	0.627684	0.646198	-1	0	0	1	
9.48e-09	472	-0.240194	0.177333	0.95439	0.655847	0.643134	-1	0	0	1	
9.52e-09	474	0.0349569	-0.0216321	0.999155	0.623965	0.645295	-1	0	0	1	
9.56e-09	476	-0.0617861	0.0652	0.995958	0.633456	0.63848	-1	0	0	1	
9.6e-09	478	0.0710101	-0.113279	0.991022	0.653147	0.642428	-1	0	0	1	
9.64e-09	480	-0.0783327	-0.0929373	0.992586	0.633644	0.625466	-1	0	0	1	
9.68e-09	482	0.00455028	-0.222411	0.974942	0.616452	0.630247	-1	0	0	1	
9.72e-09	484	-0.0151404	0.124478	0.992107	0.637338	0.627047	-1	0	0	1	
9.76e-09	486	-0.141261	-0.0190809	0.989789	0.634664	0.618596	-1	0	0	1	
9.8e-09	488	0.0622416	0.0443074	0.997077	0.623666	0.625246	-1	0	0	1	
9.84e-09	490	-0.000369442	0.0499104	0.998754	0.628855	0.617161	-1	0	0	1	
9.88e-09	492	-0.0550674	-0.158677	0.985794	0.60219	0.613507	-1	0	0	1	
9.92e-09	494	0.148951	-0.114029	0.982248	0.603413	0.609977	-1	0	0	1	
9.96e-09	496	0.195903	-0.105336	0.974949	0.643999	0.606721	-1	0	0	1	
1e-08	498	-0.00782595	-0.21785	0.975951	0.625559	0.606146	-1	0	0	1	
1.004e-08	500	0.0218095	-0.121202	0.992388	0.606141	0.604091	-1	0	0	1	
1.008e-08	502	0.0252491	0.0138758	0.999585	0.607232	0.604144	-1	0	0	1	
1.012e-08	504	0.0995923	0.0212835	0.994801	0.616609	0.606538	-1	0	0	1	
1.016e-08	506	-0.04342	0.128848	0.990713	0.604818	0.591907	-1	0	0	1	
1.02e-08	508	0.0518061	-0.0186934	0.998482	0.601109	0.59668	-1	0	0	1	
1.024e-08	510	-0.209888	0.0196808	0.977527	0.606228	0.595392	-1	0	0	1	
1.028e-08	512	-0.0824208	-0.0225149	0.996343	0.60478	0.582473	-1	0	0	1	
1.032e-08	514	0.218743	0.0841126	0.97215	0.597825	0.584522	-1	0	0	1	
1.036e-08	516	0.0485309	-0.029318	0.998391	0.58623	0.591711	-1	0	0	1	
1.04e-08	518	0.269131	0.0314529	0.96259	0.567556	0.584376	-1	0	0	1	
1.044e-08	520	0.149227	0.0825997	0.985347	0.554319	0.572326	-1	0	0	1	
1.048e-08	522	0.0710007	0.12249	0.989927	0.573447	0.571691	-1	0	0	1	
1.052e-08	524	0.0278988	-0.000398816	0.999611	0.573283	0.576558	-1	0	0	1	
1.056e-08	526	0.0396959	0.133068	0.990312	0.596374	0.575966	-1	0	0	1	
1.06e-08	528	-0.0851125	-0.0787077	0.993258	0.551167	0.555835	-1	0	0	1	
1.064e-08	530	0.252692	-0.195205	0.947651	0.568723	0.567286	-1	0	0	1	
1.068e-08	532	0.283083	-0.0341825	0.958486	0.576017	0.560548	-1	0	0	1	
1.072e-08	534	0.246296	-0.17267	0.953689	0.574878	0.558488	-1	0	0	1	
1.076e-08	536	0.0154871	0.196524	0.980377	0.52227	0.551826	-1	0	0	1	
1.08e-08	538	0.29176	0.182699	0.938881	0.534664	0.552879	-1	0	0	1	
1.084e-08	540	0.0242875	0.148393	0.98863	0.536254	0.548926	-1	0	0	1	
1.088e-08	542	-0.19115	-0.0345095	0.980954	0.536771	0.541776	-1	0	0	1	
1.092e-08	544	0.0929794	-0.00783887	0.995637	0.53138	0.539542	-1	0	0	1	
1.096e-08	546	0.199175	-0.0406451	0.979121	0.533379	0.549027	-1	0	0	1	
1.1e-08	548	0.163308	-0.162113	0.973165	0.506231	0.531885	-1	0	0	1	
1.104e-08	550	0.151401	0.173796	0.973074	0.533401	0.523703	-1	0	0	1	
1.108e-08	552	0.0579758	0.0363855	0.997655	0.475958	0.525765	-1	0	0	1	
1.112e-08	554	0.0270023	0.0937967	0.995225	0.519822	0.525408	-1	0	0	1	
1.116e-08	556	0.0881933	-0.0277485	0.995717	0.535361	0.514549	-1	0	0	1	
1.12e-08	558	-0.472963	-0.0621819	0.878885	0.501831	0.510878	-1	0	0	1	
1.124e-08	560	0.196719	-0.181893	0.96344	0.534533	0.521927	-1	0	0	1	
1.128e-08	562	-0.0557951	0.0230937	0.998175	0.503919	0.514319	-1	0	0	1	
1.132e-08	564	0.0154216	-0.0694277	0.997468	0.506152	0.519635	-1	0	0	1	
1.136e-08	566	0.179295	-0.039384	0.983007	0.510391	0.491886	-1	0	0	1	
1.14e-08	568	-0.0912018	-0.0807579	0.992552	0.508806	0.507433	-1	0	0	1	
1.144e-08	570	-0.185572	-0.159823	0.969546	0.48235	0.494666	-1	0	0	1	
1.148e-08	572	-0.0471371	-0.196217	0.979427	0.499262	0.492096	-1	0	0	1	
1.152e-08	574	0.121384	0.16643	0.978554	0.509741	0.48401	-1	0	0	1	
1.156e-08	576	-0.143467	0.10709	0.983844	0.449191	0.482715	-1	0	0	1	
1.16e-08	578	-0.312031	-0.00127561	0.950071	0.459284	0.484683	-1	0	0	1	
1.164e-08	580	-0.143855	-0.169641	0.97495	0.440676	0.460282	-1	0	0	1	
1.168e-08	582	-0.0446734	-0.454674	0.889537	0.436775	0.462871	-1	0	0	1	
1.172e-08	584	0.0603432	-0.123963	0.99045	0.490476	0.476818	-1	0	0	1	
1.176e-08	586	0.0206027	-0.252788	0.967302	0.478756	0.446997	-1	0	0	1	
1.18e-08	588	0.408873	-0.0208433	0.912353	0.437783	0.467032	-1	0	0	1	
1.184e-08	590	-0.356095	0.281127	0.891159	0.417849	0.433149	-1	0	0	1	
1.188e-08	592	-0.108798	-0.318447	0.941676	0.471852	0.461726	-1	0	0	1	
1.192e-08	594	0.0864806	-0.1514	0.984682	0.431974	0.445154	-1	0	0	1	
1.196e-08	596	0.189079	0.236482	0.953061	0.442326	0.440345	-1	0	0	1	
1.2e-08	598	-0.0579742	0.102274	-0.993065	0.440505	0.447214	-1	0	0	1	
1.204e-08	600	0.0113967	-0.213384	-0.976902	0.45525	0.457523	-1	0	0	1	
1.208e-08	602	-0.155298	0.118371	-0.98075	0.43082	0.436147	-1	0	0	1	
1.212e-08	604	-0.156931	-0.0819779	-0.984201	0.399376	0.441262	-1	0	0	1	
1.216e-08	606	0.274788	-0.334707	-0.901367	0.463341	0.427074	-1	0	0	1	
1.22e-08	608	0.23663	-0.182188	-0.954366	0.479672	0.428211	-1	0	0	1	
1.224e-08	610	-0.0906962	-0.141467	-0.985779	0.389942	0.426097	-1	0	0	1	
1.228e-08	612	0.135415	-0.298163	-0.944861	0.402458	0.421081	-1	0	0	1	
1.232e-08	614	-0.251905	-0.0507097	-0.966422	0.425713	0.418269	-1	0	0	1	
1.236e-08	616	0.164868	-0.109197	-0.980252	0.372605	0.412113	-1	0	0	1	
1.24e-08	618	0.0858297	-0.0999183	-0.991287	0.410425	0.416699	-1	0	0	1	
1.244e-08	620	-0.327054	-0.115008	-0.937981	0.426445	0.42023	-1	0	0	1	
1.248e-08	622	-0.280632	0.0124537	-0.959735	0.350451	0.395503	-1	0	0	1	
1.252e-08	624	0.186823	0.156373	-0.969868	0.397736	0.396215	-1	0	0	1	
1.256e-08	626	-0.0640265	0.195196	-0.978672	0.370575	0.384906	-1	0	0	1	
1.26e-08	628	0.0729015	-0.0848663	-0.993722	0.40337	0.382133	-1	0	0	1	
1.264e-08	630	-0.243189	0.234988	-0.941084	0.405265	0.397893	-1	0	0	1	
1.268e-08	632	0.0215732	0.0587906	-0.998037	0.379645	0.358409	-1	0	0	1	
1.272e-08	634	-0.226276	-0.300378	-0.926592	0.324087	0.355442	-1	0	0	1	
1.276e-08	636	-0.102667	0.465438	-0.879106	0.343278	0.36531	-1	0	0	1	
1.28e-08	638	0.20491	-0.107499	-0.97286	0.346349	0.360441	-1	0	0	1	
1.284e-08	640	0.103487	-0.225339	-0.968769	0.370205	0.357956	-1	0	0	1	
1.288e-08	642	0.096166	0.053248	-0.99394	0.357287	0.34666	-1	0	0	1	
1.292e-08	644	0.144777	-0.00827604	-0.98943	0.391487	0.369543	-1	0	0	1	
1.296e-08	646	-0.397856	0.50167	-0.768139	0.23794	0.317602	-1	0	0	1	
1.3e-08	648	0.0224609	-0.0472402	-0.998631	0.307247	0.302361	-1	0	0	1	
1.304e-08	650	0.141113	-0.245112	-0.95917	0.333144	0.332946	-1	0	0	1	
1.308e-08	652	-0.128827	0.0877554	-0.987777	0.35143	0.315146	-1	0	0	1	
1.312e-08	654	0.153698	0.196336	-0.968416	0.332838	0.317251	-1	0	0	1	
1.316e-08	656	-0.165582	0.535968	-0.827841	0.190954	0.280305	-1	0	0	1	
1.32e-08	658	-0.0152322	0.0990262	-0.994968	0.267096	0.29696	-1	0	0	1	
1.324e-08	660	-0.27263	0.215408	-0.937695	0.325034	0.300284	-1	0	0	1	
1.328e-08	662	0.0795158	-0.212589	-0.973901	0.265378	0.289011	-1	0	0	1	
1.332e-08	664	-0.180244	-0.067418	-0.981309	0.345738	0.269317	-1	0	0	1	
1.336e-08	666	0.396339	0.677303	-0.61982	0.170799	0.253768	-1	0	0	1	
1.34e-08	668	-0.0503173	0.0221056	-0.998489	0.283466	0.249109	-1	0	0	1	
1.344e-08	670	0.115777	-0.372496	-0.920783	0.235252	0.241905	-1	0	0	1	
1.348e-08	672	0.510671	0.828113	-0.231181	0.23458	0.258709	-1	0	0	1	
1.352e-08	674	-0.301748	0.301203	-0.904558	0.251319	0.215214	-1	0	0	1	
1.356e-08	676	0.0577068	0.197332	-0.978637	0.226397	0.203305	-1	0	0	1	
1.36e-08	678	0.26026	0.353156	-0.898635	0.192251	0.223447	-1	0	0	1	
1.364e-08	680	-0.0222543	-0.561731	-0.82702	0.237282	0.243845	-1	0	0	1	
1.368e-08	682	0.772975	0.184652	-0.606971	0.203266	0.202618	-1	0	0	1	
1.372e-08	684	0.183601	0.095923	-0.97831	0.211821	0.209736	-1	0	0	1	
1.376e-08	686	-0.054486	-0.174197	-0.983202	0.16939	0.175366	-1	0	0	1	
1.38e-08	688	-0.272182	0.617667	-0.737838	0.208278	0.170236	-1	0	0	1	
1.384e-08	690	-0.398532	-0.65292	-0.644103	0.141865	0.177899	-1	0	0	1	
1.388e-08	692	-0.711722	0.253822	-0.655001	0.161459	0.145912	-1	0	0	1	
1.392e-08	694	-0.0217485	0.139084	-0.990042	0.201027	0.165123	-1	0	0	1	
1.396e-08	696	0.148982	-0.0941881	-0.984344	0.0529298	0.137218	-1	0	0	1	
1.4e-08	698	0.156532	0.635204	-0.756315	0.202069	0.13453	-1	0	0	1	
1.404e-08	700	-0.620413	-0.734767	-0.274236	0.0860472	0.127234	-1	0	0	1	
1.408e-08	702	-0.647825	-0.155336	0.745784	0.0583413	0.128364	-1	0	0	1	
1.412e-08	704	0.588137	-0.68183	-0.434975	0.0791605	0.11479	-1	0	0	1	
1.416e-08	706	0.769281	-0.442476	-0.460892	0.112153	0.123195	-1	0	0	1	
1.42e-08	708	0.359076	0.262228	-0.895713	0.111533	0.0860756	-1	0	0	1	
1.424e-08	710	-0.420776	0.545553	-0.724789	0.0816176	0.103796	-1	0	0	1	
1.428e-08	712	0.511635	0.356202	-0.781889	0.0800234	0.126901	-1	0	0	1	
1.432e-08	714	0.231948	0.0084299	-0.972692	0.12915	0.108183	-1	0	0	1	
1.436e-08	716	0.711201	-0.340077	-0.615256	0.113809	0.0907517	-1	0	0	1	
1.44e-08	718	0.303132	0.500631	-0.810851	0.126042	0.100874	-1	0	0	1	
1.444e-08	720	-0.616772	0.377331	0.690806	0.145372	0.0994261	-1	0	0	1	
1.448e-08	722	-0.301521	0.62538	-0.719712	0.0451769	0.0849954	-1	0	0	1	
1.452e-08	724	0.52145	0.852971	0.0230181	0.0314721	0.0817482	-1	0	0	1	
1.456e-08	726	0.81221	-0.0953887	-0.575514	0.123271	0.0820766	-1	0	0	1	
1.46e-08	728	-0.257718	0.0167415	-0.966075	0.12682	0.086008	-1	0	0	1	
1.464e-08	730	-0.152185	-0.295054	-0.943283	0.0704605	0.0856646	-1	0	0	1	
1.468e-08	732	-0.940131	0.143025	-0.309349	0.0690444	0.0833841	-1	0	0	1	
1.472e-08	734	-0.932138	0.151903	0.3287	0.0682359	0.0779594	-1	0	0	1	
1.476e-08	736	0.237273	0.968448	-0.0762239	0.0833039	0.0734814	-1	0	0	1	
1.48e-08	738	0.0998451	-0.86384	-0.493773	0.0429026	0.0816655	-1	0	0	1	
1.484e-08	740	0.672569	-0.737574	-0.0602975	0.0752396	0.0675619	-1	0	0	1	
1.488e-08	742	-0.953644	0.239399	0.182349	0.0408708	0.0621208	-1	0	0	1	
1.492e-08	744	-0.298938	0.907423	-0.295329	0.0593776	0.0788835	-1	0	0	1	
1.496e-08	746	0.564466	0.787055	-0.248843	0.0519563	0.0679212	-1	0	0	1	
1.5e-08	748	0.423727	0.351732	-0.83471	0.081389	0.0725194	-1	0	0	1	
1.504e-08	750	0.100754	-0.993277	-0.0570028	0.0496374	0.0833039	-1	0	0	1	
1.508e-08	752	0.472337	-0.808635	0.350723	0.0672501	0.081172	-1	0	0	1	
1.512e-08	754	0.144713	0.631141	-0.762049	0.0998491	0.0586501	-1	0	0	1	
1.516e-08	756	-0.316374	0.0699633	-0.946051	0.0650327	0.0792146	-1	0	0	1	
1.52e-08	758	-0.728178	0.150728	0.668609	0.0655343	0.0598398	-1	0	0	1	
1.524e-08	760	-0.950524	0.099914	-0.294144	0.05185	0.0582196	-1	0	0	1	
1.528e-08	762	0.400749	0.349978	0.846709	0.0489462	0.07138	-1	0	0	1	
1.532e-08	764	-0.0124038	0.733584	-0.679485	0.113118	0.0575915	-1	0	0	1	
1.536e-08	766	-0.5243	-0.53508	-0.662419	0.0951572	0.0581386	-1	0	0	1	
1.54e-08	768	-0.445053	0.0461554	-0.894314	0.0480693	0.0528481	-1	0	0	1	
1.544e-08	770	-0.400052	-0.913537	0.0735472	0.105425	0.0714295	-1	0	0	1	
1.548e-08	772	-0.202935	0.857687	0.472431	0.0720375	0.0463757	-1	0	0	1	
1.552e-08	774	-0.639147	-0.368419	-0.675099	0.0722299	0.0417653	-1	0	0	1	
1.556e-08	776	-0.860865	-0.482032	-0.162961	0.051711	0.0707262	-1	0	0	1	
1.56e-08	778	0.973992	-0.153599	-0.166576	0.0807775	0.0431708	-1	0	0	1	
1.564e-08	780	0.594633	-0.635466	0.492539	0.0557314	0.0518902	-1	0	0	1	
1.568e-08	782	-0.215865	0.811091	-0.54363	0.0579233	0.0663647	-1	0	0	1	
1.572e-08	784	-0.318632	0.455111	0.831473	0.051961	0.0577416	-1	0	0	1	
1.576e-08	786	0.145542	0.214175	-0.965892	0.0598439	0.0613709	-1	0	0	1	
1.58e-08	788	0.613199	0.700198	0.365663	0.0120812	0.040151	-1	0	0	1	
1.584e-08	790	0.521322	0.827252	-0.20947	0.0495342	0.0480661	-1	0	0	1	
1.588e-08	792	-0.133167	0.940477	-0.31268	0.0352508	0.0536913	-1	0	0	1	
1.592e-08	794	0.869017	0.423648	0.255601	0.0453544	0.0501504	-1	0	0	1	
1.596e-08	796	0.0748101	0.850527	-0.520584	0.0791465	0.0427162	-1	0	0	1	
1.6e-08	798	0.527303	0.815369	0.239009	0.0521611	0.0481604	-1	0	0	1	
1.604e-08	800	-0.0815451	-0.68156	-0.727204	0.0591879	0.0558736	-1	0	0	1	
1.608e-08	802	-0.909731	-0.160521	-0.382912	0.0372365	0.0457499	-1	0	0	1	
1.612e-08	804	-0.933223	-0.175146	-0.313719	0.0266196	0.0451533	-1	0	0	1	
1.616e-08	806	0.344887	0.875381	-0.338763	0.0119666	0.0420196	-1	0	0	1	
1.62e-08	808	-0.0357394	-0.926403	-0.374835	0.0634514	0.0490208	-1	0	0	1	
1.624e-08	810	0.121491	-0.87854	0.46196	0.0608619	0.0510042	-1	0	0	1	
1.628e-08	812	-0.510503	0.777655	-0.366933	0.0468002	0.0465723	-1	0	0	1	
1.632e-08	814	0.605388	0.00934889	0.795875	0.0365496	0.0487317	-1	0	0	1	
1.636e-08	816	0.039641	-0.885314	0.4633	0.0296193	0.04278	-1	0	0	1	
1.64e-08	818	-0.769844	0.634631	-0.0676997	0.0693396	0.0505251	-1	0	0	1	
1.644e-08	820	-0.172458	0.801546	-0.572522	0.015111	0.0437387	-1	0	0	1	
1.648e-08	822	-0.878828	0.260393	0.39982	0.0317045	0.0389622	-1	0	0	1	
1.652e-08	824	0.377356	0.62701	0.681514	0.016505	0.0433432	-1	0	0	1	
1.656e-08	826	-0.945174	-0.201115	0.25729	0.0383931	0.041258	-1	0	0	1	
1.66e-08	828	-0.68928	0.651852	0.3162	0.056864	0.0508762	-1	0	0	1	
1.664e-08	830	-0.118753	-0.413956	-0.902518	0.034454	0.0354118	-1	0	0	1	
1.668e-08	832	-0.0572789	-0.96004	-0.273937	0.0192313	0.0307414	-1	0	0	1	
1.672e-08	834	0.145051	0.0253528	-0.989099	0.0412837	0.0424691	-1	0	0	1	
1.676e-08	836	-0.314165	-0.708996	-0.631368	0.035689	0.0430674	-1	0	0	1	
1.68e-08	838	-0.386905	0.100814	-0.916592	0.0114056	0.0389409	-1	0	0	1	
1.684e-08	840	0.436426	0.0455612	-0.898586	0.0300815	0.0411488	-1	0	0	1	
1.688e-08	842	0.103845	0.571734	-0.813841	0.0463852	0.048682	-1	0	0	1	
1.692e-08	844	0.93061	-0.0306385	-0.364727	0.0381088	0.0422655	-1	0	0	1	
1.696e-08	846	-0.445247	0.877605	-0.177666	0.0514418	0.0358064	-1	0	0	1	
1.7e-08	848	0.108773	0.974358	0.196965	0.0181478	0.047879	-1	0	0	1	
1.704e-08	850	-0.570656	-0.543329	0.615748	0.0435141	0.0418786	-1	0	0	1	
1.708e-08	852	0.626596	0.419943	-0.656526	0.032731	0.0399335	-1	0	0	1	
1.712e-08	854	0.146759	-0.583092	-0.79904	0.0537162	0.038163	-1	0	0	1	
1.716e-08	856	0.677718	0.262864	0.686732	0.0368769	0.0316426	-1	0	0	1	
1.72e-08	858	0.368002	-0.271444	-0.889321	0.0602673	0.0350814	-1	0	0	1	
1.724e-08	860	0.0526148	-0.336924	-0.94006	0.0727143	0.0447079	-1	0	0	1	
1.728e-08	862	-0.0358352	-0.794208	-0.606589	0.0469756	0.0431175	-1	0	0	1	
1.732e-08	864	0.753091	0.381608	-0.535937	0.0602203	0.0408336	-1	0	0	1	
1.736e-08	866	0.251544	0.960597	0.118228	0.0322231	0.0390439	-1	0	0	1	
1.74e-08	868	-0.473285	-0.0578225	-0.879009	0.0154838	0.034486	-1	0	0	1	
1.744e-08	870	0.915409	-0.37042	-0.15753	0.0373861	0.0368375	-1	0	0	1	
1.748e-08	872	0.00300159	0.977202	0.212291	0.0413815	0.0338574	-1	0	0	1	
1.752e-08	874	-0.336689	0.032774	-0.941045	0.0318754	0.0301862	-1	0	0	1	
1.756e-08	876	-0.50718	-0.3621	-0.782082	0.0249308	0.0334112	-1	0	0	1	
1.76e-08	878	-0.735329	-0.45819	-0.499354	0.00995204	0.0281278	-1	0	0	1	
1.764e-08	880	0.760969	0.582151	0.286402	0.0283432	0.0344542	-1	0	0	1	
1.768e-08	882	0.161276	0.36893	-0.915358	0.0368404	0.0405014	-1	0	0	1	
1.772e-08	884	0.545319	-0.425628	0.722127	0.0396863	0.0382174	-1	0	0	1	
1.776e-08	886	-0.597067	-0.57175	-0.562684	0.0155167	0.0332166	-1	0	0	1	
1.78e-08	888	-0.00522463	-0.62034	-0.784316	0.0461494	0.0298192	-1	0	0	1	
1.784e-08	890	-0.312149	-0.888629	-0.336009	0.0366706	0.0311424	-1	0	0	1	
1.788e-08	892	0.656251	0.000959805	0.754542	0.029116	0.0360358	-1	0	0	1	
1.792e-08	894	0.0527025	0.426503	-0.902949	0.0447052	0.0359652	-1	0	0	1	
1.796e-08	896	-0.2243	0.783549	-0.579432	0.0280538	0.0303928	-1	0	0	1	
1.8e-08	898	-0.397969	-0.137417	0.907049	0.0292799	0.0259821	-1	0	0	1	
1.804e-08	900	0.078891	0.0308096	-0.996407	0.0454614	0.0375824	-1	0	0	1	
