#----------------------------------------------------------------------------------------------------------------------------------------------------------
# Output file for vampire simulation
#   time       : 2022-02-13 15:16:50     process id : 75177
#   hostname   : compute-0-1.local
#   path       : /home/MINT_SS/luknam/BER/WS_dia5/Thickness10/size_5.0_5.0_10nm/Temp_900/random_1
#----------------------------------------------------------------------------------------------------------------------------------------------------------
4e-11	0	0	0	1	1	1	-1	0	0	1	
8e-11	2	-0.000433831	0.00165886	0.999999	0.998952	0.998936	-1	0	0	1	
1.2e-10	4	0.00808997	0.00127852	0.999966	0.997768	0.997817	-1	0	0	1	
1.6e-10	6	0.00666322	0.00318945	0.999973	0.99674	0.996769	-1	0	0	1	
2e-10	8	0.00949278	0.0124695	0.999877	0.995626	0.995657	-1	0	0	1	
2.4e-10	10	-0.000426128	0.000601894	1	0.99463	0.994525	-1	0	0	1	
2.8e-10	12	-0.000720007	0.000966792	0.999999	0.993521	0.993404	-1	0	0	1	
3.2e-10	14	-0.00918913	-0.0124371	0.99988	0.99261	0.992377	-1	0	0	1	
3.6e-10	16	0.010916	0.00822443	0.999907	0.991032	0.99128	-1	0	0	1	
4e-10	18	0.00420158	-0.0158788	0.999865	0.990262	0.990152	-1	0	0	1	
4.4e-10	20	-0.000928749	0.00291291	0.999995	0.989298	0.989189	-1	0	0	1	
4.8e-10	22	-0.00891079	0.0036914	0.999953	0.988336	0.987982	-1	0	0	1	
5.2e-10	24	-0.00915773	-0.00254683	0.999955	0.98667	0.986783	-1	0	0	1	
5.6e-10	26	0.00775315	-0.00455658	0.99996	0.985992	0.985977	-1	0	0	1	
6e-10	28	0.00507536	-0.0238082	0.999704	0.984903	0.984659	-1	0	0	1	
6.4e-10	30	0.0111005	-0.0216982	0.999703	0.983462	0.983514	-1	0	0	1	
6.8e-10	32	-0.0121524	-0.0141958	0.999825	0.982366	0.982328	-1	0	0	1	
7.2e-10	34	0.00685838	0.00549673	0.999961	0.981288	0.981458	-1	0	0	1	
7.6e-10	36	0.0155223	-0.000585693	0.999879	0.978954	0.980043	-1	0	0	1	
8e-10	38	0.00623027	0.00720361	0.999955	0.979907	0.979198	-1	0	0	1	
8.4e-10	40	-0.0112531	-0.0176206	0.999781	0.978517	0.978383	-1	0	0	1	
8.8e-10	42	-0.00845466	0.0169444	0.999821	0.976668	0.976842	-1	0	0	1	
9.2e-10	44	0.00464176	-0.00944093	0.999945	0.973903	0.975786	-1	0	0	1	
9.6e-10	46	-0.00327329	0.00670202	0.999972	0.974236	0.974623	-1	0	0	1	
1e-09	48	-0.0169454	-0.00792446	0.999825	0.9737	0.973579	-1	0	0	1	
1.04e-09	50	0.0222189	-0.00727343	0.999727	0.972993	0.972598	-1	0	0	1	
1.08e-09	52	0.0271473	-0.00210297	0.999629	0.972388	0.971143	-1	0	0	1	
1.12e-09	54	-0.00613225	0.0082229	0.999947	0.970232	0.970346	-1	0	0	1	
1.16e-09	56	0.0358925	0.0090528	0.999315	0.967786	0.968896	-1	0	0	1	
1.2e-09	58	-0.0129056	0.0441579	0.998941	0.967872	0.967817	-1	0	0	1	
1.24e-09	60	0.0153109	-0.0164609	0.999747	0.967045	0.966866	-1	0	0	1	
1.28e-09	62	-0.01861	0.00724542	0.999801	0.96568	0.965969	-1	0	0	1	
1.32e-09	64	-0.00589059	-0.012344	0.999906	0.965015	0.96469	-1	0	0	1	
1.36e-09	66	0.0148552	0.013381	0.9998	0.963975	0.963181	-1	0	0	1	
1.4e-09	68	-0.0207001	0.0186594	0.999612	0.960951	0.962276	-1	0	0	1	
1.44e-09	70	-0.0141631	-0.00734992	0.999873	0.959127	0.961184	-1	0	0	1	
1.48e-09	72	-0.0146384	0.0410686	0.999049	0.959587	0.959916	-1	0	0	1	
1.52e-09	74	0.0126146	-0.0137297	0.999826	0.957857	0.958928	-1	0	0	1	
1.56e-09	76	0.0119878	0.020829	0.999711	0.958155	0.957599	-1	0	0	1	
1.6e-09	78	0.0149494	-0.0114375	0.999823	0.956691	0.956344	-1	0	0	1	
1.64e-09	80	-0.00329758	-0.00799747	0.999963	0.957261	0.95529	-1	0	0	1	
1.68e-09	82	-0.0119533	-0.028163	0.999532	0.954946	0.954087	-1	0	0	1	
1.72e-09	84	-0.0281724	0.00185741	0.999601	0.954905	0.953245	-1	0	0	1	
1.76e-09	86	0.0418471	-0.0205611	0.998912	0.9513	0.951527	-1	0	0	1	
1.8e-09	88	0.0105822	-0.0126557	0.999864	0.951386	0.950745	-1	0	0	1	
1.84e-09	90	0.0307798	0.0087664	0.999488	0.950861	0.95025	-1	0	0	1	
1.88e-09	92	-0.0237494	-0.0265169	0.999366	0.950249	0.948933	-1	0	0	1	
1.92e-09	94	-0.0109607	0.0246084	0.999637	0.948367	0.947204	-1	0	0	1	
1.96e-09	96	-0.00775187	-0.0087935	0.999931	0.948355	0.946386	-1	0	0	1	
2e-09	98	-0.0293996	0.00852266	0.999531	0.943199	0.945243	-1	0	0	1	
2.04e-09	100	0.0178101	-0.0078476	0.999811	0.943762	0.944355	-1	0	0	1	
2.08e-09	102	0.0362912	-0.0212759	0.999115	0.940921	0.941878	-1	0	0	1	
2.12e-09	104	0.00630408	-0.00430992	0.999971	0.940481	0.941136	-1	0	0	1	
2.16e-09	106	-0.0170683	0.0341869	0.99927	0.941141	0.940814	-1	0	0	1	
2.2e-09	108	0.0203647	0.0118611	0.999722	0.940172	0.939035	-1	0	0	1	
2.24e-09	110	-0.0123797	-0.0030582	0.999919	0.93753	0.937437	-1	0	0	1	
2.28e-09	112	0.0347047	-0.00579363	0.999381	0.938082	0.93671	-1	0	0	1	
2.32e-09	114	0.00369094	-0.00402015	0.999985	0.935233	0.935623	-1	0	0	1	
2.36e-09	116	0.0338082	0.00535218	0.999414	0.934387	0.934066	-1	0	0	1	
2.4e-09	118	-0.00259668	0.026485	0.999646	0.933619	0.932805	-1	0	0	1	
2.44e-09	120	-0.000122247	0.0192986	0.999814	0.93293	0.931822	-1	0	0	1	
2.48e-09	122	0.0158861	0.024298	0.999579	0.929717	0.930285	-1	0	0	1	
2.52e-09	124	0.0434132	0.0423415	0.99816	0.928833	0.929129	-1	0	0	1	
2.56e-09	126	0.0370484	0.015735	0.99919	0.926051	0.927032	-1	0	0	1	
2.6e-09	128	0.0110745	0.00557089	0.999923	0.927595	0.92745	-1	0	0	1	
2.64e-09	130	0.0210936	-0.0281665	0.999381	0.928067	0.92599	-1	0	0	1	
2.68e-09	132	-0.0224522	0.010986	0.999688	0.924674	0.924378	-1	0	0	1	
2.72e-09	134	0.0249441	-0.0186818	0.999514	0.923165	0.922004	-1	0	0	1	
2.76e-09	136	0.0143719	-0.013192	0.99981	0.922621	0.92225	-1	0	0	1	
2.8e-09	138	0.00292079	0.0184235	0.999826	0.921361	0.921542	-1	0	0	1	
2.84e-09	140	-0.0249896	-0.0376018	0.99898	0.92158	0.920122	-1	0	0	1	
2.88e-09	142	-0.018509	-0.0217908	0.999591	0.921123	0.917958	-1	0	0	1	
2.92e-09	144	-0.0224811	0.0278099	0.99936	0.916786	0.916696	-1	0	0	1	
2.96e-09	146	-0.0104363	-0.0242551	0.999651	0.91609	0.915252	-1	0	0	1	
3e-09	148	-0.0159076	0.00243905	0.99987	0.913724	0.914053	-1	0	0	1	
3.04e-09	150	0.002027	-0.0138708	0.999902	0.915361	0.913378	-1	0	0	1	
3.08e-09	152	0.0871855	0.00614092	0.996173	0.908273	0.91232	-1	0	0	1	
3.12e-09	154	-0.0230274	0.0214742	0.999504	0.91084	0.911181	-1	0	0	1	
3.16e-09	156	-0.00108478	-0.0234605	0.999724	0.91012	0.908906	-1	0	0	1	
3.2e-09	158	0.0181625	-0.00938104	0.999791	0.910421	0.907221	-1	0	0	1	
3.24e-09	160	0.0117483	-0.0146476	0.999824	0.909231	0.907835	-1	0	0	1	
3.28e-09	162	0.026092	0.0538091	0.99821	0.905889	0.906188	-1	0	0	1	
3.32e-09	164	-0.028259	-0.0215155	0.999369	0.903466	0.905319	-1	0	0	1	
3.36e-09	166	-0.0103373	0.00888096	0.999907	0.904774	0.904256	-1	0	0	1	
3.4e-09	168	0.0418067	0.0386635	0.998377	0.901114	0.902213	-1	0	0	1	
3.44e-09	170	-0.00354903	0.00918298	0.999952	0.903108	0.901165	-1	0	0	1	
3.48e-09	172	-0.00376324	0.0208444	0.999776	0.903852	0.899247	-1	0	0	1	
3.52e-09	174	-0.00450618	0.0410508	0.999147	0.897452	0.897876	-1	0	0	1	
3.56e-09	176	0.0191808	0.017946	0.999655	0.894027	0.896566	-1	0	0	1	
3.6e-09	178	-0.0535049	0.0631904	0.996566	0.892731	0.895428	-1	0	0	1	
3.64e-09	180	-0.020537	0.0690977	0.997398	0.895259	0.895358	-1	0	0	1	
3.68e-09	182	0.0215412	-0.0444581	0.998779	0.891739	0.894167	-1	0	0	1	
3.72e-09	184	0.0808924	-0.00415726	0.996714	0.896665	0.893301	-1	0	0	1	
3.76e-09	186	0.0407365	-0.0541947	0.997699	0.894442	0.890599	-1	0	0	1	
3.8e-09	188	-0.0318918	0.00214784	0.999489	0.888475	0.889388	-1	0	0	1	
3.84e-09	190	0.0215121	0.00279978	0.999765	0.884636	0.887038	-1	0	0	1	
3.88e-09	192	0.0811517	-0.037707	0.995988	0.885206	0.886146	-1	0	0	1	
3.92e-09	194	-0.0109286	-0.0486317	0.998757	0.888935	0.886417	-1	0	0	1	
3.96e-09	196	-0.0507689	0.0281496	0.998314	0.879232	0.882699	-1	0	0	1	
4e-09	198	-0.0314271	0.0321912	0.998988	0.882146	0.882496	-1	0	0	1	
4.04e-09	200	0.070669	-0.0231619	0.997231	0.880035	0.879753	-1	0	0	1	
4.08e-09	202	0.0785698	0.00432924	0.996899	0.878899	0.880087	-1	0	0	1	
4.12e-09	204	-0.0152532	0.0509742	0.998583	0.878337	0.878495	-1	0	0	1	
4.16e-09	206	-0.0238133	0.0338382	0.999144	0.875686	0.877054	-1	0	0	1	
4.2e-09	208	-0.068358	-0.0214851	0.997429	0.879737	0.874787	-1	0	0	1	
4.24e-09	210	0.00084332	0.00961901	0.999953	0.872086	0.874625	-1	0	0	1	
4.28e-09	212	0.0814256	0.0490615	0.995471	0.872929	0.872662	-1	0	0	1	
4.32e-09	214	-0.00547359	-0.00615827	0.999966	0.871557	0.870017	-1	0	0	1	
4.36e-09	216	-0.0130865	-0.0172693	0.999765	0.870233	0.871939	-1	0	0	1	
4.4e-09	218	0.0581692	0.0642222	0.996239	0.872224	0.869819	-1	0	0	1	
4.44e-09	220	-0.0722681	0.0186567	0.997211	0.868186	0.869411	-1	0	0	1	
4.48e-09	222	0.000922697	-0.0210696	0.999778	0.870961	0.867949	-1	0	0	1	
4.52e-09	224	-0.0147328	-0.0420491	0.999007	0.864435	0.866373	-1	0	0	1	
4.56e-09	226	0.0205676	0.0523386	0.998418	0.864584	0.863145	-1	0	0	1	
4.6e-09	228	0.0317979	0.00917456	0.999452	0.860127	0.862301	-1	0	0	1	
4.64e-09	230	-0.0363596	-0.0398267	0.998545	0.862734	0.861061	-1	0	0	1	
4.68e-09	232	-0.0463272	0.0467243	0.997833	0.858095	0.861868	-1	0	0	1	
4.72e-09	234	-0.00699946	0.0447226	0.998975	0.85183	0.85683	-1	0	0	1	
4.76e-09	236	0.0422504	0.0129513	0.999023	0.855828	0.855768	-1	0	0	1	
4.8e-09	238	0.0252355	0.0145775	0.999575	0.851876	0.855919	-1	0	0	1	
4.84e-09	240	0.0137289	0.0127261	0.999825	0.852609	0.855087	-1	0	0	1	
4.88e-09	242	0.0296986	0.0452145	0.998536	0.850403	0.853575	-1	0	0	1	
4.92e-09	244	0.0203957	0.0891326	0.995811	0.853011	0.852481	-1	0	0	1	
4.96e-09	246	-0.0843264	-0.00584837	0.996421	0.848	0.850509	-1	0	0	1	
5e-09	248	-0.00377641	0.0888359	0.996039	0.850835	0.848155	-1	0	0	1	
5.04e-09	250	0.00323664	-0.016697	0.999855	0.84395	0.847811	-1	0	0	1	
5.08e-09	252	-0.0674338	-0.013377	0.997634	0.847885	0.84644	-1	0	0	1	
5.12e-09	254	0.0412772	-0.0116358	0.99908	0.844322	0.846342	-1	0	0	1	
5.16e-09	256	-0.00241724	0.0064721	0.999976	0.848223	0.843571	-1	0	0	1	
5.2e-09	258	0.0673986	0.017051	0.99758	0.841693	0.842057	-1	0	0	1	
5.24e-09	260	0.0611265	-0.0210447	0.997908	0.840611	0.839854	-1	0	0	1	
5.28e-09	262	-0.00713043	0.00650314	0.999953	0.840025	0.83917	-1	0	0	1	
5.32e-09	264	0.0138098	0.0694723	0.997488	0.836989	0.838728	-1	0	0	1	
5.36e-09	266	-0.0527437	-0.03236	0.998084	0.829976	0.833253	-1	0	0	1	
5.4e-09	268	-0.0281275	-0.0387013	0.998855	0.837401	0.832289	-1	0	0	1	
5.44e-09	270	-0.0515391	0.0554359	0.997131	0.838263	0.831682	-1	0	0	1	
5.48e-09	272	0.127661	-0.0474634	0.990682	0.826987	0.832142	-1	0	0	1	
5.52e-09	274	0.0775054	0.0218614	0.996752	0.824629	0.831041	-1	0	0	1	
5.56e-09	276	3.32346e-05	0.010069	0.999949	0.833182	0.830097	-1	0	0	1	
5.6e-09	278	-0.0197317	0.0288147	0.99939	0.836198	0.826491	-1	0	0	1	
5.64e-09	280	0.0680073	-0.0215605	0.997452	0.823953	0.825587	-1	0	0	1	
5.68e-09	282	0.0320529	0.0214103	0.999257	0.815974	0.822233	-1	0	0	1	
5.72e-09	284	0.0349276	0.0236771	0.999109	0.818243	0.8219	-1	0	0	1	
5.76e-09	286	0.0506329	0.0052049	0.998704	0.828696	0.823595	-1	0	0	1	
5.8e-09	288	-0.0209084	-0.089034	0.995809	0.822056	0.82144	-1	0	0	1	
5.84e-09	290	0.00199715	0.0531693	0.998584	0.815851	0.815799	-1	0	0	1	
5.88e-09	292	0.034322	0.00605287	0.999392	0.813991	0.814929	-1	0	0	1	
5.92e-09	294	-0.0321512	-0.0103742	0.999429	0.813036	0.813002	-1	0	0	1	
5.96e-09	296	-0.0491937	0.0195176	0.998599	0.815426	0.810964	-1	0	0	1	
6e-09	298	-0.0726419	0.0681838	0.995025	0.805793	0.809926	-1	0	0	1	
6.04e-09	300	0.0471886	0.052982	0.99748	0.81472	0.812084	-1	0	0	1	
6.08e-09	302	0.0153783	0.0272718	0.99951	0.816175	0.811635	-1	0	0	1	
6.12e-09	304	0.0544073	0.0293689	0.998087	0.809208	0.805769	-1	0	0	1	
6.16e-09	306	0.080082	0.130483	0.988211	0.80268	0.8031	-1	0	0	1	
6.2e-09	308	-0.0650978	-0.0232879	0.997607	0.808438	0.806476	-1	0	0	1	
6.24e-09	310	0.0608528	0.0281748	0.997749	0.798704	0.802112	-1	0	0	1	
6.28e-09	312	0.0769739	-0.0233177	0.99676	0.792021	0.802534	-1	0	0	1	
6.32e-09	314	-0.16893	-0.0323084	0.985098	0.797295	0.799699	-1	0	0	1	
6.36e-09	316	0.0324589	0.0527508	0.99808	0.795278	0.799097	-1	0	0	1	
6.4e-09	318	-0.0741091	0.0577851	0.995575	0.80697	0.794994	-1	0	0	1	
6.44e-09	320	-0.024147	-0.00716505	0.999683	0.806773	0.795315	-1	0	0	1	
6.48e-09	322	0.0644591	0.0108368	0.997862	0.788569	0.793992	-1	0	0	1	
6.52e-09	324	-0.00316768	-0.0869668	0.996206	0.786544	0.791066	-1	0	0	1	
6.56e-09	326	0.101349	0.044504	0.993855	0.789607	0.790273	-1	0	0	1	
6.6e-09	328	0.0166121	-0.128477	0.991573	0.787419	0.791269	-1	0	0	1	
6.64e-09	330	0.0212786	0.0769152	0.996811	0.778828	0.785812	-1	0	0	1	
6.68e-09	332	0.0401273	0.176329	0.983513	0.777626	0.782092	-1	0	0	1	
6.72e-09	334	-0.0663171	-0.0484924	0.99662	0.78577	0.782954	-1	0	0	1	
6.76e-09	336	-0.00567319	-0.00403484	0.999976	0.789773	0.782606	-1	0	0	1	
6.8e-09	338	0.104198	0.0312774	0.994065	0.784538	0.7771	-1	0	0	1	
6.84e-09	340	0.0531109	0.0292315	0.998161	0.78324	0.777474	-1	0	0	1	
6.88e-09	342	0.0140982	-0.0651805	0.997774	0.778129	0.778507	-1	0	0	1	
6.92e-09	344	-0.0466596	-0.0344417	0.998317	0.769203	0.773457	-1	0	0	1	
6.96e-09	346	-0.027721	-0.0274631	0.999238	0.772488	0.774057	-1	0	0	1	
7e-09	348	0.0114159	-0.0459866	0.998877	0.770299	0.76926	-1	0	0	1	
7.04e-09	350	-0.0762796	-0.0258479	0.996751	0.776415	0.769123	-1	0	0	1	
7.08e-09	352	-0.0515535	-0.010876	0.998611	0.762817	0.767457	-1	0	0	1	
7.12e-09	354	0.098648	-0.0764713	0.99218	0.778641	0.770492	-1	0	0	1	
7.16e-09	356	0.0675684	-0.0545358	0.996223	0.774506	0.766524	-1	0	0	1	
7.2e-09	358	0.0354553	-0.150636	0.987953	0.755967	0.763422	-1	0	0	1	
7.24e-09	360	-0.0806801	0.0824303	0.993326	0.767784	0.761884	-1	0	0	1	
7.28e-09	362	0.0787449	0.0181973	0.996729	0.759792	0.760234	-1	0	0	1	
7.32e-09	364	-0.00570893	-0.0755831	0.997123	0.765668	0.758771	-1	0	0	1	
7.36e-09	366	0.168624	0.0129137	0.985596	0.759967	0.758296	-1	0	0	1	
7.4e-09	368	0.0546593	-0.0412556	0.997652	0.757618	0.753766	-1	0	0	1	
7.44e-09	370	-0.0737191	0.011035	0.997218	0.759377	0.75293	-1	0	0	1	
7.48e-09	372	0.0849669	0.0464696	0.9953	0.741164	0.753079	-1	0	0	1	
7.52e-09	374	0.0315997	0.0257738	0.999168	0.748757	0.751018	-1	0	0	1	
7.56e-09	376	-0.0290962	-0.0352038	0.998957	0.740593	0.749996	-1	0	0	1	
7.6e-09	378	0.027407	-0.0924893	0.995336	0.759893	0.747356	-1	0	0	1	
7.64e-09	380	0.0113523	0.0105636	0.99988	0.749328	0.739953	-1	0	0	1	
7.68e-09	382	0.0228614	-0.0654289	0.997595	0.744588	0.73956	-1	0	0	1	
7.72e-09	384	-0.0509425	0.0350808	0.998085	0.733871	0.739698	-1	0	0	1	
7.76e-09	386	0.0550612	-0.0651602	0.996355	0.737765	0.734668	-1	0	0	1	
7.8e-09	388	-0.00882145	0.0358298	0.999319	0.736529	0.737366	-1	0	0	1	
7.84e-09	390	0.0910118	-0.144514	0.985308	0.752101	0.738214	-1	0	0	1	
7.88e-09	392	-0.0777803	0.0548241	0.995462	0.743353	0.739115	-1	0	0	1	
7.92e-09	394	0.0195199	0.0343313	0.99922	0.729485	0.731471	-1	0	0	1	
7.96e-09	396	-0.0360096	-0.0258035	0.999018	0.732725	0.732416	-1	0	0	1	
8e-09	398	0.0524363	-0.0899276	0.994567	0.723141	0.72701	-1	0	0	1	
8.04e-09	400	-0.0824805	0.0471954	0.995475	0.725115	0.724425	-1	0	0	1	
8.08e-09	402	0.0711913	-0.112588	0.991088	0.726593	0.720113	-1	0	0	1	
8.12e-09	404	0.00167278	0.0888411	0.996044	0.73159	0.725749	-1	0	0	1	
8.16e-09	406	-0.0867825	0.0859941	0.992509	0.71245	0.718019	-1	0	0	1	
8.2e-09	408	-0.00516783	-0.117378	0.993074	0.717479	0.717355	-1	0	0	1	
8.24e-09	410	-0.126833	0.0214807	0.991691	0.710988	0.713997	-1	0	0	1	
8.28e-09	412	0.0318903	-0.0254276	0.999168	0.710756	0.715119	-1	0	0	1	
8.32e-09	414	0.0101994	0.0172547	0.999799	0.706608	0.71395	-1	0	0	1	
8.36e-09	416	0.00948837	-0.0853712	0.996304	0.703649	0.710562	-1	0	0	1	
8.4e-09	418	0.00568477	0.0390254	0.999222	0.703526	0.705228	-1	0	0	1	
8.44e-09	420	-0.108203	0.0556581	0.992569	0.711183	0.709638	-1	0	0	1	
8.48e-09	422	0.0171081	0.0868221	0.996077	0.703678	0.708608	-1	0	0	1	
8.52e-09	424	0.057152	-0.225045	0.972671	0.701655	0.698754	-1	0	0	1	
8.56e-09	426	0.0148349	-0.0223312	0.999641	0.705155	0.699539	-1	0	0	1	
8.6e-09	428	-0.100447	0.108191	0.989043	0.714705	0.699382	-1	0	0	1	
8.64e-09	430	0.0461906	-0.0454851	0.997897	0.692125	0.69777	-1	0	0	1	
8.68e-09	432	0.00466232	-0.046911	0.998888	0.686024	0.696419	-1	0	0	1	
8.72e-09	434	-0.0802717	-0.0398522	0.995976	0.689942	0.689824	-1	0	0	1	
8.76e-09	436	-0.017173	0.181679	0.983208	0.678458	0.684933	-1	0	0	1	
8.8e-09	438	0.0452441	0.00730477	0.998949	0.68912	0.687317	-1	0	0	1	
8.84e-09	440	-0.0292544	0.121429	0.992169	0.699586	0.688057	-1	0	0	1	
8.88e-09	442	-0.113546	0.111194	0.987291	0.696463	0.685564	-1	0	0	1	
8.92e-09	444	-0.210707	0.0877218	0.973605	0.669229	0.681809	-1	0	0	1	
8.96e-09	446	0.0994705	-0.0479612	0.993884	0.670165	0.678943	-1	0	0	1	
9e-09	448	0.116388	0.080872	0.989906	0.67394	0.674788	-1	0	0	1	
9.04e-09	450	0.0623091	0.00854227	0.99802	0.690971	0.674972	-1	0	0	1	
9.08e-09	452	0.143418	-0.0854476	0.985966	0.667931	0.673344	-1	0	0	1	
9.12e-09	454	-0.0169986	0.141779	0.989752	0.665678	0.672624	-1	0	0	1	
9.16e-09	456	0.00075361	-0.0627336	0.99803	0.650931	0.664494	-1	0	0	1	
9.2e-09	458	-0.0167395	0.0450954	0.998842	0.673224	0.65765	-1	0	0	1	
9.24e-09	460	0.104247	-0.152323	0.982818	0.672426	0.667004	-1	0	0	1	
9.28e-09	462	0.12543	-0.0265238	0.991748	0.641303	0.663844	-1	0	0	1	
9.32e-09	464	-0.0165135	-0.0709142	0.997346	0.66941	0.661111	-1	0	0	1	
9.36e-09	466	-0.0820046	0.00986006	0.996583	0.647949	0.65747	-1	0	0	1	
9.4e-09	468	0.0118692	-0.0362016	0.999274	0.654889	0.654149	-1	0	0	1	
9.44e-09	470	0.10119	-0.0823475	0.991453	0.659676	0.655957	-1	0	0	1	
9.48e-09	472	0.0556036	-0.0693515	0.996041	0.671405	0.651417	-1	0	0	1	
9.52e-09	474	-0.062706	-0.009075	0.997991	0.657342	0.651501	-1	0	0	1	
9.56e-09	476	0.0188634	-0.0706639	0.997322	0.648128	0.649127	-1	0	0	1	
9.6e-09	478	0.135085	-0.186443	0.973135	0.629859	0.644717	-1	0	0	1	
9.64e-09	480	-0.12647	-0.0407414	0.991133	0.650398	0.646401	-1	0	0	1	
9.68e-09	482	-0.0649652	0.105419	0.992304	0.646038	0.639869	-1	0	0	1	
9.72e-09	484	0.0736482	0.0128971	0.997201	0.647854	0.63797	-1	0	0	1	
9.76e-09	486	-0.195337	-0.0509644	0.979411	0.616702	0.632024	-1	0	0	1	
9.8e-09	488	-0.0508617	0.0322749	0.998184	0.636295	0.62952	-1	0	0	1	
9.84e-09	490	-0.000479168	-0.100494	0.994938	0.632998	0.631158	-1	0	0	1	
9.88e-09	492	-0.0486481	0.0368685	0.998135	0.651011	0.62655	-1	0	0	1	
9.92e-09	494	-0.00447275	0.00853493	0.999954	0.621185	0.624785	-1	0	0	1	
9.96e-09	496	0.0385228	-0.0154682	0.999138	0.627386	0.625918	-1	0	0	1	
1e-08	498	-0.105081	0.0824475	0.99104	0.625218	0.61991	-1	0	0	1	
1.004e-08	500	-0.0796484	-0.00388854	0.996815	0.598526	0.612873	-1	0	0	1	
1.008e-08	502	0.0492401	0.180002	0.982433	0.624531	0.614842	-1	0	0	1	
1.012e-08	504	0.0348436	0.0607808	0.997543	0.615239	0.609126	-1	0	0	1	
1.016e-08	506	0.101011	-0.0736565	0.992155	0.608234	0.608581	-1	0	0	1	
1.02e-08	508	0.122191	-0.0653396	0.990353	0.599482	0.606198	-1	0	0	1	
1.024e-08	510	0.0366854	-0.0875979	0.99548	0.603667	0.608798	-1	0	0	1	
1.028e-08	512	-0.152778	0.0646393	0.986144	0.588007	0.597256	-1	0	0	1	
1.032e-08	514	-0.147884	-0.0614749	0.987092	0.608406	0.596581	-1	0	0	1	
1.036e-08	516	-0.0376991	-0.150214	0.987934	0.60826	0.602372	-1	0	0	1	
1.04e-08	518	0.227548	0.00335641	0.973761	0.580213	0.586575	-1	0	0	1	
1.044e-08	520	-0.120616	-0.00576816	0.992682	0.604673	0.59036	-1	0	0	1	
1.048e-08	522	-0.0994501	0.19152	0.976437	0.566734	0.588992	-1	0	0	1	
1.052e-08	524	-0.160065	0.0636763	0.98505	0.591731	0.586187	-1	0	0	1	
1.056e-08	526	-0.108978	0.185399	0.976602	0.561478	0.581809	-1	0	0	1	
1.06e-08	528	-0.0125262	0.157848	0.987384	0.589355	0.578744	-1	0	0	1	
1.064e-08	530	0.0850129	0.108986	0.990401	0.587199	0.581422	-1	0	0	1	
1.068e-08	532	0.0966766	-0.245501	0.964564	0.574793	0.57271	-1	0	0	1	
1.072e-08	534	0.0380974	0.065781	0.997107	0.576532	0.564776	-1	0	0	1	
1.076e-08	536	0.255115	0.134323	0.957535	0.554673	0.56808	-1	0	0	1	
1.08e-08	538	-0.181269	0.0473382	0.982294	0.547466	0.561545	-1	0	0	1	
1.084e-08	540	0.187556	0.0750701	0.979381	0.555743	0.557049	-1	0	0	1	
1.088e-08	542	0.217497	-0.240732	0.945909	0.555453	0.554468	-1	0	0	1	
1.092e-08	544	0.00800906	-0.0699507	0.997518	0.565341	0.551486	-1	0	0	1	
1.096e-08	546	-0.17431	-0.189898	0.966207	0.551293	0.547147	-1	0	0	1	
1.1e-08	548	0.0529188	-0.289848	0.955609	0.524953	0.544633	-1	0	0	1	
1.104e-08	550	-0.205449	-0.20162	0.957674	0.539936	0.540509	-1	0	0	1	
1.108e-08	552	0.010988	-0.0736811	0.997221	0.534996	0.530965	-1	0	0	1	
1.112e-08	554	0.21109	-0.111406	0.971097	0.521266	0.536857	-1	0	0	1	
1.116e-08	556	0.0261274	0.0600947	0.997851	0.537286	0.530596	-1	0	0	1	
1.12e-08	558	0.099243	0.172367	0.980021	0.523981	0.527882	-1	0	0	1	
1.124e-08	560	-0.0870002	-0.0346013	0.995607	0.505133	0.522504	-1	0	0	1	
1.128e-08	562	0.00518191	0.00673535	0.999964	0.513318	0.531723	-1	0	0	1	
1.132e-08	564	-0.158515	-0.250684	0.955003	0.518531	0.519209	-1	0	0	1	
1.136e-08	566	-0.0984235	0.0462686	0.994068	0.470597	0.518051	-1	0	0	1	
1.14e-08	568	0.0856448	0.0538478	0.99487	0.536301	0.514477	-1	0	0	1	
1.144e-08	570	-0.0547277	-0.173074	0.983387	0.514327	0.516748	-1	0	0	1	
1.148e-08	572	0.099844	-0.151635	0.983381	0.515041	0.5035	-1	0	0	1	
1.152e-08	574	-0.000705103	-0.304114	0.952635	0.498634	0.493195	-1	0	0	1	
1.156e-08	576	0.179351	-0.0327939	0.983238	0.471555	0.497864	-1	0	0	1	
1.16e-08	578	0.0855347	-0.00729767	0.996308	0.476424	0.49807	-1	0	0	1	
1.164e-08	580	-0.129093	0.0711875	0.989074	0.488544	0.486397	-1	0	0	1	
1.168e-08	582	0.143487	0.148417	0.97846	0.486181	0.489336	-1	0	0	1	
1.172e-08	584	-0.034513	-0.00329686	0.999399	0.472329	0.484062	-1	0	0	1	
1.176e-08	586	0.402364	-0.132591	0.905827	0.488309	0.463378	-1	0	0	1	
1.18e-08	588	-0.198263	-0.00263816	0.980145	0.472401	0.475099	-1	0	0	1	
1.184e-08	590	-0.109286	0.0579748	0.992318	0.496305	0.477354	-1	0	0	1	
1.188e-08	592	0.00617766	-0.169335	0.985539	0.471458	0.458488	-1	0	0	1	
1.192e-08	594	-0.0318853	0.128327	0.991219	0.457308	0.459538	-1	0	0	1	
1.196e-08	596	-0.0604199	-0.0279523	0.997782	0.45383	0.450947	-1	0	0	1	
1.2e-08	598	-0.0818464	0.0743136	0.993871	0.42691	0.447707	-1	0	0	1	
1.204e-08	600	0.1693	-0.172466	0.970357	0.401184	0.444621	-1	0	0	1	
1.208e-08	602	0.324004	-0.0147684	0.94594	0.437493	0.429356	-1	0	0	1	
1.212e-08	604	-0.180969	0.212673	0.960219	0.419345	0.433917	-1	0	0	1	
1.216e-08	606	0.155061	-0.088835	0.983903	0.45204	0.431947	-1	0	0	1	
1.22e-08	608	-0.00279375	0.0316263	0.999496	0.437336	0.433	-1	0	0	1	
1.224e-08	610	-0.163856	-0.0954017	0.98186	0.453475	0.437197	-1	0	0	1	
1.228e-08	612	-0.0652495	-0.276692	0.958741	0.439423	0.428222	-1	0	0	1	
1.232e-08	614	0.0984843	-0.348002	0.932306	0.362997	0.412578	-1	0	0	1	
1.236e-08	616	0.26318	-0.0374237	0.964021	0.399911	0.414955	-1	0	0	1	
1.24e-08	618	0.0336594	0.117073	0.992553	0.406856	0.408375	-1	0	0	1	
1.244e-08	620	-0.176389	0.261655	0.948907	0.411507	0.39128	-1	0	0	1	
1.248e-08	622	-0.16335	-0.249379	0.95453	0.3853	0.393407	-1	0	0	1	
1.252e-08	624	-0.00631982	0.357087	0.93405	0.332573	0.374235	-1	0	0	1	
1.256e-08	626	0.0458463	-0.0160848	0.998819	0.387847	0.380094	-1	0	0	1	
1.26e-08	628	-0.415096	0.0721846	0.906909	0.396612	0.357326	-1	0	0	1	
1.264e-08	630	-0.0614892	0.179676	0.981802	0.406879	0.368321	-1	0	0	1	
1.268e-08	632	0.146671	0.137971	0.979516	0.402054	0.37863	-1	0	0	1	
1.272e-08	634	0.299285	0.0128975	-0.954077	0.410559	0.393239	-1	0	0	1	
1.276e-08	636	0.0177794	0.22085	-0.975146	0.402289	0.394784	-1	0	0	1	
1.28e-08	638	0.0228473	0.0049856	-0.999727	0.386711	0.382936	-1	0	0	1	
1.284e-08	640	0.0868913	-0.0686307	-0.993851	0.416829	0.387772	-1	0	0	1	
1.288e-08	642	0.0567936	0.153439	-0.986525	0.369791	0.372717	-1	0	0	1	
1.292e-08	644	0.141993	0.0883615	-0.985916	0.365069	0.357423	-1	0	0	1	
1.296e-08	646	0.00274247	-0.0939356	-0.995575	0.367014	0.352434	-1	0	0	1	
1.3e-08	648	0.0223169	-0.169445	-0.985287	0.341486	0.351858	-1	0	0	1	
1.304e-08	650	-0.152964	0.0582813	-0.986512	0.359987	0.343668	-1	0	0	1	
1.308e-08	652	-0.17706	0.34753	-0.9208	0.322234	0.343167	-1	0	0	1	
1.312e-08	654	0.0563152	0.0292322	-0.997985	0.343009	0.326851	-1	0	0	1	
1.316e-08	656	0.090101	-0.0556547	-0.994376	0.352671	0.317777	-1	0	0	1	
1.32e-08	658	-0.191333	0.419527	-0.887349	0.274997	0.322891	-1	0	0	1	
1.324e-08	660	-0.225011	0.0144992	-0.974248	0.315271	0.313943	-1	0	0	1	
1.328e-08	662	-0.106728	0.0814283	-0.990948	0.297868	0.295235	-1	0	0	1	
1.332e-08	664	-0.0767199	-0.157082	-0.984601	0.289244	0.29066	-1	0	0	1	
1.336e-08	666	-0.26074	0.0510541	-0.964058	0.285935	0.288647	-1	0	0	1	
1.34e-08	668	-0.353072	0.103072	-0.929901	0.287601	0.271856	-1	0	0	1	
1.344e-08	670	0.215409	-0.198994	-0.956034	0.258508	0.255341	-1	0	0	1	
1.348e-08	672	-0.157093	-0.529104	-0.833889	0.25529	0.280906	-1	0	0	1	
1.352e-08	674	-0.0802653	0.106767	-0.991039	0.320162	0.289331	-1	0	0	1	
1.356e-08	676	0.038973	0.173211	-0.984113	0.202432	0.234489	-1	0	0	1	
1.36e-08	678	-0.243551	0.270175	-0.931498	0.332087	0.275149	-1	0	0	1	
1.364e-08	680	-0.0718227	0.214124	-0.974163	0.313939	0.241042	-1	0	0	1	
1.368e-08	682	-0.0614661	0.120032	-0.990865	0.17868	0.199291	-1	0	0	1	
1.372e-08	684	-0.20786	-0.204539	-0.956534	0.23213	0.240534	-1	0	0	1	
1.376e-08	686	-0.521731	0.38018	-0.763715	0.174582	0.210529	-1	0	0	1	
1.38e-08	688	-0.330556	-0.296339	-0.896056	0.069155	0.212776	-1	0	0	1	
1.384e-08	690	-0.010698	0.0389567	-0.999184	0.235432	0.210452	-1	0	0	1	
1.388e-08	692	-0.111741	-0.531543	-0.839628	0.260926	0.215948	-1	0	0	1	
1.392e-08	694	0.390694	-0.70198	-0.595468	0.218646	0.175544	-1	0	0	1	
1.396e-08	696	0.157381	0.190603	-0.96897	0.212368	0.166289	-1	0	0	1	
1.4e-08	698	0.240715	-0.107399	-0.964635	0.185635	0.176654	-1	0	0	1	
1.404e-08	700	0.364651	-0.294021	-0.883505	0.127555	0.140892	-1	0	0	1	
1.408e-08	702	0.0642757	-0.765384	-0.640356	0.139209	0.127172	-1	0	0	1	
1.412e-08	704	-0.304904	-0.531821	-0.790063	0.182739	0.152142	-1	0	0	1	
1.416e-08	706	0.591347	0.710053	0.382274	0.0389279	0.13562	-1	0	0	1	
1.42e-08	708	0.119179	0.176556	-0.977049	0.188063	0.125246	-1	0	0	1	
1.424e-08	710	-0.166263	-0.184134	-0.968737	0.176783	0.105214	-1	0	0	1	
1.428e-08	712	-0.604018	-0.147809	-0.783144	0.160364	0.119903	-1	0	0	1	
1.432e-08	714	0.658157	0.391717	-0.642952	0.0303843	0.115998	-1	0	0	1	
1.436e-08	716	0.617685	-0.782865	0.0747518	0.0672837	0.100339	-1	0	0	1	
1.44e-08	718	0.634102	-0.635487	-0.440535	0.140326	0.121135	-1	0	0	1	
1.444e-08	720	-0.278907	0.0584427	-0.958538	0.147995	0.0950212	-1	0	0	1	
1.448e-08	722	-0.921013	-0.341681	-0.187052	0.0929149	0.0965508	-1	0	0	1	
1.452e-08	724	-0.343042	0.815435	-0.466248	0.131041	0.0851102	-1	0	0	1	
1.456e-08	726	0.194967	0.170009	-0.965963	0.0733594	0.0806377	-1	0	0	1	
1.46e-08	728	0.293394	0.293956	-0.909676	0.11281	0.0807177	-1	0	0	1	
1.464e-08	730	0.530623	-0.123007	-0.838635	0.0931228	0.0792157	-1	0	0	1	
1.468e-08	732	-0.623848	0.244592	-0.742286	0.134519	0.0732487	-1	0	0	1	
1.472e-08	734	0.127153	-0.235597	-0.963497	0.0493726	0.0810048	-1	0	0	1	
1.476e-08	736	-0.405246	0.578814	-0.707637	0.0418258	0.070662	-1	0	0	1	
1.48e-08	738	0.0566035	-0.194162	-0.979335	0.0771396	0.0841834	-1	0	0	1	
1.484e-08	740	-0.248109	-0.0162059	-0.968597	0.128689	0.0779902	-1	0	0	1	
1.488e-08	742	-0.510629	0.848374	0.139709	0.084464	0.076431	-1	0	0	1	
1.492e-08	744	0.130163	-0.114347	0.984877	0.0430209	0.0694008	-1	0	0	1	
1.496e-08	746	0.149613	0.913783	0.377645	0.0319509	0.0660014	-1	0	0	1	
1.5e-08	748	-0.942272	0.0888593	-0.322844	0.0948087	0.0617057	-1	0	0	1	
1.504e-08	750	0.0802806	-0.996753	0.00623823	0.0403935	0.0516566	-1	0	0	1	
1.508e-08	752	-0.342141	0.345771	0.873717	0.0701795	0.0701198	-1	0	0	1	
1.512e-08	754	-0.871614	0.454029	-0.184786	0.0134318	0.0510357	-1	0	0	1	
1.516e-08	756	0.0978351	-0.918504	-0.383116	0.0417259	0.0589866	-1	0	0	1	
1.52e-08	758	0.711801	-0.337848	-0.61579	0.0567655	0.0645463	-1	0	0	1	
1.524e-08	760	0.288012	-0.751171	-0.593963	0.0167084	0.0565441	-1	0	0	1	
1.528e-08	762	0.182957	0.131832	-0.974242	0.0385404	0.0451745	-1	0	0	1	
1.532e-08	764	-0.955658	-0.253603	0.149675	0.0683408	0.0581894	-1	0	0	1	
1.536e-08	766	0.255903	-0.188448	-0.948157	0.0490234	0.0521919	-1	0	0	1	
1.54e-08	768	-0.132425	-0.822831	-0.552641	0.0985286	0.0478918	-1	0	0	1	
1.544e-08	770	0.295746	-0.891144	-0.344088	0.0948345	0.0537013	-1	0	0	1	
1.548e-08	772	-0.746766	0.443892	-0.495278	0.0644351	0.0503757	-1	0	0	1	
1.552e-08	774	0.741193	-0.664506	-0.0952055	0.0360946	0.0493452	-1	0	0	1	
1.556e-08	776	0.591148	0.458879	-0.663306	0.0664605	0.0691466	-1	0	0	1	
1.56e-08	778	-0.345818	-0.615735	-0.708012	0.0338766	0.0595171	-1	0	0	1	
1.564e-08	780	0.556987	0.26848	-0.785929	0.0145324	0.0419563	-1	0	0	1	
1.568e-08	782	-0.452598	-0.253928	-0.854796	0.0632948	0.0536677	-1	0	0	1	
1.572e-08	784	0.916431	0.362543	-0.16946	0.0197339	0.0363327	-1	0	0	1	
1.576e-08	786	0.164679	0.889308	-0.426628	0.0397361	0.0452572	-1	0	0	1	
1.58e-08	788	-0.185385	0.833019	-0.521259	0.0636382	0.0484546	-1	0	0	1	
1.584e-08	790	-0.656156	0.676299	-0.334782	0.050282	0.0350128	-1	0	0	1	
1.588e-08	792	-0.390405	0.610419	-0.689183	0.0514636	0.0538877	-1	0	0	1	
1.592e-08	794	-0.65891	-0.75159	-0.0308188	0.0294136	0.0462108	-1	0	0	1	
1.596e-08	796	0.187542	-0.931103	-0.312851	0.0281467	0.0384015	-1	0	0	1	
1.6e-08	798	-0.899015	-0.350537	0.26248	0.0273519	0.0423998	-1	0	0	1	
1.604e-08	800	0.207408	0.976886	-0.0517271	0.0268417	0.0351359	-1	0	0	1	
1.608e-08	802	0.21586	0.243862	-0.945482	0.0364565	0.039617	-1	0	0	1	
1.612e-08	804	0.658368	-0.664615	-0.353325	0.0319938	0.0384781	-1	0	0	1	
1.616e-08	806	0.57581	-0.811476	-0.0997489	0.0752833	0.0340552	-1	0	0	1	
1.62e-08	808	-0.784524	0.0276979	0.619479	0.0637187	0.0318826	-1	0	0	1	
1.624e-08	810	0.328324	-0.1149	-0.937551	0.0550613	0.0424012	-1	0	0	1	
1.628e-08	812	0.543972	0.525137	-0.654466	0.0832169	0.036727	-1	0	0	1	
1.632e-08	814	0.176807	-0.425821	-0.887364	0.0304004	0.0338784	-1	0	0	1	
1.636e-08	816	0.111644	-0.84007	-0.530865	0.0496666	0.0381404	-1	0	0	1	
1.64e-08	818	0.82438	-0.564303	-0.0442766	0.0362388	0.0373723	-1	0	0	1	
1.644e-08	820	-0.284166	0.957461	-0.0501854	0.0406884	0.0410977	-1	0	0	1	
1.648e-08	822	0.814579	-0.0638437	-0.576529	0.0518257	0.0363865	-1	0	0	1	
1.652e-08	824	0.774491	-0.62021	0.12451	0.0427518	0.037915	-1	0	0	1	
1.656e-08	826	0.345379	0.826533	0.444474	0.0345999	0.0310883	-1	0	0	1	
1.66e-08	828	0.819966	0.363812	-0.441924	0.0141731	0.0362081	-1	0	0	1	
1.664e-08	830	0.962274	0.140475	-0.233013	0.0534124	0.0275372	-1	0	0	1	
1.668e-08	832	0.455232	-0.483272	-0.747805	0.0463017	0.0336553	-1	0	0	1	
1.672e-08	834	0.138619	-0.827463	-0.544142	0.0788575	0.042877	-1	0	0	1	
1.676e-08	836	-0.766605	-0.123747	0.630082	0.035807	0.0297101	-1	0	0	1	
1.68e-08	838	0.0161784	0.779522	-0.626166	0.0145739	0.0394768	-1	0	0	1	
1.684e-08	840	-0.494892	0.861319	-0.114939	0.0279154	0.0330674	-1	0	0	1	
1.688e-08	842	0.881034	-0.0865815	-0.465061	0.0393875	0.0296977	-1	0	0	1	
1.692e-08	844	0.626823	0.274435	-0.729231	0.037371	0.0406583	-1	0	0	1	
1.696e-08	846	-0.100884	0.982875	0.154206	0.00993408	0.0314617	-1	0	0	1	
1.7e-08	848	0.673423	-0.495997	0.548169	0.0293287	0.036356	-1	0	0	1	
1.704e-08	850	0.754754	-0.0167966	-0.655792	0.0221788	0.0326299	-1	0	0	1	
1.708e-08	852	0.790227	-0.262775	-0.553615	0.0510984	0.0290555	-1	0	0	1	
1.712e-08	854	-0.468247	-0.215976	0.856796	0.027894	0.032761	-1	0	0	1	
1.716e-08	856	0.195491	-0.0282611	-0.980298	0.0362073	0.0378421	-1	0	0	1	
1.72e-08	858	0.829771	-0.557737	0.0202154	0.0117654	0.0224885	-1	0	0	1	
1.724e-08	860	-0.473653	0.347916	-0.809078	0.0252743	0.0391285	-1	0	0	1	
1.728e-08	862	-0.273053	0.580683	0.766974	0.0335071	0.0280291	-1	0	0	1	
1.732e-08	864	-0.235106	-0.61204	-0.755071	0.0220737	0.0362328	-1	0	0	1	
1.736e-08	866	0.673262	-0.0066287	-0.739374	0.0268615	0.0243546	-1	0	0	1	
1.74e-08	868	0.353145	0.163709	-0.921134	0.0482386	0.026563	-1	0	0	1	
1.744e-08	870	-0.82485	-0.36497	-0.431763	0.0551807	0.0309813	-1	0	0	1	
1.748e-08	872	0.429518	-0.397099	-0.811065	0.00646146	0.0274375	-1	0	0	1	
1.752e-08	874	-0.469316	0.124548	-0.874203	0.0410493	0.0357402	-1	0	0	1	
1.756e-08	876	-0.318691	-0.40382	0.857534	0.0197432	0.0258942	-1	0	0	1	
1.76e-08	878	0.185013	0.166439	-0.968539	0.0142064	0.0254935	-1	0	0	1	
1.764e-08	880	0.4085	-0.520998	-0.749459	0.0288468	0.0280257	-1	0	0	1	
1.768e-08	882	0.616593	0.447489	0.64774	0.0184358	0.0242966	-1	0	0	1	
1.772e-08	884	-0.727065	-0.667823	-0.159337	0.0106057	0.0288448	-1	0	0	1	
1.776e-08	886	-0.956552	0.246212	0.156165	0.0189335	0.0246749	-1	0	0	1	
1.78e-08	888	-0.799377	-0.545518	0.251807	0.0164388	0.0294304	-1	0	0	1	
1.784e-08	890	0.110826	-0.463012	-0.879396	0.0407663	0.03103	-1	0	0	1	
1.788e-08	892	-0.395673	0.273919	-0.876591	0.0204895	0.0251741	-1	0	0	1	
1.792e-08	894	-0.867798	-0.295206	-0.399725	0.0366061	0.033614	-1	0	0	1	
1.796e-08	896	0.181613	0.981609	-0.0588221	0.012019	0.0280839	-1	0	0	1	
1.8e-08	898	0.868105	-0.0343902	-0.495188	0.0223064	0.0311755	-1	0	0	1	
1.804e-08	900	0.348542	-0.932816	0.0915037	0.0457252	0.0274073	-1	0	0	1	
