#----------------------------------------------------------------------------------------------------------------------------------------------------------
# Output file for vampire simulation
#   time       : 2022-02-13 15:19:49     process id : 75178
#   hostname   : compute-0-1.local
#   path       : /home/MINT_SS/luknam/BER/WS_dia5/Thickness10/size_10.0_10.0_10nm/Temp_900/random_1
#----------------------------------------------------------------------------------------------------------------------------------------------------------
4e-11	0	-1.77026e-08	2.62693e-09	1	1	1	-1	0	0	1	
8e-11	2	-0.00117739	-0.00178633	0.999998	0.998975	0.998981	-1	0	0	1	
1.2e-10	4	0.00509709	-0.000679623	0.999987	0.997976	0.997961	-1	0	0	1	
1.6e-10	6	0.00427997	-0.00533791	0.999977	0.996995	0.996931	-1	0	0	1	
2e-10	8	0.00205271	0.000252693	0.999998	0.995901	0.995916	-1	0	0	1	
2.4e-10	10	-0.00382329	0.00625167	0.999973	0.994831	0.994873	-1	0	0	1	
2.8e-10	12	0.00208727	0.00309699	0.999993	0.993798	0.99381	-1	0	0	1	
3.2e-10	14	-0.00368905	-0.00453984	0.999983	0.992808	0.992816	-1	0	0	1	
3.6e-10	16	-0.00321026	0.000485488	0.999995	0.991915	0.991844	-1	0	0	1	
4e-10	18	-0.00290993	0.00195088	0.999994	0.990862	0.99079	-1	0	0	1	
4.4e-10	20	-0.0051778	0.00620608	0.999967	0.989706	0.989771	-1	0	0	1	
4.8e-10	22	-0.00917002	0.00416348	0.999949	0.988633	0.988675	-1	0	0	1	
5.2e-10	24	0.00792328	-0.000151211	0.999969	0.987792	0.98764	-1	0	0	1	
5.6e-10	26	0.0101769	0.00387916	0.999941	0.986511	0.986596	-1	0	0	1	
6e-10	28	0.00460426	-0.000258616	0.999989	0.985618	0.985614	-1	0	0	1	
6.4e-10	30	-0.00575858	-0.0019363	0.999982	0.984675	0.984469	-1	0	0	1	
6.8e-10	32	0.00185895	0.00324523	0.999993	0.983651	0.983535	-1	0	0	1	
7.2e-10	34	-0.00391728	-0.000659212	0.999992	0.982182	0.982319	-1	0	0	1	
7.6e-10	36	-0.00258722	-0.00153128	0.999995	0.981236	0.981333	-1	0	0	1	
8e-10	38	3.03848e-05	-0.00352317	0.999994	0.980454	0.980353	-1	0	0	1	
8.4e-10	40	0.000557917	-0.0102911	0.999947	0.979569	0.979363	-1	0	0	1	
8.8e-10	42	-0.000692482	0.00525244	0.999986	0.977867	0.978192	-1	0	0	1	
9.2e-10	44	0.00287216	0.00318086	0.999991	0.977112	0.97709	-1	0	0	1	
9.6e-10	46	0.00540151	0.00163332	0.999984	0.975906	0.976064	-1	0	0	1	
1e-09	48	0.00362413	0.00928974	0.99995	0.974762	0.974933	-1	0	0	1	
1.04e-09	50	0.00547157	-0.00476844	0.999974	0.973984	0.974054	-1	0	0	1	
1.08e-09	52	-0.00319861	0.00192119	0.999993	0.97242	0.972972	-1	0	0	1	
1.12e-09	54	-0.0103549	0.00532147	0.999932	0.972316	0.971971	-1	0	0	1	
1.16e-09	56	-0.00218368	0.00866859	0.99996	0.970225	0.970839	-1	0	0	1	
1.2e-09	58	0.00260235	-0.00318474	0.999992	0.970269	0.969653	-1	0	0	1	
1.24e-09	60	-0.00524143	-0.00497478	0.999974	0.968437	0.968621	-1	0	0	1	
1.28e-09	62	0.00905012	-0.0232804	0.999688	0.967364	0.967515	-1	0	0	1	
1.32e-09	64	-0.0127432	-0.000787018	0.999918	0.966515	0.966598	-1	0	0	1	
1.36e-09	66	-0.00185742	-0.0108265	0.99994	0.965764	0.965548	-1	0	0	1	
1.4e-09	68	-0.00430439	-0.011161	0.999928	0.964206	0.964361	-1	0	0	1	
1.44e-09	70	0.00452967	0.00191089	0.999988	0.963702	0.963461	-1	0	0	1	
1.48e-09	72	0.00872989	0.00829215	0.999928	0.962656	0.962216	-1	0	0	1	
1.52e-09	74	-0.00200697	-0.0115967	0.999931	0.961881	0.961306	-1	0	0	1	
1.56e-09	76	0.00306492	0.0102557	0.999943	0.960422	0.960117	-1	0	0	1	
1.6e-09	78	0.0056024	0.0102063	0.999932	0.958532	0.958849	-1	0	0	1	
1.64e-09	80	0.0106229	-0.0046596	0.999933	0.958164	0.957857	-1	0	0	1	
1.68e-09	82	0.000682129	0.010296	0.999947	0.956523	0.956615	-1	0	0	1	
1.72e-09	84	-0.00863836	0.00270602	0.999959	0.955087	0.955476	-1	0	0	1	
1.76e-09	86	0.00826512	0.0112077	0.999903	0.954692	0.954654	-1	0	0	1	
1.8e-09	88	-0.000663834	0.00852373	0.999963	0.954219	0.953721	-1	0	0	1	
1.84e-09	90	-0.0144309	-0.0108305	0.999837	0.953046	0.952086	-1	0	0	1	
1.88e-09	92	-0.00608911	-0.017256	0.999833	0.95121	0.951625	-1	0	0	1	
1.92e-09	94	0.00651554	-0.00661165	0.999957	0.949704	0.950013	-1	0	0	1	
1.96e-09	96	-0.00122207	0.0212648	0.999773	0.949366	0.949296	-1	0	0	1	
2e-09	98	0.0166587	-0.00575743	0.999845	0.947931	0.947756	-1	0	0	1	
2.04e-09	100	-0.0134447	0.0170397	0.999764	0.948234	0.947125	-1	0	0	1	
2.08e-09	102	0.0102015	-0.00149854	0.999947	0.945652	0.945617	-1	0	0	1	
2.12e-09	104	0.00231727	0.00553805	0.999982	0.945615	0.94463	-1	0	0	1	
2.16e-09	106	-0.0202269	-0.00570484	0.999779	0.942733	0.943391	-1	0	0	1	
2.2e-09	108	-0.0207783	0.0097523	0.999737	0.942182	0.94209	-1	0	0	1	
2.24e-09	110	0.00973677	-0.0157641	0.999828	0.941475	0.941429	-1	0	0	1	
2.28e-09	112	0.00155751	-0.0130094	0.999914	0.939924	0.940223	-1	0	0	1	
2.32e-09	114	-0.0153608	0.00489555	0.99987	0.938161	0.938734	-1	0	0	1	
2.36e-09	116	-0.00177899	-0.00277758	0.999995	0.938361	0.938161	-1	0	0	1	
2.4e-09	118	-0.00370854	0.00189366	0.999991	0.938405	0.936938	-1	0	0	1	
2.44e-09	120	-0.0142358	0.005658	0.999883	0.935771	0.935603	-1	0	0	1	
2.48e-09	122	0.0257795	0.0187746	0.999491	0.934431	0.933867	-1	0	0	1	
2.52e-09	124	-0.0183817	0.00641669	0.99981	0.933719	0.933369	-1	0	0	1	
2.56e-09	126	-0.0142137	0.000242787	0.999899	0.931798	0.932232	-1	0	0	1	
2.6e-09	128	-0.00134744	-0.0138411	0.999903	0.930839	0.931167	-1	0	0	1	
2.64e-09	130	-0.0118944	-0.00262855	0.999926	0.931137	0.929956	-1	0	0	1	
2.68e-09	132	0.00501745	-0.00224121	0.999985	0.928908	0.928412	-1	0	0	1	
2.72e-09	134	0.0170452	0.000406964	0.999855	0.926758	0.927129	-1	0	0	1	
2.76e-09	136	0.0179819	-7.83442e-05	0.999838	0.926972	0.92649	-1	0	0	1	
2.8e-09	138	-0.0154463	-0.0111236	0.999819	0.926786	0.925444	-1	0	0	1	
2.84e-09	140	-0.00834821	-0.0324718	0.999438	0.924521	0.924754	-1	0	0	1	
2.88e-09	142	-0.00693332	0.0135646	0.999884	0.923324	0.923275	-1	0	0	1	
2.92e-09	144	0.0134027	0.0222642	0.999662	0.921815	0.92193	-1	0	0	1	
2.96e-09	146	0.0108712	-0.0161004	0.999811	0.92129	0.920376	-1	0	0	1	
3e-09	148	0.0202273	-0.00618196	0.999776	0.920371	0.919824	-1	0	0	1	
3.04e-09	150	-0.0102759	-0.0331758	0.999397	0.918405	0.918384	-1	0	0	1	
3.08e-09	152	0.0025979	-0.00939518	0.999952	0.917522	0.91711	-1	0	0	1	
3.12e-09	154	-0.00786286	-0.0038041	0.999962	0.915324	0.916108	-1	0	0	1	
3.16e-09	156	-0.0270453	-0.000316198	0.999634	0.916978	0.914805	-1	0	0	1	
3.2e-09	158	0.0117162	0.00603115	0.999913	0.912878	0.913464	-1	0	0	1	
3.24e-09	160	0.00349134	-0.00542517	0.999979	0.912998	0.912979	-1	0	0	1	
3.28e-09	162	0.0191833	-0.00636509	0.999796	0.910937	0.910975	-1	0	0	1	
3.32e-09	164	-0.00288108	0.00130519	0.999995	0.909923	0.910055	-1	0	0	1	
3.36e-09	166	-0.00030311	-0.018059	0.999837	0.909323	0.909252	-1	0	0	1	
3.4e-09	168	-0.0124091	-0.0148708	0.999812	0.906859	0.90781	-1	0	0	1	
3.44e-09	170	-0.000584574	0.00290945	0.999996	0.907605	0.906725	-1	0	0	1	
3.48e-09	172	0.0143477	0.0089744	0.999857	0.90505	0.905813	-1	0	0	1	
3.52e-09	174	0.0275947	0.00147034	0.999618	0.904361	0.904393	-1	0	0	1	
3.56e-09	176	0.0062846	0.00124406	0.999979	0.902175	0.903387	-1	0	0	1	
3.6e-09	178	-0.00986011	0.0243885	0.999654	0.899727	0.901283	-1	0	0	1	
3.64e-09	180	-0.0114907	-0.00628171	0.999914	0.900708	0.900511	-1	0	0	1	
3.68e-09	182	0.000687236	0.00476143	0.999988	0.900241	0.899173	-1	0	0	1	
3.72e-09	184	-0.015652	-0.0459728	0.99882	0.897856	0.898261	-1	0	0	1	
3.76e-09	186	-0.0075942	-0.00869995	0.999933	0.8988	0.897415	-1	0	0	1	
3.8e-09	188	-0.0164099	7.13036e-05	0.999865	0.895571	0.895791	-1	0	0	1	
3.84e-09	190	-0.0273782	-0.00223532	0.999623	0.895168	0.894142	-1	0	0	1	
3.88e-09	192	-0.03846	-0.0149349	0.999149	0.891371	0.893434	-1	0	0	1	
3.92e-09	194	-0.0104919	-0.0198409	0.999748	0.891573	0.891704	-1	0	0	1	
3.96e-09	196	0.028869	0.00705376	0.999558	0.890356	0.890317	-1	0	0	1	
4e-09	198	-0.00172751	-0.0124315	0.999921	0.888465	0.889786	-1	0	0	1	
4.04e-09	200	-0.0283869	-0.0342504	0.99901	0.88825	0.888553	-1	0	0	1	
4.08e-09	202	0.0383336	0.031352	0.998773	0.884917	0.887279	-1	0	0	1	
4.12e-09	204	0.0251505	0.0147175	0.999575	0.882858	0.886082	-1	0	0	1	
4.16e-09	206	-0.00290671	0.0296607	0.999556	0.886527	0.88456	-1	0	0	1	
4.2e-09	208	0.00218865	-0.00560539	0.999982	0.882829	0.88378	-1	0	0	1	
4.24e-09	210	0.0116249	-0.0124879	0.999854	0.883274	0.881942	-1	0	0	1	
4.28e-09	212	0.0339868	0.00454751	0.999412	0.879675	0.880537	-1	0	0	1	
4.32e-09	214	0.0220072	-0.0100786	0.999707	0.880742	0.879898	-1	0	0	1	
4.36e-09	216	0.036208	-0.0206256	0.999131	0.87501	0.878482	-1	0	0	1	
4.4e-09	218	-0.00399787	-0.0155336	0.999871	0.876779	0.877792	-1	0	0	1	
4.44e-09	220	-0.00791631	0.0195222	0.999778	0.874215	0.875712	-1	0	0	1	
4.48e-09	222	0.00887102	0.0381159	0.999234	0.876891	0.8746	-1	0	0	1	
4.52e-09	224	-0.00502864	-0.00653521	0.999966	0.875156	0.873567	-1	0	0	1	
4.56e-09	226	-0.000343021	-0.0136686	0.999907	0.872652	0.871567	-1	0	0	1	
4.6e-09	228	0.0122827	0.00289668	0.99992	0.870833	0.870244	-1	0	0	1	
4.64e-09	230	-0.00295923	-0.0140594	0.999897	0.869061	0.870293	-1	0	0	1	
4.68e-09	232	-0.0108669	-0.00662864	0.999919	0.868234	0.868106	-1	0	0	1	
4.72e-09	234	0.0208243	-0.00082996	0.999783	0.868201	0.86613	-1	0	0	1	
4.76e-09	236	-0.032334	0.000235311	0.999477	0.868179	0.866228	-1	0	0	1	
4.8e-09	238	0.0349028	0.00719657	0.999365	0.864057	0.864543	-1	0	0	1	
4.84e-09	240	0.00680828	0.0021964	0.999974	0.864056	0.863139	-1	0	0	1	
4.88e-09	242	-0.000113155	-0.0402215	0.999191	0.860298	0.861268	-1	0	0	1	
4.92e-09	244	-0.000177075	0.00099269	0.999999	0.86231	0.861284	-1	0	0	1	
4.96e-09	246	-0.00639251	0.0197794	0.999784	0.857938	0.859148	-1	0	0	1	
5e-09	248	-0.00645101	-0.0134663	0.999889	0.857828	0.858017	-1	0	0	1	
5.04e-09	250	-0.00190802	-0.0322994	0.999476	0.856982	0.85588	-1	0	0	1	
5.08e-09	252	0.00997537	0.00518641	0.999937	0.854168	0.855082	-1	0	0	1	
5.12e-09	254	-0.0014568	0.00949008	0.999954	0.854534	0.854569	-1	0	0	1	
5.16e-09	256	0.000778343	0.0451748	0.998979	0.854831	0.851969	-1	0	0	1	
5.2e-09	258	0.00546874	0.0072219	0.999959	0.853972	0.852715	-1	0	0	1	
5.24e-09	260	0.0404769	-0.039632	0.998394	0.846306	0.850142	-1	0	0	1	
5.28e-09	262	0.0318546	0.0014045	0.999492	0.847219	0.848551	-1	0	0	1	
5.32e-09	264	0.0265596	0.0389122	0.99889	0.850658	0.847825	-1	0	0	1	
5.36e-09	266	0.0279657	-0.00937943	0.999565	0.847449	0.845978	-1	0	0	1	
5.4e-09	268	-0.0030865	0.00391454	0.999988	0.848456	0.845504	-1	0	0	1	
5.44e-09	270	-0.0268958	-0.00196951	0.999636	0.841587	0.841762	-1	0	0	1	
5.48e-09	272	-0.0158902	0.00328079	0.999868	0.843729	0.841252	-1	0	0	1	
5.52e-09	274	-0.0477195	-0.00320041	0.998856	0.840718	0.840262	-1	0	0	1	
5.56e-09	276	-0.0165559	0.0456923	0.998818	0.839182	0.838062	-1	0	0	1	
5.6e-09	278	0.00523464	0.01208	0.999913	0.838905	0.838702	-1	0	0	1	
5.64e-09	280	-0.00618996	0.00884808	0.999942	0.838152	0.8363	-1	0	0	1	
5.68e-09	282	0.0138516	0.0075777	0.999875	0.835982	0.835111	-1	0	0	1	
5.72e-09	284	-0.0247632	0.0309453	0.999214	0.836349	0.833289	-1	0	0	1	
5.76e-09	286	0.0161282	-0.0158731	0.999744	0.831854	0.831696	-1	0	0	1	
5.8e-09	288	-0.0245261	-0.0145679	0.999593	0.832805	0.830293	-1	0	0	1	
5.84e-09	290	-0.00532178	0.00713553	0.99996	0.831835	0.830084	-1	0	0	1	
5.88e-09	292	0.015089	0.00578731	0.999869	0.82996	0.827968	-1	0	0	1	
5.92e-09	294	-0.013088	-0.00746849	0.999886	0.827653	0.825733	-1	0	0	1	
5.96e-09	296	0.0445949	0.0133392	0.998916	0.820404	0.823465	-1	0	0	1	
6e-09	298	-0.0388732	-0.0111528	0.999182	0.82417	0.824057	-1	0	0	1	
6.04e-09	300	-0.0123284	0.0111846	0.999861	0.822256	0.822815	-1	0	0	1	
6.08e-09	302	-0.00221831	0.0162131	0.999866	0.823132	0.821239	-1	0	0	1	
6.12e-09	304	0.0250517	0.000758493	0.999686	0.822018	0.819527	-1	0	0	1	
6.16e-09	306	-0.0200922	0.00243863	0.999795	0.819413	0.818355	-1	0	0	1	
6.2e-09	308	-0.0258158	-0.0178887	0.999507	0.81855	0.817354	-1	0	0	1	
6.24e-09	310	0.0407307	0.0261746	0.998827	0.814444	0.814216	-1	0	0	1	
6.28e-09	312	-0.00143077	0.0135415	0.999907	0.807281	0.813517	-1	0	0	1	
6.32e-09	314	0.053846	0.0449354	0.997538	0.810535	0.811312	-1	0	0	1	
6.36e-09	316	-0.00501206	0.026004	0.999649	0.811985	0.809683	-1	0	0	1	
6.4e-09	318	0.00713851	-0.0351108	0.999358	0.811516	0.809358	-1	0	0	1	
6.44e-09	320	0.000109877	-0.00990102	0.999951	0.808934	0.806626	-1	0	0	1	
6.48e-09	322	0.0082874	-0.0228045	0.999706	0.802015	0.806592	-1	0	0	1	
6.52e-09	324	-0.0108686	-0.00320259	0.999936	0.80452	0.80511	-1	0	0	1	
6.56e-09	326	-0.0330999	-0.0265451	0.999099	0.804547	0.802995	-1	0	0	1	
6.6e-09	328	0.043203	-0.0448024	0.998061	0.805452	0.801713	-1	0	0	1	
6.64e-09	330	0.0162046	0.0139801	0.999771	0.800366	0.800363	-1	0	0	1	
6.68e-09	332	-0.0263442	-0.0416372	0.998785	0.798999	0.799222	-1	0	0	1	
6.72e-09	334	0.0295287	-0.000122008	0.999564	0.796153	0.797796	-1	0	0	1	
6.76e-09	336	-0.0126041	0.056682	0.998313	0.794964	0.79601	-1	0	0	1	
6.8e-09	338	0.0320709	-0.00241415	0.999483	0.792906	0.794365	-1	0	0	1	
6.84e-09	340	-0.0443961	0.0364762	0.998348	0.792056	0.794213	-1	0	0	1	
6.88e-09	342	0.0292267	-0.0109851	0.999512	0.793266	0.792846	-1	0	0	1	
6.92e-09	344	-0.051032	-0.0188474	0.998519	0.787979	0.790227	-1	0	0	1	
6.96e-09	346	0.0368996	-0.0361159	0.998666	0.781146	0.788397	-1	0	0	1	
7e-09	348	-0.0271075	-0.0645365	0.997547	0.790464	0.789124	-1	0	0	1	
7.04e-09	350	-0.012739	0.0214036	0.99969	0.787297	0.785938	-1	0	0	1	
7.08e-09	352	0.0146886	-0.0206976	0.999678	0.783551	0.784013	-1	0	0	1	
7.12e-09	354	0.0317423	-0.00431991	0.999487	0.787606	0.781742	-1	0	0	1	
7.16e-09	356	-0.0127619	-0.0400712	0.999115	0.781039	0.780578	-1	0	0	1	
7.2e-09	358	-0.0258992	-8.37256e-05	0.999665	0.7775	0.780682	-1	0	0	1	
7.24e-09	360	0.026988	0.0260505	0.999296	0.777243	0.777535	-1	0	0	1	
7.28e-09	362	-0.0223308	-0.00968618	0.999704	0.778098	0.775061	-1	0	0	1	
7.32e-09	364	-0.00377731	-0.0379244	0.999273	0.771092	0.774869	-1	0	0	1	
7.36e-09	366	0.013349	-0.00442258	0.999901	0.769734	0.772017	-1	0	0	1	
7.4e-09	368	-0.0157127	-0.0451421	0.998857	0.773125	0.772303	-1	0	0	1	
7.44e-09	370	-0.0140422	-0.0334639	0.999341	0.767607	0.768196	-1	0	0	1	
7.48e-09	372	-0.0215264	0.0184862	0.999597	0.768438	0.768564	-1	0	0	1	
7.52e-09	374	-0.0329433	0.044461	0.998468	0.763354	0.764059	-1	0	0	1	
7.56e-09	376	-0.0535544	-0.0253306	0.998244	0.767555	0.765439	-1	0	0	1	
7.6e-09	378	0.0567499	-0.0342566	0.997801	0.765648	0.763979	-1	0	0	1	
7.64e-09	380	-0.0274455	-0.0434209	0.99868	0.764477	0.762667	-1	0	0	1	
7.68e-09	382	-0.022055	0.0233117	0.999485	0.766414	0.761733	-1	0	0	1	
7.72e-09	384	-0.0451673	-0.00730692	0.998953	0.762644	0.759755	-1	0	0	1	
7.76e-09	386	0.0128131	-0.00762665	0.999889	0.753608	0.757802	-1	0	0	1	
7.8e-09	388	-0.051636	0.038199	0.997935	0.753124	0.755183	-1	0	0	1	
7.84e-09	390	-0.0331717	0.00145284	0.999449	0.745526	0.752514	-1	0	0	1	
7.88e-09	392	0.000140895	-0.0250541	0.999686	0.752979	0.750236	-1	0	0	1	
7.92e-09	394	-0.0193262	0.0125717	0.999734	0.751481	0.749626	-1	0	0	1	
7.96e-09	396	0.00545445	-0.0180287	0.999823	0.747759	0.747394	-1	0	0	1	
8e-09	398	-0.0198765	-0.0209974	0.999582	0.747045	0.744578	-1	0	0	1	
8.04e-09	400	0.0249734	-0.0306265	0.999219	0.743435	0.744335	-1	0	0	1	
8.08e-09	402	0.0393907	0.0467349	0.99813	0.745622	0.742912	-1	0	0	1	
8.12e-09	404	0.0386925	0.0435522	0.998302	0.739698	0.740951	-1	0	0	1	
8.16e-09	406	-0.0502039	0.0502254	0.997475	0.743535	0.738875	-1	0	0	1	
8.2e-09	408	-0.0481549	-0.00615968	0.998821	0.740497	0.736941	-1	0	0	1	
8.24e-09	410	-0.0280616	-0.00829184	0.999572	0.733856	0.735865	-1	0	0	1	
8.28e-09	412	-0.0675355	0.0613031	0.995832	0.730844	0.735286	-1	0	0	1	
8.32e-09	414	-0.00207985	0.0542204	0.998527	0.726825	0.73062	-1	0	0	1	
8.36e-09	416	-0.0564883	0.0352693	0.99778	0.735338	0.731585	-1	0	0	1	
8.4e-09	418	-0.046798	0.0266529	0.998549	0.728336	0.728628	-1	0	0	1	
8.44e-09	420	-0.028999	-0.0271736	0.99921	0.722911	0.7253	-1	0	0	1	
8.48e-09	422	-0.0324427	0.0110927	0.999412	0.722685	0.723986	-1	0	0	1	
8.52e-09	424	-0.0583035	-0.0449765	0.997285	0.707194	0.721648	-1	0	0	1	
8.56e-09	426	-0.00998094	0.0464445	0.998871	0.719657	0.718824	-1	0	0	1	
8.6e-09	428	0.0276612	-0.013466	0.999527	0.721044	0.720291	-1	0	0	1	
8.64e-09	430	-0.02412	0.0123046	0.999633	0.723926	0.717608	-1	0	0	1	
8.68e-09	432	-0.0127967	-0.0121855	0.999844	0.720504	0.716905	-1	0	0	1	
8.72e-09	434	-0.0161259	-0.0399785	0.99907	0.708005	0.712013	-1	0	0	1	
8.76e-09	436	-0.0280771	-0.00996385	0.999556	0.710716	0.712264	-1	0	0	1	
8.8e-09	438	0.0367863	-0.00679004	0.9993	0.704046	0.709013	-1	0	0	1	
8.84e-09	440	0.0256887	-0.0203189	0.999463	0.705728	0.708746	-1	0	0	1	
8.88e-09	442	0.0588172	0.033935	0.997692	0.713427	0.708411	-1	0	0	1	
8.92e-09	444	-0.0317029	0.0202804	0.999292	0.706573	0.705458	-1	0	0	1	
8.96e-09	446	0.0117532	-0.00832659	0.999896	0.698622	0.69944	-1	0	0	1	
9e-09	448	-0.0199766	0.013867	0.999704	0.707626	0.702398	-1	0	0	1	
9.04e-09	450	-0.0159559	-0.0283548	0.999471	0.69639	0.698547	-1	0	0	1	
9.08e-09	452	-0.0739275	-0.00751081	0.997235	0.702128	0.696128	-1	0	0	1	
9.12e-09	454	0.0252882	-0.0263671	0.999332	0.690874	0.692516	-1	0	0	1	
9.16e-09	456	-0.0314947	0.0380039	0.998781	0.692185	0.693295	-1	0	0	1	
9.2e-09	458	0.0438004	0.0685457	0.996686	0.698752	0.691707	-1	0	0	1	
9.24e-09	460	-0.00625989	0.00425476	0.999971	0.694769	0.688064	-1	0	0	1	
9.28e-09	462	0.0441908	0.0291247	0.998598	0.687418	0.685507	-1	0	0	1	
9.32e-09	464	-0.0188454	0.0563964	0.998231	0.6868	0.684302	-1	0	0	1	
9.36e-09	466	0.00365762	0.0592236	0.998238	0.676072	0.679576	-1	0	0	1	
9.4e-09	468	-0.00843019	-0.00970219	0.999917	0.682579	0.680672	-1	0	0	1	
9.44e-09	470	-0.0363612	-0.0242417	0.999045	0.681782	0.681515	-1	0	0	1	
9.48e-09	472	-0.0461794	0.00507144	0.99892	0.683015	0.675036	-1	0	0	1	
9.52e-09	474	0.0220948	0.00777067	0.999726	0.679463	0.673326	-1	0	0	1	
9.56e-09	476	0.00494627	-0.0174237	0.999836	0.676737	0.67177	-1	0	0	1	
9.6e-09	478	-0.0344445	-0.00968887	0.99936	0.669852	0.670549	-1	0	0	1	
9.64e-09	480	-0.0150225	-0.0141081	0.999788	0.669275	0.668619	-1	0	0	1	
9.68e-09	482	0.00706941	-0.0545598	0.998485	0.668852	0.665479	-1	0	0	1	
9.72e-09	484	0.0105269	-0.0985495	0.995076	0.666363	0.662992	-1	0	0	1	
9.76e-09	486	-0.0102093	-0.0221145	0.999703	0.659614	0.661243	-1	0	0	1	
9.8e-09	488	-0.00169095	0.0395083	0.999218	0.654999	0.660328	-1	0	0	1	
9.84e-09	490	0.00567656	0.034873	0.999376	0.656458	0.653326	-1	0	0	1	
9.88e-09	492	0.0701506	-0.00140778	0.997535	0.651006	0.652491	-1	0	0	1	
9.92e-09	494	0.0693673	-0.0328537	0.99705	0.651468	0.650271	-1	0	0	1	
9.96e-09	496	-0.0419084	0.00303339	0.999117	0.647599	0.648663	-1	0	0	1	
1e-08	498	-0.0197733	-0.0111396	0.999742	0.643921	0.643365	-1	0	0	1	
1.004e-08	500	-0.027072	-0.0334527	0.999074	0.64474	0.642492	-1	0	0	1	
1.008e-08	502	-0.0190343	0.0258333	0.999485	0.633584	0.639772	-1	0	0	1	
1.012e-08	504	-0.070463	-0.02254	0.99726	0.640001	0.639157	-1	0	0	1	
1.016e-08	506	0.00967554	0.0332563	0.9994	0.641196	0.639623	-1	0	0	1	
1.02e-08	508	0.0271454	-0.0329489	0.999088	0.624444	0.632815	-1	0	0	1	
1.024e-08	510	0.0853266	0.0216234	0.996118	0.638281	0.629974	-1	0	0	1	
1.028e-08	512	-0.0226726	-0.0313447	0.999251	0.628744	0.629303	-1	0	0	1	
1.032e-08	514	0.0332255	0.00791071	0.999417	0.634197	0.629356	-1	0	0	1	
1.036e-08	516	-0.0359498	0.0380698	0.998628	0.632133	0.625896	-1	0	0	1	
1.04e-08	518	-0.0396362	-0.000337024	0.999214	0.627771	0.622438	-1	0	0	1	
1.044e-08	520	-0.0474673	-0.0109674	0.998813	0.616208	0.621256	-1	0	0	1	
1.048e-08	522	-0.00225652	0.0281177	0.999602	0.611126	0.613722	-1	0	0	1	
1.052e-08	524	-0.0939642	-0.0204046	0.995366	0.622505	0.614559	-1	0	0	1	
1.056e-08	526	0.00790744	0.00875798	0.99993	0.606738	0.61243	-1	0	0	1	
1.06e-08	528	-0.0491948	0.102819	0.993483	0.611485	0.609203	-1	0	0	1	
1.064e-08	530	-0.0265427	0.0023574	0.999645	0.606191	0.60518	-1	0	0	1	
1.068e-08	532	-0.00451019	-0.0273069	0.999617	0.599007	0.601526	-1	0	0	1	
1.072e-08	534	0.0241444	0.0943353	0.995248	0.610972	0.600808	-1	0	0	1	
1.076e-08	536	0.00219842	-0.0221576	0.999752	0.60304	0.602733	-1	0	0	1	
1.08e-08	538	-0.0353801	-0.00831784	0.999339	0.610712	0.594539	-1	0	0	1	
1.084e-08	540	0.0557294	0.0268538	0.998085	0.585106	0.591762	-1	0	0	1	
1.088e-08	542	-0.0465671	-0.00180716	0.998914	0.574483	0.593236	-1	0	0	1	
1.092e-08	544	0.0399518	-0.00616578	0.999183	0.587447	0.590245	-1	0	0	1	
1.096e-08	546	0.0960035	0.0352377	0.994757	0.587661	0.588429	-1	0	0	1	
1.1e-08	548	-0.0798373	-0.011703	0.996739	0.584009	0.580998	-1	0	0	1	
1.104e-08	550	0.0363849	-0.0899886	0.995278	0.575303	0.578541	-1	0	0	1	
1.108e-08	552	0.0629625	0.0312692	0.997526	0.585121	0.575015	-1	0	0	1	
1.112e-08	554	0.0459713	0.0100328	0.998892	0.575326	0.570995	-1	0	0	1	
1.116e-08	556	-0.0329358	-0.073739	0.996734	0.571006	0.572484	-1	0	0	1	
1.12e-08	558	0.0616324	-0.0298963	0.997651	0.568175	0.567912	-1	0	0	1	
1.124e-08	560	0.00923146	0.0210778	0.999735	0.567482	0.565559	-1	0	0	1	
1.128e-08	562	-0.115676	0.0558633	0.991715	0.554879	0.560578	-1	0	0	1	
1.132e-08	564	-0.0388126	-0.0109736	0.999186	0.557838	0.557153	-1	0	0	1	
1.136e-08	566	0.0561775	0.0171101	0.998274	0.548229	0.557197	-1	0	0	1	
1.14e-08	568	-0.0420668	0.0316169	0.998614	0.548818	0.55006	-1	0	0	1	
1.144e-08	570	0.0803529	-0.0728411	0.994101	0.551138	0.548326	-1	0	0	1	
1.148e-08	572	0.112511	0.0557067	0.992088	0.549546	0.550729	-1	0	0	1	
1.152e-08	574	-0.0104359	-0.0310832	0.999462	0.540669	0.538712	-1	0	0	1	
1.156e-08	576	-0.0289107	0.18155	0.982957	0.531874	0.537745	-1	0	0	1	
1.16e-08	578	0.0356123	0.0692318	0.996965	0.52791	0.533459	-1	0	0	1	
1.164e-08	580	-0.0421223	-0.13084	0.990508	0.517119	0.530747	-1	0	0	1	
1.168e-08	582	0.0690034	0.00351194	0.99761	0.524862	0.529414	-1	0	0	1	
1.172e-08	584	0.0281914	0.0965046	0.994933	0.519812	0.524239	-1	0	0	1	
1.176e-08	586	0.0211793	0.019999	0.999576	0.52629	0.518903	-1	0	0	1	
1.18e-08	588	-0.0719775	-0.0518892	0.996056	0.51304	0.514277	-1	0	0	1	
1.184e-08	590	0.0274549	-0.0154247	0.999504	0.513829	0.511634	-1	0	0	1	
1.188e-08	592	-0.00413537	-0.0472862	0.998873	0.514495	0.507771	-1	0	0	1	
1.192e-08	594	0.0843257	-0.215164	0.97293	0.494765	0.504603	-1	0	0	1	
1.196e-08	596	0.0351948	0.0751927	0.996548	0.494473	0.503944	-1	0	0	1	
1.2e-08	598	0.0542067	-0.0262294	0.998185	0.499558	0.501071	-1	0	0	1	
1.204e-08	600	-0.00595591	0.00863346	0.999945	0.507833	0.498348	-1	0	0	1	
1.208e-08	602	0.00851318	-0.0394103	0.999187	0.480356	0.490642	-1	0	0	1	
1.212e-08	604	0.0159186	0.0483304	0.998705	0.49178	0.482656	-1	0	0	1	
1.216e-08	606	0.0519647	-0.00792426	0.998617	0.488814	0.48233	-1	0	0	1	
1.22e-08	608	-0.0927047	0.044727	0.994689	0.482711	0.481672	-1	0	0	1	
1.224e-08	610	0.0382324	-0.100613	0.994191	0.486002	0.471969	-1	0	0	1	
1.228e-08	612	0.150036	-0.0745691	0.985864	0.474356	0.467093	-1	0	0	1	
1.232e-08	614	0.0206683	-0.0331779	0.999236	0.484185	0.462653	-1	0	0	1	
1.236e-08	616	-0.0517579	0.0262756	0.998314	0.46671	0.456132	-1	0	0	1	
1.24e-08	618	0.0292145	-0.013342	0.999484	0.460864	0.457541	-1	0	0	1	
1.244e-08	620	-0.129944	0.0207879	0.991303	0.436275	0.445845	-1	0	0	1	
1.248e-08	622	0.115606	-0.0424074	0.99239	0.448378	0.451623	-1	0	0	1	
1.252e-08	624	-0.0539731	-0.0598366	0.996748	0.435454	0.448347	-1	0	0	1	
1.256e-08	626	0.048602	-0.128998	0.990453	0.44398	0.436686	-1	0	0	1	
1.26e-08	628	-0.0249839	0.104502	0.994211	0.441759	0.441324	-1	0	0	1	
1.264e-08	630	-0.0165252	-0.0171571	0.999716	0.446418	0.433833	-1	0	0	1	
1.268e-08	632	-0.0429387	0.0339802	0.9985	0.427564	0.421786	-1	0	0	1	
1.272e-08	634	-0.118459	-0.0101511	0.992907	0.439631	0.426278	-1	0	0	1	
1.276e-08	636	0.0588289	-0.118182	0.991248	0.392303	0.404557	-1	0	0	1	
1.28e-08	638	-0.0602002	-0.0938731	0.993762	0.41029	0.407126	-1	0	0	1	
1.284e-08	640	-0.035724	0.0154166	0.999243	0.431767	0.402697	-1	0	0	1	
1.288e-08	642	0.0085514	-0.0335607	0.9994	0.424075	0.396876	-1	0	0	1	
1.292e-08	644	-0.156174	0.0689234	0.985322	0.382998	0.383971	-1	0	0	1	
1.296e-08	646	-0.0166622	0.150777	0.988427	0.386285	0.387379	-1	0	0	1	
1.3e-08	648	0.0681401	0.0559302	0.996107	0.353471	0.379531	-1	0	0	1	
1.304e-08	650	0.14577	0.032335	0.98879	0.347972	0.372148	-1	0	0	1	
1.308e-08	652	-0.0209933	-0.0235359	0.999503	0.39653	0.373907	-1	0	0	1	
1.312e-08	654	0.00207978	0.0329095	0.999456	0.366007	0.359398	-1	0	0	1	
1.316e-08	656	0.157282	-0.0121414	0.987479	0.351251	0.348837	-1	0	0	1	
1.32e-08	658	0.0892635	0.0102992	0.995955	0.361086	0.345052	-1	0	0	1	
1.324e-08	660	0.0125512	-0.148843	0.988781	0.328076	0.340141	-1	0	0	1	
1.328e-08	662	-0.149646	0.0767174	0.985759	0.340178	0.335966	-1	0	0	1	
1.332e-08	664	0.224555	-0.0210619	0.974234	0.303538	0.326204	-1	0	0	1	
1.336e-08	666	0.132787	0.0423297	0.99024	0.317015	0.314306	-1	0	0	1	
1.34e-08	668	0.211765	-0.0152743	0.977201	0.286536	0.296267	-1	0	0	1	
1.344e-08	670	0.23726	-0.148368	0.960049	0.274927	0.285968	-1	0	0	1	
1.348e-08	672	-0.0618894	0.0217671	-0.997846	0.339518	0.341757	-1	0	0	1	
1.352e-08	674	0.0587108	0.110507	-0.99214	0.32983	0.330374	-1	0	0	1	
1.356e-08	676	-0.0614914	0.0380542	-0.997382	0.317643	0.322721	-1	0	0	1	
1.36e-08	678	-0.00337178	-0.00836508	-0.999959	0.304968	0.32099	-1	0	0	1	
1.364e-08	680	0.0540356	-0.0581636	-0.996844	0.298648	0.31115	-1	0	0	1	
1.368e-08	682	0.0297237	-0.0687949	-0.997188	0.308367	0.305321	-1	0	0	1	
1.372e-08	684	-0.0145348	0.00271921	-0.999891	0.305578	0.290341	-1	0	0	1	
1.376e-08	686	0.0903999	-0.0236371	-0.995625	0.282879	0.281239	-1	0	0	1	
1.38e-08	688	0.0840665	0.12344	-0.988785	0.282474	0.273565	-1	0	0	1	
1.384e-08	690	0.0681128	0.000802253	-0.997677	0.275003	0.282433	-1	0	0	1	
1.388e-08	692	0.0938955	0.0516541	-0.994241	0.293998	0.261456	-1	0	0	1	
1.392e-08	694	0.054341	0.0281108	-0.998127	0.261032	0.255453	-1	0	0	1	
1.396e-08	696	-0.0221618	-0.00933507	-0.999711	0.282304	0.236717	-1	0	0	1	
1.4e-08	698	-0.113488	0.225862	-0.967526	0.239087	0.240333	-1	0	0	1	
1.404e-08	700	-0.258804	-0.00485744	-0.965918	0.187092	0.226511	-1	0	0	1	
1.408e-08	702	0.0226537	0.0728921	-0.997083	0.217975	0.204201	-1	0	0	1	
1.412e-08	704	-0.0543939	-0.0426235	-0.997609	0.202656	0.204854	-1	0	0	1	
1.416e-08	706	-0.132095	-0.183749	-0.974057	0.197392	0.20966	-1	0	0	1	
1.42e-08	708	-0.0951542	0.120827	-0.988103	0.189887	0.193052	-1	0	0	1	
1.424e-08	710	0.170666	0.272453	-0.946912	0.201352	0.169146	-1	0	0	1	
1.428e-08	712	0.0336679	0.213373	-0.976391	0.213067	0.176034	-1	0	0	1	
1.432e-08	714	0.116038	0.0141427	-0.993144	0.20574	0.16807	-1	0	0	1	
1.436e-08	716	0.18092	-0.0156817	-0.983373	0.176866	0.152819	-1	0	0	1	
1.44e-08	718	-0.342179	-0.222122	-0.913003	0.143041	0.12956	-1	0	0	1	
1.444e-08	720	-0.0265152	-0.159299	-0.986874	0.159119	0.131144	-1	0	0	1	
1.448e-08	722	-0.116927	0.0843027	-0.989556	0.156163	0.111293	-1	0	0	1	
1.452e-08	724	-0.115351	-0.0374399	-0.992619	0.0847334	0.121127	-1	0	0	1	
1.456e-08	726	-0.22937	0.0946581	-0.968726	0.14398	0.111179	-1	0	0	1	
1.46e-08	728	-0.308715	-0.0597908	-0.949273	0.0884984	0.117573	-1	0	0	1	
1.464e-08	730	-0.146948	-0.235661	-0.960661	0.090027	0.0863484	-1	0	0	1	
1.468e-08	732	-0.202619	-0.350072	-0.914547	0.0650221	0.0894343	-1	0	0	1	
1.472e-08	734	0.523715	-0.678966	-0.514517	0.0256479	0.0674364	-1	0	0	1	
1.476e-08	736	0.231838	-0.112364	-0.966243	0.0444383	0.0713733	-1	0	0	1	
1.48e-08	738	0.0819023	-0.721799	-0.687239	0.0537621	0.0557349	-1	0	0	1	
1.484e-08	740	0.478621	-0.422213	-0.769842	0.042887	0.0511224	-1	0	0	1	
1.488e-08	742	0.389721	0.377678	-0.839927	0.0505113	0.0573316	-1	0	0	1	
1.492e-08	744	0.176805	0.784928	-0.593824	0.0575943	0.0682752	-1	0	0	1	
1.496e-08	746	0.437171	0.233955	-0.868416	0.0943114	0.0573987	-1	0	0	1	
1.5e-08	748	0.00582154	0.453323	-0.891327	0.0617401	0.0525087	-1	0	0	1	
1.504e-08	750	0.774283	0.0796449	-0.627808	0.0455129	0.0538817	-1	0	0	1	
1.508e-08	752	0.630088	0.747876	0.208976	0.0214942	0.0459563	-1	0	0	1	
1.512e-08	754	0.456562	-0.396076	-0.796665	0.0224855	0.0514361	-1	0	0	1	
1.516e-08	756	-0.335262	0.31683	-0.887253	0.0586826	0.0484068	-1	0	0	1	
1.52e-08	758	0.527891	-0.17024	-0.832076	0.0336658	0.0407293	-1	0	0	1	
1.524e-08	760	0.46709	-0.34916	-0.812351	0.0238914	0.0451611	-1	0	0	1	
1.528e-08	762	0.395649	-0.113097	-0.911411	0.0347772	0.0376514	-1	0	0	1	
1.532e-08	764	-0.394652	0.10914	-0.912326	0.0294743	0.0465036	-1	0	0	1	
1.536e-08	766	0.0249484	-0.952434	0.303722	0.0348741	0.0395635	-1	0	0	1	
1.54e-08	768	0.281475	0.94678	0.156138	0.0306801	0.0431491	-1	0	0	1	
1.544e-08	770	0.0221576	0.158129	-0.98717	0.0536784	0.0397834	-1	0	0	1	
1.548e-08	772	-0.308453	0.766897	-0.562784	0.0412041	0.0352237	-1	0	0	1	
1.552e-08	774	-0.030118	-0.682769	-0.730013	0.0359508	0.0326069	-1	0	0	1	
1.556e-08	776	-0.0132363	0.971142	0.238132	0.0344171	0.0311788	-1	0	0	1	
1.56e-08	778	-0.056297	-0.567335	-0.821561	0.0398599	0.0411075	-1	0	0	1	
1.564e-08	780	0.276747	-0.718865	-0.637686	0.0256319	0.0291389	-1	0	0	1	
1.568e-08	782	0.608817	-0.197726	-0.768275	0.0453318	0.0394022	-1	0	0	1	
1.572e-08	784	0.111671	-0.927572	-0.356566	0.018207	0.0285565	-1	0	0	1	
1.576e-08	786	-0.411548	0.151519	-0.898705	0.0202942	0.0245592	-1	0	0	1	
1.58e-08	788	0.217771	0.340094	0.914829	0.0204434	0.0246677	-1	0	0	1	
1.584e-08	790	0.429677	0.463899	0.77471	0.0192108	0.0281243	-1	0	0	1	
1.588e-08	792	-0.540062	0.274865	-0.795476	0.0262087	0.0217844	-1	0	0	1	
1.592e-08	794	-0.98592	-0.165031	0.0269603	0.0468157	0.0314536	-1	0	0	1	
1.596e-08	796	-0.0283396	-0.167121	-0.985529	0.0189237	0.029449	-1	0	0	1	
1.6e-08	798	0.417743	0.8202	-0.39085	0.0152852	0.0229638	-1	0	0	1	
1.604e-08	800	0.141724	0.890733	0.431868	0.0183231	0.0243191	-1	0	0	1	
1.608e-08	802	0.119241	0.958217	0.260003	0.0191888	0.0274139	-1	0	0	1	
1.612e-08	804	0.264106	-0.950166	0.165631	0.0187115	0.0289621	-1	0	0	1	
1.616e-08	806	-0.0286408	0.0612748	-0.99771	0.0290966	0.0270519	-1	0	0	1	
1.62e-08	808	-0.264955	0.0379038	-0.963515	0.0168548	0.0197989	-1	0	0	1	
1.624e-08	810	-0.355802	0.289408	-0.888621	0.0317721	0.0216667	-1	0	0	1	
1.628e-08	812	-0.0316922	-0.00562739	-0.999482	0.0190602	0.0218805	-1	0	0	1	
1.632e-08	814	0.462884	-0.371967	-0.804599	0.0199426	0.026487	-1	0	0	1	
1.636e-08	816	0.760236	-0.24362	-0.602239	0.0147995	0.0264486	-1	0	0	1	
1.64e-08	818	-0.177566	0.557311	-0.811095	0.0171705	0.0219467	-1	0	0	1	
1.644e-08	820	0.945794	-0.152975	0.286484	0.0281838	0.0216009	-1	0	0	1	
1.648e-08	822	-0.351462	-0.0137863	-0.936101	0.0302799	0.0240376	-1	0	0	1	
1.652e-08	824	0.714013	-0.342246	-0.610781	0.0261584	0.0203785	-1	0	0	1	
1.656e-08	826	0.273262	-0.0699452	-0.959393	0.0146744	0.0210657	-1	0	0	1	
1.66e-08	828	-0.223578	-0.00478624	-0.974674	0.023627	0.0235594	-1	0	0	1	
1.664e-08	830	-0.319216	0.161748	-0.933777	0.0156322	0.019333	-1	0	0	1	
1.668e-08	832	0.0910685	-0.656482	0.748824	0.00455731	0.0221775	-1	0	0	1	
1.672e-08	834	-0.777965	0.524833	-0.345429	0.0448381	0.0233678	-1	0	0	1	
1.676e-08	836	0.87477	0.443028	0.196226	0.00879205	0.0234342	-1	0	0	1	
1.68e-08	838	0.482393	-0.337135	-0.808478	0.0247708	0.0220771	-1	0	0	1	
1.684e-08	840	-0.124977	-0.647265	-0.75195	0.0309641	0.0217196	-1	0	0	1	
1.688e-08	842	0.174996	-0.624774	0.760943	0.0287105	0.0221626	-1	0	0	1	
1.692e-08	844	0.342718	0.211532	-0.915313	0.00888884	0.0192936	-1	0	0	1	
1.696e-08	846	-0.628637	0.134248	-0.766024	0.0275308	0.0210867	-1	0	0	1	
1.7e-08	848	0.255365	-0.88059	-0.399188	0.0149165	0.0202286	-1	0	0	1	
1.704e-08	850	-0.150911	0.688944	-0.70893	0.0255817	0.016946	-1	0	0	1	
1.708e-08	852	0.11342	-0.279007	-0.953568	0.0291672	0.0179291	-1	0	0	1	
1.712e-08	854	0.143355	-0.8709	0.470087	0.0260514	0.021426	-1	0	0	1	
1.716e-08	856	0.370713	-0.183449	-0.910449	0.00869598	0.0215672	-1	0	0	1	
1.72e-08	858	0.632609	0.509876	-0.582951	0.01277	0.0187098	-1	0	0	1	
1.724e-08	860	0.425868	0.550877	-0.717755	0.0172473	0.0165671	-1	0	0	1	
1.728e-08	862	-0.144748	0.975372	0.166424	0.0144821	0.0188189	-1	0	0	1	
1.732e-08	864	0.937826	0.0976942	-0.333074	0.00791814	0.0189595	-1	0	0	1	
1.736e-08	866	0.787585	0.332825	-0.518592	0.0116101	0.0157328	-1	0	0	1	
1.74e-08	868	-0.478915	0.821248	-0.310147	0.026406	0.0197023	-1	0	0	1	
1.744e-08	870	-0.367091	-0.352205	-0.860927	0.0318193	0.0179408	-1	0	0	1	
1.748e-08	872	0.0133332	-0.854383	0.519473	0.0157192	0.0195618	-1	0	0	1	
1.752e-08	874	-0.393277	0.758617	-0.519455	0.0266465	0.0134182	-1	0	0	1	
1.756e-08	876	-0.340614	0.0839998	-0.936443	0.0142758	0.0178571	-1	0	0	1	
1.76e-08	878	0.359745	-0.366528	-0.858045	0.0124383	0.0189606	-1	0	0	1	
1.764e-08	880	-0.52474	-0.306767	-0.794067	0.0200265	0.0132834	-1	0	0	1	
1.768e-08	882	0.629415	-0.776963	-0.0128129	0.0147799	0.0140727	-1	0	0	1	
1.772e-08	884	-0.94942	0.286347	0.128872	0.0199312	0.015502	-1	0	0	1	
1.776e-08	886	-0.245891	-0.0193914	-0.969104	0.0173264	0.0206893	-1	0	0	1	
1.78e-08	888	-0.525082	0.228571	-0.819783	0.0370185	0.0182489	-1	0	0	1	
1.784e-08	890	-0.838963	0.532975	0.109904	0.0264591	0.0172146	-1	0	0	1	
1.788e-08	892	0.55553	-0.744077	-0.371129	0.0135738	0.0147027	-1	0	0	1	
1.792e-08	894	-0.315777	-0.130865	-0.939766	0.0185821	0.0166227	-1	0	0	1	
1.796e-08	896	-0.0902344	-0.891672	-0.443598	0.0135721	0.0167166	-1	0	0	1	
1.8e-08	898	-0.238038	0.911652	-0.335004	0.022159	0.0170788	-1	0	0	1	
1.804e-08	900	-0.30609	0.940786	-0.145707	0.00871054	0.017249	-1	0	0	1	
