#----------------------------------------------------------------------------------------------------------------------------------------------------------
# Output file for vampire simulation
#   time       : 2022-02-13 15:17:41     process id : 75171
#   hostname   : compute-0-1.local
#   path       : /home/MINT_SS/luknam/BER/WS_dia5/Thickness10/size_7.0_7.0_10nm/Temp_900/random_1
#----------------------------------------------------------------------------------------------------------------------------------------------------------
4e-11	0	3.89863e-06	3.22819e-06	1	1	1	-1	0	0	1	
8e-11	2	0.00102703	0.00222299	0.999997	0.998945	0.998953	-1	0	0	1	
1.2e-10	4	0.00189828	0.00163638	0.999997	0.997935	0.997914	-1	0	0	1	
1.6e-10	6	-0.00279166	-0.00032709	0.999996	0.996892	0.996872	-1	0	0	1	
2e-10	8	-0.00235406	-0.00303486	0.999993	0.995716	0.995839	-1	0	0	1	
2.4e-10	10	0.00039134	0.00113594	0.999999	0.994828	0.994801	-1	0	0	1	
2.8e-10	12	-0.00499009	0.000188775	0.999988	0.993708	0.993731	-1	0	0	1	
3.2e-10	14	-0.00637926	0.00212317	0.999977	0.992815	0.992724	-1	0	0	1	
3.6e-10	16	0.00141012	-0.000249637	0.999999	0.99172	0.991585	-1	0	0	1	
4e-10	18	-0.000146322	0.000366131	1	0.990743	0.99062	-1	0	0	1	
4.4e-10	20	0.00375204	-0.00353451	0.999987	0.98916	0.989508	-1	0	0	1	
4.8e-10	22	-0.00927295	0.00463487	0.999946	0.988407	0.988405	-1	0	0	1	
5.2e-10	24	-0.00452956	-0.000478462	0.99999	0.987934	0.987472	-1	0	0	1	
5.6e-10	26	-0.00294375	-0.00261362	0.999992	0.986288	0.986336	-1	0	0	1	
6e-10	28	-0.00665195	-0.0050992	0.999965	0.984786	0.985229	-1	0	0	1	
6.4e-10	30	0.00731446	-0.0052584	0.999959	0.984094	0.98424	-1	0	0	1	
6.8e-10	32	0.00412723	-0.00994827	0.999942	0.982853	0.983245	-1	0	0	1	
7.2e-10	34	0.0118269	0.0035787	0.999924	0.982152	0.982167	-1	0	0	1	
7.6e-10	36	-0.00462778	-0.000165367	0.999989	0.981139	0.981092	-1	0	0	1	
8e-10	38	-0.0128197	0.00521781	0.999904	0.980368	0.980047	-1	0	0	1	
8.4e-10	40	-0.0165183	0.00851033	0.999827	0.97886	0.979097	-1	0	0	1	
8.8e-10	42	0.000526518	0.00714991	0.999974	0.977649	0.977883	-1	0	0	1	
9.2e-10	44	0.00480761	-0.000566813	0.999988	0.976956	0.976577	-1	0	0	1	
9.6e-10	46	-0.004117	0.00289637	0.999987	0.975128	0.975499	-1	0	0	1	
1e-09	48	-0.00120877	-0.0112064	0.999936	0.974486	0.974642	-1	0	0	1	
1.04e-09	50	-0.00291984	0.0107265	0.999938	0.973596	0.973403	-1	0	0	1	
1.08e-09	52	-0.00267365	-0.00514913	0.999983	0.972544	0.972477	-1	0	0	1	
1.12e-09	54	-0.00698417	0.00806099	0.999943	0.970323	0.971343	-1	0	0	1	
1.16e-09	56	0.0011667	-0.0112133	0.999936	0.97059	0.970324	-1	0	0	1	
1.2e-09	58	-0.0182287	-0.00542934	0.999819	0.968559	0.969148	-1	0	0	1	
1.24e-09	60	0.00514819	0.0182622	0.99982	0.967854	0.968243	-1	0	0	1	
1.28e-09	62	-0.0347179	-0.000395057	0.999397	0.966362	0.967267	-1	0	0	1	
1.32e-09	64	-0.00223441	-0.0135864	0.999905	0.965592	0.966024	-1	0	0	1	
1.36e-09	66	-0.0220246	0.00987445	0.999709	0.964765	0.965026	-1	0	0	1	
1.4e-09	68	0.0246894	-0.0231129	0.999428	0.963745	0.963852	-1	0	0	1	
1.44e-09	70	-0.0159186	0.00160015	0.999872	0.962189	0.962761	-1	0	0	1	
1.48e-09	72	-0.0108044	-0.0009948	0.999941	0.961325	0.961286	-1	0	0	1	
1.52e-09	74	-0.011773	-0.0198715	0.999733	0.961332	0.960641	-1	0	0	1	
1.56e-09	76	0.0065396	0.00720501	0.999953	0.959438	0.958989	-1	0	0	1	
1.6e-09	78	0.00171549	0.00668635	0.999976	0.958629	0.957876	-1	0	0	1	
1.64e-09	80	-0.00139098	0.00941095	0.999955	0.957019	0.957047	-1	0	0	1	
1.68e-09	82	0.0117184	0.00562868	0.999915	0.955906	0.955803	-1	0	0	1	
1.72e-09	84	-0.025476	-0.0263064	0.999329	0.954868	0.955091	-1	0	0	1	
1.76e-09	86	-0.00856333	-0.0318164	0.999457	0.954043	0.953931	-1	0	0	1	
1.8e-09	88	-0.00709328	-0.0150232	0.999862	0.951509	0.952629	-1	0	0	1	
1.84e-09	90	-0.0204446	0.0218151	0.999553	0.952136	0.95125	-1	0	0	1	
1.88e-09	92	-0.0120095	-0.0136626	0.999835	0.950029	0.950762	-1	0	0	1	
1.92e-09	94	0.0211351	0.0219547	0.999536	0.949475	0.949362	-1	0	0	1	
1.96e-09	96	-0.0234434	0.00727558	0.999699	0.948186	0.947858	-1	0	0	1	
2e-09	98	-0.0238968	0.0107322	0.999657	0.946997	0.946682	-1	0	0	1	
2.04e-09	100	-0.00507878	-0.00966837	0.99994	0.94582	0.945729	-1	0	0	1	
2.08e-09	102	-0.0204285	0.0140096	0.999693	0.947024	0.944933	-1	0	0	1	
2.12e-09	104	0.0105788	0.00971615	0.999897	0.944424	0.943442	-1	0	0	1	
2.16e-09	106	-0.0116247	-0.00736315	0.999905	0.941348	0.942377	-1	0	0	1	
2.2e-09	108	0.00801097	0.025456	0.999644	0.941875	0.940872	-1	0	0	1	
2.24e-09	110	-0.00690141	-0.000115651	0.999976	0.939862	0.940215	-1	0	0	1	
2.28e-09	112	-0.000963442	-0.0282803	0.9996	0.940025	0.938836	-1	0	0	1	
2.32e-09	114	-0.00996578	-0.00637715	0.99993	0.93864	0.937991	-1	0	0	1	
2.36e-09	116	-0.0190087	0.0205102	0.999609	0.936778	0.936593	-1	0	0	1	
2.4e-09	118	0.0122574	0.0172633	0.999776	0.936267	0.935736	-1	0	0	1	
2.44e-09	120	-0.0110819	0.0250384	0.999625	0.935923	0.934844	-1	0	0	1	
2.48e-09	122	-0.00276207	0.00396434	0.999988	0.933722	0.933165	-1	0	0	1	
2.52e-09	124	-0.00575095	-0.0290797	0.999561	0.931337	0.932174	-1	0	0	1	
2.56e-09	126	0.0158938	-0.0212788	0.999647	0.928674	0.931338	-1	0	0	1	
2.6e-09	128	0.0200737	-0.0187801	0.999622	0.928566	0.93004	-1	0	0	1	
2.64e-09	130	0.0165694	0.0195441	0.999672	0.927543	0.92863	-1	0	0	1	
2.68e-09	132	0.0185236	-0.00795255	0.999797	0.927755	0.92755	-1	0	0	1	
2.72e-09	134	-0.0120722	0.0108184	0.999869	0.927636	0.925804	-1	0	0	1	
2.76e-09	136	-0.00060308	0.0151114	0.999886	0.926311	0.924515	-1	0	0	1	
2.8e-09	138	-0.00867581	0.00695867	0.999938	0.923131	0.923622	-1	0	0	1	
2.84e-09	140	0.018092	-0.0090414	0.999795	0.922226	0.922673	-1	0	0	1	
2.88e-09	142	-0.00027322	0.0267537	0.999642	0.922017	0.921425	-1	0	0	1	
2.92e-09	144	-0.032483	0.0146185	0.999365	0.922713	0.920347	-1	0	0	1	
2.96e-09	146	0.029061	0.000476195	0.999578	0.9185	0.91897	-1	0	0	1	
3e-09	148	-0.00383722	-0.00766198	0.999963	0.920653	0.918191	-1	0	0	1	
3.04e-09	150	-0.0229964	0.00199555	0.999734	0.915908	0.917194	-1	0	0	1	
3.08e-09	152	0.037937	0.0396219	0.998494	0.919171	0.916372	-1	0	0	1	
3.12e-09	154	-0.000834804	0.00547752	0.999985	0.915164	0.91444	-1	0	0	1	
3.16e-09	156	0.0026538	0.0249347	0.999686	0.915406	0.913509	-1	0	0	1	
3.2e-09	158	0.00979678	-0.0193042	0.999766	0.913433	0.91228	-1	0	0	1	
3.24e-09	160	-0.00368417	0.00776206	0.999963	0.909556	0.91053	-1	0	0	1	
3.28e-09	162	-0.0113669	-0.0163301	0.999802	0.91255	0.910466	-1	0	0	1	
3.32e-09	164	-0.0106791	-0.0139887	0.999845	0.907826	0.90824	-1	0	0	1	
3.36e-09	166	-0.0130624	-0.0209004	0.999696	0.908327	0.906751	-1	0	0	1	
3.4e-09	168	0.0118097	0.0241187	0.999639	0.90461	0.905482	-1	0	0	1	
3.44e-09	170	0.0192212	0.0254644	0.999491	0.904858	0.904985	-1	0	0	1	
3.48e-09	172	-0.0176188	0.0141473	0.999745	0.90583	0.90306	-1	0	0	1	
3.52e-09	174	-0.0126935	0.0286106	0.99951	0.898667	0.902661	-1	0	0	1	
3.56e-09	176	0.0142746	-0.0310843	0.999415	0.901943	0.901878	-1	0	0	1	
3.6e-09	178	-0.0345503	-0.00161345	0.999402	0.896738	0.899021	-1	0	0	1	
3.64e-09	180	0.0266953	0.00444868	0.999634	0.898305	0.898712	-1	0	0	1	
3.68e-09	182	0.014874	-0.0348249	0.999283	0.897383	0.896767	-1	0	0	1	
3.72e-09	184	0.012599	-0.0118618	0.99985	0.897987	0.895667	-1	0	0	1	
3.76e-09	186	0.00468125	0.00224428	0.999987	0.893913	0.895354	-1	0	0	1	
3.8e-09	188	0.0289876	-0.00273416	0.999576	0.895597	0.894205	-1	0	0	1	
3.84e-09	190	0.00631872	0.0197205	0.999786	0.892933	0.892525	-1	0	0	1	
3.88e-09	192	0.0064489	0.00194002	0.999977	0.887678	0.891217	-1	0	0	1	
3.92e-09	194	-0.00823376	0.0206506	0.999753	0.891292	0.889441	-1	0	0	1	
3.96e-09	196	-0.0185984	-0.0124576	0.999749	0.89145	0.88895	-1	0	0	1	
4e-09	198	0.0113514	-0.0155089	0.999815	0.884593	0.887036	-1	0	0	1	
4.04e-09	200	-0.0267995	0.00358004	0.999634	0.888738	0.886099	-1	0	0	1	
4.08e-09	202	0.0112844	-0.00507336	0.999923	0.885703	0.885041	-1	0	0	1	
4.12e-09	204	0.00855569	-0.00390398	0.999956	0.881809	0.882523	-1	0	0	1	
4.16e-09	206	0.00557555	-0.00947382	0.99994	0.881527	0.882085	-1	0	0	1	
4.2e-09	208	-0.00553172	0.0489444	0.998786	0.880112	0.879843	-1	0	0	1	
4.24e-09	210	-0.00569441	0.0231164	0.999717	0.883562	0.879452	-1	0	0	1	
4.28e-09	212	0.00826793	0.000101445	0.999966	0.879002	0.877716	-1	0	0	1	
4.32e-09	214	0.0151431	-0.0257537	0.999554	0.876564	0.877852	-1	0	0	1	
4.36e-09	216	-0.0143865	0.0433178	0.998958	0.875453	0.875973	-1	0	0	1	
4.4e-09	218	-0.00372606	0.00749545	0.999965	0.87291	0.873843	-1	0	0	1	
4.44e-09	220	0.013827	0.0256799	0.999575	0.873171	0.873891	-1	0	0	1	
4.48e-09	222	0.000955908	-0.00760408	0.999971	0.869982	0.871015	-1	0	0	1	
4.52e-09	224	0.00630756	0.0180752	0.999817	0.869217	0.871285	-1	0	0	1	
4.56e-09	226	-0.0101515	-0.0140389	0.99985	0.86464	0.868671	-1	0	0	1	
4.6e-09	228	-0.0211104	0.0616821	0.997873	0.865478	0.867411	-1	0	0	1	
4.64e-09	230	-0.0069485	0.0103247	0.999923	0.862588	0.866231	-1	0	0	1	
4.68e-09	232	-0.0239025	0.0189286	0.999535	0.861862	0.865606	-1	0	0	1	
4.72e-09	234	0.0206756	-0.039413	0.999009	0.864171	0.864412	-1	0	0	1	
4.76e-09	236	0.00507945	-0.0249567	0.999676	0.863715	0.863646	-1	0	0	1	
4.8e-09	238	-0.0134934	0.0533423	0.998485	0.860729	0.862385	-1	0	0	1	
4.84e-09	240	0.00247393	-0.0168963	0.999854	0.861671	0.85953	-1	0	0	1	
4.88e-09	242	0.0208214	-0.00782234	0.999753	0.855372	0.858971	-1	0	0	1	
4.92e-09	244	0.0020982	0.00498327	0.999985	0.855509	0.856751	-1	0	0	1	
4.96e-09	246	0.0379459	-0.0123284	0.999204	0.860811	0.856848	-1	0	0	1	
5e-09	248	0.0354452	0.00158502	0.99937	0.859147	0.854237	-1	0	0	1	
5.04e-09	250	-0.0145715	-0.0630531	0.997904	0.853517	0.852446	-1	0	0	1	
5.08e-09	252	0.0100389	0.0273898	0.999574	0.850792	0.85151	-1	0	0	1	
5.12e-09	254	0.00498817	0.0181001	0.999824	0.85279	0.850868	-1	0	0	1	
5.16e-09	256	0.034843	-0.0495473	0.998164	0.848312	0.848893	-1	0	0	1	
5.2e-09	258	-0.00593367	0.0128541	0.9999	0.848548	0.847593	-1	0	0	1	
5.24e-09	260	-0.0292549	-0.0144428	0.999468	0.843093	0.847635	-1	0	0	1	
5.28e-09	262	0.0107672	-0.0064782	0.999921	0.851315	0.844466	-1	0	0	1	
5.32e-09	264	0.00308277	-0.0225616	0.999741	0.844662	0.845133	-1	0	0	1	
5.36e-09	266	-0.00609531	0.0309213	0.999503	0.839565	0.841322	-1	0	0	1	
5.4e-09	268	-0.0299861	-0.0367424	0.998875	0.845377	0.841236	-1	0	0	1	
5.44e-09	270	0.0239754	0.0197283	0.999518	0.839019	0.840572	-1	0	0	1	
5.48e-09	272	-0.0160541	-0.041431	0.999012	0.842227	0.837516	-1	0	0	1	
5.52e-09	274	-0.0856441	0.0418997	0.995444	0.835846	0.837072	-1	0	0	1	
5.56e-09	276	-0.0788302	-0.0296913	0.996446	0.829474	0.835096	-1	0	0	1	
5.6e-09	278	-0.0377641	0.0353225	0.998662	0.838224	0.833813	-1	0	0	1	
5.64e-09	280	-0.0273225	-0.0165049	0.99949	0.838499	0.834895	-1	0	0	1	
5.68e-09	282	0.0130559	0.0305016	0.999449	0.831796	0.831969	-1	0	0	1	
5.72e-09	284	0.00943113	-0.0159981	0.999828	0.829375	0.828765	-1	0	0	1	
5.76e-09	286	0.0252394	-0.0341004	0.9991	0.824811	0.830381	-1	0	0	1	
5.8e-09	288	0.0145322	0.0347017	0.999292	0.825527	0.826332	-1	0	0	1	
5.84e-09	290	-0.0199681	-0.0178934	0.99964	0.825392	0.825987	-1	0	0	1	
5.88e-09	292	-0.0458214	-0.0131353	0.998863	0.823997	0.823577	-1	0	0	1	
5.92e-09	294	-0.0137318	-0.00687404	0.999882	0.819877	0.823276	-1	0	0	1	
5.96e-09	296	-0.0105573	-0.0513008	0.998627	0.826395	0.822747	-1	0	0	1	
6e-09	298	0.0330159	0.00941367	0.99941	0.820234	0.82072	-1	0	0	1	
6.04e-09	300	-0.0373997	-0.00643124	0.99928	0.820336	0.817656	-1	0	0	1	
6.08e-09	302	0.0188384	-0.0341881	0.999238	0.818915	0.819407	-1	0	0	1	
6.12e-09	304	-0.0436867	-0.00282221	0.999041	0.814788	0.816166	-1	0	0	1	
6.16e-09	306	0.0217111	0.0258545	0.99943	0.814609	0.813652	-1	0	0	1	
6.2e-09	308	0.0231959	0.0145316	0.999625	0.815114	0.812071	-1	0	0	1	
6.24e-09	310	0.00281955	0.0534367	0.998567	0.817383	0.81332	-1	0	0	1	
6.28e-09	312	0.0405297	-0.0312972	0.998688	0.814426	0.810175	-1	0	0	1	
6.32e-09	314	-0.0206905	0.0113914	0.999721	0.813061	0.807741	-1	0	0	1	
6.36e-09	316	-0.00152826	0.0525638	0.998616	0.805347	0.806698	-1	0	0	1	
6.4e-09	318	-0.0259094	-0.0135236	0.999573	0.8063	0.804413	-1	0	0	1	
6.44e-09	320	0.00828526	0.0159477	0.999838	0.802204	0.801242	-1	0	0	1	
6.48e-09	322	-0.0140633	0.0186057	0.999728	0.797441	0.801205	-1	0	0	1	
6.52e-09	324	-0.0124199	0.0191394	0.99974	0.801306	0.800806	-1	0	0	1	
6.56e-09	326	-0.0072261	0.0230516	0.999708	0.795945	0.799092	-1	0	0	1	
6.6e-09	328	-0.031551	0.0224951	0.999249	0.795953	0.797819	-1	0	0	1	
6.64e-09	330	0.0751022	-0.0388733	0.996418	0.789085	0.794421	-1	0	0	1	
6.68e-09	332	-0.00541833	0.00519172	0.999972	0.79127	0.793643	-1	0	0	1	
6.72e-09	334	0.0498853	0.0571356	0.997119	0.79704	0.793109	-1	0	0	1	
6.76e-09	336	-0.0205131	-0.0581216	0.998099	0.786295	0.789792	-1	0	0	1	
6.8e-09	338	-0.0381198	0.00727799	0.999247	0.797836	0.789287	-1	0	0	1	
6.84e-09	340	0.0549163	-0.0558076	0.99693	0.790046	0.788294	-1	0	0	1	
6.88e-09	342	-0.045978	0.0285464	0.998534	0.781705	0.786619	-1	0	0	1	
6.92e-09	344	0.00223068	-0.0475734	0.998865	0.784915	0.781653	-1	0	0	1	
6.96e-09	346	-0.0760774	-0.0370492	0.996413	0.783991	0.784191	-1	0	0	1	
7e-09	348	0.0544327	-0.0298171	0.998072	0.781565	0.782753	-1	0	0	1	
7.04e-09	350	0.0264489	0.0197587	0.999455	0.787305	0.781707	-1	0	0	1	
7.08e-09	352	-0.0501241	0.0020883	0.998741	0.778821	0.777685	-1	0	0	1	
7.12e-09	354	-0.00266542	0.0650977	0.997875	0.778631	0.776219	-1	0	0	1	
7.16e-09	356	0.0604322	0.0167086	0.998032	0.776192	0.7745	-1	0	0	1	
7.2e-09	358	-0.0395976	-0.0707556	0.996707	0.7753	0.776408	-1	0	0	1	
7.24e-09	360	-0.0197746	0.026554	0.999452	0.771197	0.771749	-1	0	0	1	
7.28e-09	362	0.0726359	0.0237337	0.997076	0.771713	0.772739	-1	0	0	1	
7.32e-09	364	-0.0047956	-0.0959439	0.995375	0.768077	0.76993	-1	0	0	1	
7.36e-09	366	-0.0504462	-0.0290423	0.998304	0.770252	0.767005	-1	0	0	1	
7.4e-09	368	-0.00977496	-0.0291917	0.999526	0.767685	0.764276	-1	0	0	1	
7.44e-09	370	-0.029646	-0.0287021	0.999148	0.759789	0.764237	-1	0	0	1	
7.48e-09	372	-0.0753314	-0.00631954	0.997139	0.765296	0.762547	-1	0	0	1	
7.52e-09	374	-0.090149	-0.047066	0.994816	0.761132	0.761496	-1	0	0	1	
7.56e-09	376	0.0171751	-0.00934987	0.999809	0.755819	0.756974	-1	0	0	1	
7.6e-09	378	-0.0357822	-0.0621346	0.997426	0.758472	0.758344	-1	0	0	1	
7.64e-09	380	0.00385946	-0.00144962	0.999992	0.763362	0.754506	-1	0	0	1	
7.68e-09	382	-0.0608496	0.0274847	0.997768	0.764179	0.75411	-1	0	0	1	
7.72e-09	384	-0.0147199	-0.0767713	0.99694	0.753873	0.75183	-1	0	0	1	
7.76e-09	386	0.016605	0.0134941	0.999771	0.749181	0.749819	-1	0	0	1	
7.8e-09	388	-0.0576167	0.0293554	0.997907	0.752201	0.748085	-1	0	0	1	
7.84e-09	390	0.0944885	-0.0181541	0.99536	0.747116	0.745291	-1	0	0	1	
7.88e-09	392	0.0298517	0.0457467	0.998507	0.740173	0.744782	-1	0	0	1	
7.92e-09	394	0.017342	-0.0577175	0.998182	0.743895	0.743825	-1	0	0	1	
7.96e-09	396	-0.0168369	0.00536299	0.999844	0.743776	0.744379	-1	0	0	1	
8e-09	398	0.0178331	-0.0156994	0.999718	0.7358	0.740305	-1	0	0	1	
8.04e-09	400	-0.0301831	0.00602252	0.999526	0.728539	0.737898	-1	0	0	1	
8.08e-09	402	-0.0384688	-0.028471	0.998854	0.739759	0.737856	-1	0	0	1	
8.12e-09	404	0.0217428	-0.0400681	0.99896	0.733076	0.734639	-1	0	0	1	
8.16e-09	406	-0.00279826	-0.0256449	0.999667	0.728753	0.735812	-1	0	0	1	
8.2e-09	408	-0.0756882	-0.0676951	0.994831	0.735572	0.733151	-1	0	0	1	
8.24e-09	410	-0.0126268	-0.0205849	0.999708	0.731055	0.728709	-1	0	0	1	
8.28e-09	412	0.0322706	-0.017271	0.99933	0.733596	0.72733	-1	0	0	1	
8.32e-09	414	-0.00648395	0.0338303	0.999407	0.721465	0.724921	-1	0	0	1	
8.36e-09	416	0.0210242	-0.0482613	0.998613	0.736512	0.724563	-1	0	0	1	
8.4e-09	418	-0.0498863	-0.0299715	0.998305	0.722266	0.721451	-1	0	0	1	
8.44e-09	420	-0.0128729	0.103762	0.994519	0.714137	0.721395	-1	0	0	1	
8.48e-09	422	-0.0812845	0.0287518	0.996276	0.721553	0.718084	-1	0	0	1	
8.52e-09	424	-0.0289339	-0.0411995	0.998732	0.716312	0.718857	-1	0	0	1	
8.56e-09	426	-0.0750097	-0.0411344	0.996334	0.713777	0.716542	-1	0	0	1	
8.6e-09	428	0.0339746	0.0246737	0.999118	0.711913	0.714592	-1	0	0	1	
8.64e-09	430	-0.0238	0.0614199	0.997828	0.715071	0.708266	-1	0	0	1	
8.68e-09	432	-0.00315611	-0.00199362	0.999993	0.720265	0.709425	-1	0	0	1	
8.72e-09	434	0.0251325	-0.0442104	0.998706	0.715418	0.707913	-1	0	0	1	
8.76e-09	436	-0.0655098	0.0507716	0.996559	0.702134	0.70643	-1	0	0	1	
8.8e-09	438	-0.00605374	-0.000502797	0.999982	0.706011	0.706028	-1	0	0	1	
8.84e-09	440	-0.0241172	-0.0249051	0.999399	0.687172	0.701087	-1	0	0	1	
8.88e-09	442	-0.00292436	-0.112073	0.993696	0.700533	0.698931	-1	0	0	1	
8.92e-09	444	-0.0185957	-0.00495801	0.999815	0.686632	0.692291	-1	0	0	1	
8.96e-09	446	-0.0134356	0.0583916	0.998203	0.694171	0.694015	-1	0	0	1	
9e-09	448	-0.0188222	0.0544597	0.998339	0.682006	0.692051	-1	0	0	1	
9.04e-09	450	-0.0171235	-0.0819302	0.996491	0.688358	0.691093	-1	0	0	1	
9.08e-09	452	-0.00668194	0.0113251	0.999914	0.699639	0.690265	-1	0	0	1	
9.12e-09	454	0.00815021	-0.000853746	0.999966	0.691018	0.685268	-1	0	0	1	
9.16e-09	456	-0.0281416	-0.0103528	0.99955	0.681315	0.685223	-1	0	0	1	
9.2e-09	458	-0.0294825	-0.00981982	0.999517	0.687212	0.685613	-1	0	0	1	
9.24e-09	460	0.124756	-0.059422	0.990406	0.67255	0.67724	-1	0	0	1	
9.28e-09	462	-0.0533245	0.0174074	0.998426	0.672862	0.675253	-1	0	0	1	
9.32e-09	464	-0.113703	0.0694125	0.991087	0.679368	0.679382	-1	0	0	1	
9.36e-09	466	-0.0637339	-0.00959969	0.997921	0.662464	0.673365	-1	0	0	1	
9.4e-09	468	0.00470456	0.0637241	0.997956	0.67154	0.673297	-1	0	0	1	
9.44e-09	470	-0.0632693	-0.0231997	0.997727	0.676583	0.671466	-1	0	0	1	
9.48e-09	472	-0.0667926	0.0162138	0.997635	0.669296	0.666885	-1	0	0	1	
9.52e-09	474	0.0278483	-0.141008	0.989617	0.665366	0.666022	-1	0	0	1	
9.56e-09	476	-0.0530483	-0.114017	0.992062	0.668106	0.661199	-1	0	0	1	
9.6e-09	478	0.068877	0.0103174	0.997572	0.660937	0.65833	-1	0	0	1	
9.64e-09	480	-0.0479221	-0.0109343	0.998791	0.668487	0.65864	-1	0	0	1	
9.68e-09	482	-0.0296177	3.69454e-05	0.999561	0.662155	0.658137	-1	0	0	1	
9.72e-09	484	0.0827535	0.0569944	0.994939	0.65291	0.656895	-1	0	0	1	
9.76e-09	486	-0.0769761	0.120714	0.989698	0.656079	0.654486	-1	0	0	1	
9.8e-09	488	-0.0284806	-0.0269021	0.999232	0.647157	0.64869	-1	0	0	1	
9.84e-09	490	-0.0040261	0.0029195	0.999988	0.652448	0.645502	-1	0	0	1	
9.88e-09	492	0.00770844	0.0733512	0.997276	0.641845	0.645806	-1	0	0	1	
9.92e-09	494	-0.0355244	0.116183	0.992592	0.649584	0.643249	-1	0	0	1	
9.96e-09	496	0.0621909	0.0395077	0.997282	0.644443	0.640574	-1	0	0	1	
1e-08	498	-0.0069795	-0.103741	0.99458	0.641712	0.637182	-1	0	0	1	
1.004e-08	500	0.051925	0.012761	0.998569	0.639901	0.633913	-1	0	0	1	
1.008e-08	502	-0.0134769	0.0511204	0.998602	0.637115	0.632059	-1	0	0	1	
1.012e-08	504	0.00256305	-0.0704024	0.997515	0.629579	0.633864	-1	0	0	1	
1.016e-08	506	-0.0198727	-0.0324724	0.999275	0.615384	0.628399	-1	0	0	1	
1.02e-08	508	-0.0835255	0.0532211	0.995083	0.6217	0.626121	-1	0	0	1	
1.024e-08	510	0.194338	-0.0706131	0.97839	0.611796	0.622149	-1	0	0	1	
1.028e-08	512	-0.173473	-0.137258	0.975227	0.612956	0.615616	-1	0	0	1	
1.032e-08	514	0.0389248	-0.00991238	0.999193	0.60393	0.614875	-1	0	0	1	
1.036e-08	516	0.0188606	-0.0063729	0.999802	0.613729	0.617442	-1	0	0	1	
1.04e-08	518	0.0145931	-0.0209905	0.999673	0.593045	0.604978	-1	0	0	1	
1.044e-08	520	-0.0704048	-0.0516353	0.996181	0.603416	0.604278	-1	0	0	1	
1.048e-08	522	0.0237154	-0.00493474	0.999707	0.588798	0.602256	-1	0	0	1	
1.052e-08	524	-0.0569158	0.0269506	0.998015	0.613602	0.603017	-1	0	0	1	
1.056e-08	526	0.126097	0.0106132	0.991961	0.597386	0.600046	-1	0	0	1	
1.06e-08	528	0.096105	-0.0300453	0.994918	0.609203	0.600409	-1	0	0	1	
1.064e-08	530	-0.116408	0.0255775	0.992872	0.582798	0.596751	-1	0	0	1	
1.068e-08	532	0.030785	-0.109665	0.993492	0.573162	0.588749	-1	0	0	1	
1.072e-08	534	0.0621449	-0.0674157	0.995788	0.59249	0.591594	-1	0	0	1	
1.076e-08	536	0.0915313	0.00153742	0.995801	0.581243	0.587301	-1	0	0	1	
1.08e-08	538	0.148128	0.027282	0.988592	0.561424	0.577727	-1	0	0	1	
1.084e-08	540	0.0392858	-0.0414579	0.998368	0.574071	0.582644	-1	0	0	1	
1.088e-08	542	0.199728	0.00159507	0.97985	0.574504	0.577251	-1	0	0	1	
1.092e-08	544	-0.0430675	0.0068986	0.999048	0.578674	0.57702	-1	0	0	1	
1.096e-08	546	0.0120643	0.00751836	0.999899	0.587348	0.576132	-1	0	0	1	
1.1e-08	548	0.0769821	-0.0380329	0.996307	0.561169	0.565664	-1	0	0	1	
1.104e-08	550	-0.0665181	0.0327972	0.997246	0.577872	0.572543	-1	0	0	1	
1.108e-08	552	0.138686	-0.120578	0.982969	0.568813	0.568468	-1	0	0	1	
1.112e-08	554	0.183155	0.059378	0.981289	0.544111	0.559043	-1	0	0	1	
1.116e-08	556	0.0458252	-0.029025	0.998528	0.555587	0.56155	-1	0	0	1	
1.12e-08	558	-0.0627812	0.0404341	0.997208	0.561677	0.555933	-1	0	0	1	
1.124e-08	560	-0.0260439	0.0114072	0.999596	0.543783	0.555141	-1	0	0	1	
1.128e-08	562	-0.0464485	0.0483537	0.99775	0.56117	0.543643	-1	0	0	1	
1.132e-08	564	-0.0562363	0.0885575	0.994482	0.537554	0.541235	-1	0	0	1	
1.136e-08	566	0.068279	0.0949453	0.993138	0.540901	0.543542	-1	0	0	1	
1.14e-08	568	-0.04132	0.0263941	0.998797	0.549992	0.542957	-1	0	0	1	
1.144e-08	570	-0.043313	-0.113974	0.992539	0.527609	0.530018	-1	0	0	1	
1.148e-08	572	0.146865	0.122355	0.98156	0.514888	0.533002	-1	0	0	1	
1.152e-08	574	0.067259	-0.032847	0.997195	0.527031	0.520807	-1	0	0	1	
1.156e-08	576	-0.215039	0.0465647	0.975495	0.526771	0.523177	-1	0	0	1	
1.16e-08	578	0.230272	0.000123276	0.973126	0.532478	0.523168	-1	0	0	1	
1.164e-08	580	0.0463984	0.0822251	0.995533	0.511226	0.518719	-1	0	0	1	
1.168e-08	582	-0.0713465	0.109241	0.991452	0.508284	0.516705	-1	0	0	1	
1.172e-08	584	-0.0182972	-0.020674	0.999619	0.496084	0.51107	-1	0	0	1	
1.176e-08	586	-0.190749	-0.0510568	0.98031	0.513245	0.505136	-1	0	0	1	
1.18e-08	588	-0.00294243	-0.0735711	0.997286	0.487084	0.500769	-1	0	0	1	
1.184e-08	590	-0.0883007	-0.125792	0.988119	0.496773	0.502285	-1	0	0	1	
1.188e-08	592	-0.0979028	-0.0183619	0.995027	0.49103	0.485512	-1	0	0	1	
1.192e-08	594	0.074339	0.0788811	0.994108	0.495973	0.490382	-1	0	0	1	
1.196e-08	596	-0.052927	-0.0770463	0.995622	0.46513	0.486103	-1	0	0	1	
1.2e-08	598	-0.050299	-0.108609	0.992811	0.483262	0.481039	-1	0	0	1	
1.204e-08	600	-0.177574	-0.0316979	0.983597	0.474229	0.478507	-1	0	0	1	
1.208e-08	602	-0.104191	0.140374	0.984601	0.466753	0.474941	-1	0	0	1	
1.212e-08	604	-0.0604106	-0.0955658	0.993588	0.461534	0.472899	-1	0	0	1	
1.216e-08	606	0.109631	-0.0414948	0.993106	0.476334	0.468443	-1	0	0	1	
1.22e-08	608	-0.184794	-0.143275	0.972277	0.466317	0.454342	-1	0	0	1	
1.224e-08	610	0.195044	0.0888818	0.976759	0.463068	0.46641	-1	0	0	1	
1.228e-08	612	0.158375	0.140087	0.977391	0.477511	0.452282	-1	0	0	1	
1.232e-08	614	0.0320703	-0.116308	0.992695	0.463863	0.454001	-1	0	0	1	
1.236e-08	616	0.0785162	-0.0152361	0.996796	0.416955	0.437378	-1	0	0	1	
1.24e-08	618	-0.236062	0.117156	0.96465	0.465905	0.439388	-1	0	0	1	
1.244e-08	620	0.0843451	0.08941	0.992417	0.437142	0.433322	-1	0	0	1	
1.248e-08	622	-0.0420389	-0.0807462	0.995848	0.448628	0.429829	-1	0	0	1	
1.252e-08	624	-0.254173	-0.064531	0.965003	0.426243	0.428458	-1	0	0	1	
1.256e-08	626	-0.368967	-0.141359	0.91863	0.43372	0.427658	-1	0	0	1	
1.26e-08	628	0.00995623	-0.0244961	0.99965	0.436697	0.418445	-1	0	0	1	
1.264e-08	630	-0.127265	-0.156699	0.979413	0.417282	0.41445	-1	0	0	1	
1.268e-08	632	-0.0651681	0.232901	0.970315	0.417006	0.407141	-1	0	0	1	
1.272e-08	634	0.0688589	0.00778574	0.997596	0.411431	0.393489	-1	0	0	1	
1.276e-08	636	0.304298	0.0367021	0.95187	0.382777	0.388554	-1	0	0	1	
1.28e-08	638	-0.123719	0.0810662	0.989	0.393436	0.389413	-1	0	0	1	
1.284e-08	640	0.2011	0.0260963	0.979223	0.364127	0.383733	-1	0	0	1	
1.288e-08	642	-0.228378	-0.164231	0.959621	0.383291	0.380221	-1	0	0	1	
1.292e-08	644	0.0107487	0.0653671	0.997803	0.388084	0.376405	-1	0	0	1	
1.296e-08	646	0.102714	-0.280542	0.95433	0.376516	0.368363	-1	0	0	1	
1.3e-08	648	-0.0719651	0.0359557	0.996759	0.337697	0.35689	-1	0	0	1	
1.304e-08	650	0.0548796	0.119732	0.991288	0.378142	0.352889	-1	0	0	1	
1.308e-08	652	0.144977	-0.0220039	0.98919	0.351988	0.340084	-1	0	0	1	
1.312e-08	654	-0.174785	-0.210988	0.961735	0.354369	0.320323	-1	0	0	1	
1.316e-08	656	0.193125	0.0384047	0.980422	0.318979	0.303061	-1	0	0	1	
1.32e-08	658	0.0306893	0.102157	0.994295	0.328388	0.313715	-1	0	0	1	
1.324e-08	660	-0.148502	0.288073	0.946024	0.266022	0.297377	-1	0	0	1	
1.328e-08	662	-0.050017	-0.00736366	-0.998721	0.350194	0.343031	-1	0	0	1	
1.332e-08	664	0.106737	0.214917	-0.970782	0.341443	0.335717	-1	0	0	1	
1.336e-08	666	0.19727	0.143691	-0.969762	0.329218	0.33639	-1	0	0	1	
1.34e-08	668	-0.0219217	0.0312544	-0.999271	0.295118	0.323157	-1	0	0	1	
1.344e-08	670	-0.247451	0.110677	-0.962558	0.312552	0.321853	-1	0	0	1	
1.348e-08	672	0.0806917	0.00590823	-0.996722	0.331282	0.310433	-1	0	0	1	
1.352e-08	674	-0.0650998	0.0348293	-0.997271	0.292366	0.306271	-1	0	0	1	
1.356e-08	676	0.0372396	0.0436941	-0.998351	0.330985	0.29601	-1	0	0	1	
1.36e-08	678	-0.107622	-0.0826489	-0.990751	0.214307	0.288302	-1	0	0	1	
1.364e-08	680	-0.0275616	-0.127067	-0.991511	0.329066	0.291636	-1	0	0	1	
1.368e-08	682	0.169416	0.0632314	-0.983514	0.249048	0.272763	-1	0	0	1	
1.372e-08	684	0.0789236	-0.00506645	-0.996868	0.284679	0.2582	-1	0	0	1	
1.376e-08	686	-0.310714	-0.00771366	-0.950472	0.276088	0.250671	-1	0	0	1	
1.38e-08	688	-0.160073	0.00970825	-0.987057	0.22768	0.250212	-1	0	0	1	
1.384e-08	690	-0.0737681	0.0491038	-0.996066	0.27556	0.252322	-1	0	0	1	
1.388e-08	692	-0.129838	0.122345	-0.983958	0.232869	0.251198	-1	0	0	1	
1.392e-08	694	-0.141652	-0.0742966	-0.987124	0.251109	0.239905	-1	0	0	1	
1.396e-08	696	0.0454476	-0.0907431	-0.994837	0.258912	0.224263	-1	0	0	1	
1.4e-08	698	-0.233966	0.2304	-0.944551	0.230189	0.209851	-1	0	0	1	
1.404e-08	700	0.218752	-0.00164219	-0.975779	0.190416	0.193524	-1	0	0	1	
1.408e-08	702	0.0802213	0.355636	-0.931175	0.177886	0.18731	-1	0	0	1	
1.412e-08	704	-0.37559	0.218013	-0.900779	0.191691	0.162239	-1	0	0	1	
1.416e-08	706	0.0997932	-0.223046	-0.969686	0.144151	0.168171	-1	0	0	1	
1.42e-08	708	0.138302	-0.46119	-0.876457	0.163025	0.174805	-1	0	0	1	
1.424e-08	710	-0.141694	0.286272	-0.947613	0.193386	0.18289	-1	0	0	1	
1.428e-08	712	0.230194	-0.273615	-0.933887	0.131506	0.13636	-1	0	0	1	
1.432e-08	714	0.0879646	-0.118477	-0.989053	0.104165	0.123003	-1	0	0	1	
1.436e-08	716	0.338292	-0.181453	-0.923382	0.103901	0.139724	-1	0	0	1	
1.44e-08	718	0.0367707	0.108306	-0.993437	0.157739	0.132566	-1	0	0	1	
1.444e-08	720	-0.167719	0.172525	-0.970621	0.156243	0.119603	-1	0	0	1	
1.448e-08	722	0.00424986	0.929295	-0.369314	0.0510067	0.105883	-1	0	0	1	
1.452e-08	724	0.343594	-0.0417261	-0.938191	0.11939	0.100245	-1	0	0	1	
1.456e-08	726	0.425308	0.421442	-0.800937	0.151852	0.0926964	-1	0	0	1	
1.46e-08	728	-0.109014	-0.316166	-0.94242	0.095531	0.0842863	-1	0	0	1	
1.464e-08	730	0.434645	0.859775	-0.268088	0.0691224	0.0934519	-1	0	0	1	
1.468e-08	732	0.721257	0.537139	-0.437343	0.0937365	0.0863511	-1	0	0	1	
1.472e-08	734	0.863578	0.40048	-0.306349	0.0490699	0.088668	-1	0	0	1	
1.476e-08	736	0.351659	-0.034208	-0.935503	0.106086	0.0693063	-1	0	0	1	
1.48e-08	738	0.184602	0.167542	-0.968428	0.0577399	0.0773024	-1	0	0	1	
1.484e-08	740	0.454591	0.890081	-0.0332021	0.0750976	0.0599127	-1	0	0	1	
1.488e-08	742	-0.2113	0.480269	-0.85129	0.0682412	0.0569985	-1	0	0	1	
1.492e-08	744	0.326473	0.726513	0.604643	0.0752308	0.0604378	-1	0	0	1	
1.496e-08	746	0.452979	-0.00230094	-0.891518	0.083211	0.0614415	-1	0	0	1	
1.5e-08	748	-0.967443	-0.15537	0.199787	0.0411701	0.0503131	-1	0	0	1	
1.504e-08	750	-0.104226	0.319157	-0.941953	0.0620876	0.0551008	-1	0	0	1	
1.508e-08	752	0.775048	0.095502	-0.624644	0.0400622	0.0602758	-1	0	0	1	
1.512e-08	754	0.558654	-0.826703	-0.0668424	0.0418282	0.0467873	-1	0	0	1	
1.516e-08	756	-0.371174	0.400559	-0.837725	0.0414872	0.0557547	-1	0	0	1	
1.52e-08	758	-0.746502	-0.137494	-0.651023	0.0362864	0.045641	-1	0	0	1	
1.524e-08	760	0.319061	-0.8433	-0.432487	0.0343112	0.0526153	-1	0	0	1	
1.528e-08	762	0.0307466	0.479853	-0.87681	0.0720545	0.0445666	-1	0	0	1	
1.532e-08	764	-0.118097	0.717368	-0.686612	0.0509555	0.0490932	-1	0	0	1	
1.536e-08	766	-0.657612	0.753071	-0.0207621	0.0112868	0.0381236	-1	0	0	1	
1.54e-08	768	0.323299	0.0475908	-0.945099	0.0377615	0.0414073	-1	0	0	1	
1.544e-08	770	-0.0226807	0.574765	-0.818004	0.0315619	0.0432838	-1	0	0	1	
1.548e-08	772	-0.918764	0.356147	0.17039	0.0417647	0.0434243	-1	0	0	1	
1.552e-08	774	-0.600966	-0.618449	0.506321	0.0294724	0.0312059	-1	0	0	1	
1.556e-08	776	0.404388	0.687969	-0.602635	0.0335323	0.0428434	-1	0	0	1	
1.56e-08	778	0.437282	-0.598288	-0.671443	0.0500244	0.0307025	-1	0	0	1	
1.564e-08	780	0.460681	-0.0555264	-0.885827	0.0303059	0.0275576	-1	0	0	1	
1.568e-08	782	-0.89144	-0.0930509	-0.443481	0.0475141	0.043593	-1	0	0	1	
1.572e-08	784	0.106256	-0.99261	-0.0586088	0.0315933	0.0357267	-1	0	0	1	
1.576e-08	786	-0.45395	-0.859012	-0.236703	0.0193248	0.0325104	-1	0	0	1	
1.58e-08	788	0.298211	0.0768133	-0.951404	0.0466071	0.0379508	-1	0	0	1	
1.584e-08	790	-0.298623	0.237845	-0.924259	0.0379581	0.0342481	-1	0	0	1	
1.588e-08	792	0.679336	0.420146	-0.601648	0.0250014	0.0284422	-1	0	0	1	
1.592e-08	794	-0.282942	-0.769405	-0.572678	0.0571806	0.0333341	-1	0	0	1	
1.596e-08	796	0.25423	-0.663834	-0.703343	0.0321547	0.0320788	-1	0	0	1	
1.6e-08	798	-0.302476	0.946652	-0.111166	0.0372041	0.0347252	-1	0	0	1	
1.604e-08	800	0.144785	0.959936	-0.239916	0.0257267	0.0391688	-1	0	0	1	
1.608e-08	802	-0.00493964	0.339314	-0.94066	0.0502636	0.0358065	-1	0	0	1	
1.612e-08	804	0.352132	-0.265123	-0.897615	0.0452008	0.0319041	-1	0	0	1	
1.616e-08	806	0.138902	-0.961148	0.238538	0.0266962	0.0285919	-1	0	0	1	
1.62e-08	808	0.174496	0.526782	-0.831896	0.0297886	0.0310208	-1	0	0	1	
1.624e-08	810	-0.936	-0.129022	0.327503	0.0428361	0.033109	-1	0	0	1	
1.628e-08	812	0.291517	0.526717	-0.79849	0.0308983	0.0291185	-1	0	0	1	
1.632e-08	814	-0.748469	-0.582483	-0.317029	0.0197179	0.0282348	-1	0	0	1	
1.636e-08	816	-0.207134	0.460949	-0.862915	0.015158	0.0284538	-1	0	0	1	
1.64e-08	818	0.695187	0.344482	0.63091	0.0295902	0.0286916	-1	0	0	1	
1.644e-08	820	-0.334689	0.891694	-0.304737	0.0337626	0.033344	-1	0	0	1	
1.648e-08	822	0.532633	-0.765968	-0.359992	0.0452226	0.0352015	-1	0	0	1	
1.652e-08	824	0.135132	0.759778	-0.635984	0.0579445	0.0354426	-1	0	0	1	
1.656e-08	826	0.748492	0.318631	-0.581579	0.0377745	0.0281821	-1	0	0	1	
1.66e-08	828	-0.745525	-0.174982	0.643097	0.017806	0.0262422	-1	0	0	1	
1.664e-08	830	0.719978	-0.324755	-0.613324	0.0392855	0.0314651	-1	0	0	1	
1.668e-08	832	-0.926108	-0.000939437	-0.377256	0.0252138	0.0339686	-1	0	0	1	
1.672e-08	834	0.297857	0.94188	0.155379	0.0300361	0.0295067	-1	0	0	1	
1.676e-08	836	-0.349154	0.931109	0.105486	0.0224872	0.0297255	-1	0	0	1	
1.68e-08	838	0.183657	0.430606	-0.883656	0.0398856	0.0261181	-1	0	0	1	
1.684e-08	840	-0.157223	0.885988	0.436241	0.0136412	0.0245731	-1	0	0	1	
1.688e-08	842	0.159095	0.9539	-0.254486	0.0271746	0.0282876	-1	0	0	1	
1.692e-08	844	0.193348	0.810937	-0.552266	0.0370823	0.0262005	-1	0	0	1	
1.696e-08	846	0.420207	-0.338821	-0.841799	0.0405737	0.0264555	-1	0	0	1	
1.7e-08	848	-0.739298	-0.647737	-0.184051	0.0451592	0.0304552	-1	0	0	1	
1.704e-08	850	-0.0525753	0.0284508	-0.998212	0.0414118	0.0232595	-1	0	0	1	
1.708e-08	852	0.0171347	0.866217	0.499375	0.0206038	0.0199064	-1	0	0	1	
1.712e-08	854	-0.782802	-0.481015	0.394773	0.0171615	0.0212645	-1	0	0	1	
1.716e-08	856	-0.552308	0.715813	-0.427279	0.0226778	0.0307693	-1	0	0	1	
1.72e-08	858	-0.125852	-0.24529	-0.961246	0.030212	0.0204958	-1	0	0	1	
1.724e-08	860	-0.209713	0.722285	-0.659034	0.0228699	0.0240863	-1	0	0	1	
1.728e-08	862	0.392078	0.049819	0.918582	0.0248443	0.0281011	-1	0	0	1	
1.732e-08	864	0.952081	-0.268733	-0.146029	0.00983528	0.0242448	-1	0	0	1	
1.736e-08	866	0.0917455	0.0598794	-0.99398	0.0331178	0.0208816	-1	0	0	1	
1.74e-08	868	0.882253	-0.298104	-0.364366	0.0161139	0.0245386	-1	0	0	1	
1.744e-08	870	0.476559	0.296523	0.827627	0.0302165	0.0198654	-1	0	0	1	
1.748e-08	872	0.263638	-0.832634	-0.487049	0.0477438	0.0301172	-1	0	0	1	
1.752e-08	874	0.416347	0.186643	-0.889842	0.0448835	0.0234398	-1	0	0	1	
1.756e-08	876	-0.241723	0.651162	-0.719415	0.0138856	0.0185913	-1	0	0	1	
1.76e-08	878	-0.235933	0.674752	-0.699317	0.0195756	0.0246743	-1	0	0	1	
1.764e-08	880	-0.721286	-0.209261	0.66027	0.00880718	0.0233983	-1	0	0	1	
1.768e-08	882	0.527241	-0.264819	-0.807395	0.0122366	0.0214485	-1	0	0	1	
1.772e-08	884	0.066305	0.737705	-0.671859	0.0312059	0.0258276	-1	0	0	1	
1.776e-08	886	0.492509	0.0118205	-0.870227	0.018274	0.0191878	-1	0	0	1	
1.78e-08	888	0.708065	0.703994	-0.0550954	0.0303505	0.0261723	-1	0	0	1	
1.784e-08	890	0.334533	0.941837	0.0320961	0.0324566	0.0233716	-1	0	0	1	
1.788e-08	892	-0.50112	-0.832656	-0.235718	0.0274065	0.0232728	-1	0	0	1	
1.792e-08	894	0.974668	-0.00714124	-0.223543	0.0255822	0.0234332	-1	0	0	1	
1.796e-08	896	0.769185	0.0396682	-0.637794	0.0414206	0.0259685	-1	0	0	1	
1.8e-08	898	-0.192395	-0.980801	-0.031849	0.0241881	0.0173471	-1	0	0	1	
1.804e-08	900	0.559386	0.493033	-0.666338	0.0281467	0.0272017	-1	0	0	1	
