#----------------------------------------------------------------------------------------------------------------------------------------------------------
# Output file for vampire simulation
#   time       : 2022-02-13 15:18:18     process id : 75174
#   hostname   : compute-0-1.local
#   path       : /home/MINT_SS/luknam/BER/WS_dia5/Thickness10/size_8.0_8.0_10nm/Temp_900/random_1
#----------------------------------------------------------------------------------------------------------------------------------------------------------
4e-11	0	0	0	1	1	1	-1	0	0	1	
8e-11	2	0.00230426	-0.0022205	0.999995	0.998969	0.998962	-1	0	0	1	
1.2e-10	4	-0.000893231	-0.0034852	0.999994	0.997871	0.997927	-1	0	0	1	
1.6e-10	6	-0.00178709	0.000982987	0.999998	0.996916	0.996908	-1	0	0	1	
2e-10	8	0.00136993	-0.00315936	0.999994	0.995916	0.995855	-1	0	0	1	
2.4e-10	10	-0.00317347	0.00362323	0.999988	0.994854	0.994826	-1	0	0	1	
2.8e-10	12	-0.000791126	0.00282576	0.999996	0.993774	0.993792	-1	0	0	1	
3.2e-10	14	0.00201859	0.00193704	0.999996	0.992736	0.992721	-1	0	0	1	
3.6e-10	16	-0.00561419	-0.00233336	0.999982	0.991758	0.991752	-1	0	0	1	
4e-10	18	0.00406408	0.00079571	0.999991	0.99068	0.990702	-1	0	0	1	
4.4e-10	20	0.00470676	-0.00395695	0.999981	0.989971	0.989641	-1	0	0	1	
4.8e-10	22	0.0021593	0.00398632	0.99999	0.988514	0.988655	-1	0	0	1	
5.2e-10	24	-0.00410189	-0.00307033	0.999987	0.987738	0.987581	-1	0	0	1	
5.6e-10	26	0.0035019	-0.0101477	0.999942	0.986797	0.98654	-1	0	0	1	
6e-10	28	-0.00334449	-0.00478188	0.999983	0.985514	0.985473	-1	0	0	1	
6.4e-10	30	-0.00797019	-0.00617273	0.999949	0.984349	0.984331	-1	0	0	1	
6.8e-10	32	0.00114992	0.00542682	0.999985	0.983582	0.983302	-1	0	0	1	
7.2e-10	34	-0.000960899	0.000806208	0.999999	0.982282	0.982197	-1	0	0	1	
7.6e-10	36	0.00619449	-0.00879545	0.999942	0.981595	0.981188	-1	0	0	1	
8e-10	38	-0.000277619	-0.00257828	0.999997	0.980318	0.9802	-1	0	0	1	
8.4e-10	40	-0.0024818	-0.0047767	0.999986	0.979225	0.978987	-1	0	0	1	
8.8e-10	42	0.00791977	0.0205107	0.999758	0.978	0.978053	-1	0	0	1	
9.2e-10	44	0.0217576	0.00443171	0.999753	0.976522	0.976937	-1	0	0	1	
9.6e-10	46	0.00603838	0.000368629	0.999982	0.976467	0.975884	-1	0	0	1	
1e-09	48	0.0104263	-0.00263755	0.999942	0.974895	0.974695	-1	0	0	1	
1.04e-09	50	-0.00585679	-0.0127225	0.999902	0.97336	0.973682	-1	0	0	1	
1.08e-09	52	0.00292319	0.012431	0.999918	0.972353	0.972556	-1	0	0	1	
1.12e-09	54	0.00776822	-0.0030791	0.999965	0.971621	0.971669	-1	0	0	1	
1.16e-09	56	-0.00344171	0.00347481	0.999988	0.970734	0.970635	-1	0	0	1	
1.2e-09	58	0.00150291	-0.0176	0.999844	0.969794	0.969223	-1	0	0	1	
1.24e-09	60	-0.00196465	-0.00415039	0.999989	0.968152	0.968345	-1	0	0	1	
1.28e-09	62	-0.000250867	-0.00220275	0.999998	0.96641	0.967142	-1	0	0	1	
1.32e-09	64	0.0102132	0.0183321	0.99978	0.96646	0.966361	-1	0	0	1	
1.36e-09	66	0.014104	-0.00361185	0.999894	0.964788	0.965127	-1	0	0	1	
1.4e-09	68	-0.000491682	0.0166602	0.999861	0.964037	0.963739	-1	0	0	1	
1.44e-09	70	-0.0135779	0.00562171	0.999892	0.963351	0.962845	-1	0	0	1	
1.48e-09	72	0.0131534	-0.012267	0.999838	0.960846	0.961668	-1	0	0	1	
1.52e-09	74	0.0135212	0.0224895	0.999656	0.959613	0.960514	-1	0	0	1	
1.56e-09	76	-0.0132439	0.0105476	0.999857	0.960234	0.959536	-1	0	0	1	
1.6e-09	78	0.0209149	0.0238796	0.999496	0.958222	0.958218	-1	0	0	1	
1.64e-09	80	-0.0112177	-0.00710019	0.999912	0.957438	0.957188	-1	0	0	1	
1.68e-09	82	0.0250351	-0.0106484	0.99963	0.957531	0.956601	-1	0	0	1	
1.72e-09	84	-0.00512787	-0.00631394	0.999967	0.956232	0.955529	-1	0	0	1	
1.76e-09	86	0.0075076	-0.0112375	0.999909	0.953577	0.954039	-1	0	0	1	
1.8e-09	88	-0.0267176	0.0106528	0.999586	0.953912	0.953254	-1	0	0	1	
1.84e-09	90	-0.000319647	-0.024206	0.999707	0.952773	0.952096	-1	0	0	1	
1.88e-09	92	-0.00549506	-0.00238841	0.999982	0.951157	0.950454	-1	0	0	1	
1.92e-09	94	-0.00241697	0.00495154	0.999985	0.950786	0.949847	-1	0	0	1	
1.96e-09	96	-0.00631644	0.00848784	0.999944	0.948615	0.948753	-1	0	0	1	
2e-09	98	0.0147654	0.00210949	0.999889	0.947371	0.947559	-1	0	0	1	
2.04e-09	100	0.011394	0.00364665	0.999928	0.946947	0.946528	-1	0	0	1	
2.08e-09	102	0.00521187	-0.00227217	0.999984	0.946732	0.945466	-1	0	0	1	
2.12e-09	104	0.0206881	-0.00832724	0.999751	0.944737	0.944134	-1	0	0	1	
2.16e-09	106	-0.0164545	-0.0165707	0.999727	0.943342	0.942905	-1	0	0	1	
2.2e-09	108	0.0387185	0.026677	0.998894	0.94101	0.941558	-1	0	0	1	
2.24e-09	110	0.016692	0.00254258	0.999857	0.939926	0.940249	-1	0	0	1	
2.28e-09	112	0.0155141	0.0230835	0.999613	0.940756	0.939607	-1	0	0	1	
2.32e-09	114	0.00464627	0.0129705	0.999905	0.936745	0.938133	-1	0	0	1	
2.36e-09	116	-0.0189506	-0.0157317	0.999697	0.93672	0.936694	-1	0	0	1	
2.4e-09	118	-0.0074607	-0.0188009	0.999795	0.935704	0.936191	-1	0	0	1	
2.44e-09	120	-0.00678624	-0.00640945	0.999956	0.935302	0.934858	-1	0	0	1	
2.48e-09	122	0.00125567	0.00787794	0.999968	0.933459	0.934007	-1	0	0	1	
2.52e-09	124	-0.00867507	-0.00846818	0.999927	0.931604	0.932186	-1	0	0	1	
2.56e-09	126	-0.0241334	0.00358107	0.999702	0.93293	0.931992	-1	0	0	1	
2.6e-09	128	-0.00934723	0.029949	0.999508	0.932648	0.930466	-1	0	0	1	
2.64e-09	130	0.0039619	0.00681325	0.999969	0.930636	0.928899	-1	0	0	1	
2.68e-09	132	0.0211799	-0.00332982	0.99977	0.92853	0.928028	-1	0	0	1	
2.72e-09	134	0.00616507	-0.00105158	0.99998	0.928149	0.926837	-1	0	0	1	
2.76e-09	136	0.00183045	-0.0137489	0.999904	0.925339	0.925852	-1	0	0	1	
2.8e-09	138	-0.00874952	-0.039	0.999201	0.924959	0.924242	-1	0	0	1	
2.84e-09	140	0.00594344	0.00916522	0.99994	0.924466	0.923301	-1	0	0	1	
2.88e-09	142	0.0239632	0.0127293	0.999632	0.923784	0.92293	-1	0	0	1	
2.92e-09	144	0.00902957	-0.00612755	0.99994	0.917704	0.921189	-1	0	0	1	
2.96e-09	146	0.0184075	-0.0103571	0.999777	0.919694	0.919943	-1	0	0	1	
3e-09	148	-0.0122066	-0.0162592	0.999793	0.919767	0.918589	-1	0	0	1	
3.04e-09	150	0.00458189	-0.00446442	0.99998	0.916578	0.918164	-1	0	0	1	
3.08e-09	152	0.0182822	-0.00432742	0.999824	0.919481	0.916542	-1	0	0	1	
3.12e-09	154	0.00584185	-0.00997736	0.999933	0.916518	0.916082	-1	0	0	1	
3.16e-09	156	-0.0467916	-0.00084166	0.998904	0.914439	0.9136	-1	0	0	1	
3.2e-09	158	-0.000529684	0.0125925	0.999921	0.913574	0.912519	-1	0	0	1	
3.24e-09	160	-0.0230497	-0.00845361	0.999699	0.910859	0.91161	-1	0	0	1	
3.28e-09	162	-0.002799	-0.0022998	0.999993	0.909723	0.909148	-1	0	0	1	
3.32e-09	164	-0.00408822	0.00861295	0.999955	0.907494	0.909154	-1	0	0	1	
3.36e-09	166	0.0222961	0.0156164	0.999629	0.907194	0.907538	-1	0	0	1	
3.4e-09	168	0.0194362	-0.00925757	0.999768	0.905696	0.906543	-1	0	0	1	
3.44e-09	170	-0.0173336	-0.0157922	0.999725	0.90456	0.905069	-1	0	0	1	
3.48e-09	172	0.0251691	-0.00748864	0.999655	0.903482	0.90426	-1	0	0	1	
3.52e-09	174	0.0114219	0.0210366	0.999713	0.903222	0.903261	-1	0	0	1	
3.56e-09	176	-0.031772	-0.0161834	0.999364	0.903372	0.902728	-1	0	0	1	
3.6e-09	178	0.0232442	0.0238665	0.999445	0.899069	0.900309	-1	0	0	1	
3.64e-09	180	0.0112885	-0.0281918	0.999539	0.899866	0.899714	-1	0	0	1	
3.68e-09	182	0.0158633	0.0136288	0.999781	0.898403	0.898574	-1	0	0	1	
3.72e-09	184	-0.028935	-0.0158301	0.999456	0.896825	0.897356	-1	0	0	1	
3.76e-09	186	-0.0314516	0.0130922	0.99942	0.895654	0.896289	-1	0	0	1	
3.8e-09	188	-0.0292988	-0.00304	0.999566	0.89262	0.892957	-1	0	0	1	
3.84e-09	190	-0.0211518	0.00343764	0.99977	0.896925	0.893465	-1	0	0	1	
3.88e-09	192	-0.00327956	0.0261566	0.999652	0.890359	0.891554	-1	0	0	1	
3.92e-09	194	-0.00520601	-0.0416565	0.999118	0.893213	0.891256	-1	0	0	1	
3.96e-09	196	0.0354128	-0.0376328	0.998664	0.890496	0.889342	-1	0	0	1	
4e-09	198	-0.0245587	-0.00710792	0.999673	0.887814	0.888811	-1	0	0	1	
4.04e-09	200	0.0384412	0.00146834	0.99926	0.884771	0.887167	-1	0	0	1	
4.08e-09	202	-0.0187814	0.00726518	0.999797	0.886827	0.885025	-1	0	0	1	
4.12e-09	204	-0.0226595	-0.0121436	0.999669	0.885256	0.884818	-1	0	0	1	
4.16e-09	206	0.025905	-0.030745	0.999192	0.881499	0.883546	-1	0	0	1	
4.2e-09	208	0.0148234	0.00821628	0.999856	0.879525	0.881368	-1	0	0	1	
4.24e-09	210	-0.0093158	0.0280552	0.999563	0.878714	0.881291	-1	0	0	1	
4.28e-09	212	-0.042633	-0.00999855	0.999041	0.879324	0.879641	-1	0	0	1	
4.32e-09	214	-0.0133828	0.00717823	0.999885	0.87658	0.877258	-1	0	0	1	
4.36e-09	216	-0.00456586	-0.0165137	0.999853	0.876718	0.876989	-1	0	0	1	
4.4e-09	218	0.0416139	-0.0350991	0.998517	0.873911	0.875358	-1	0	0	1	
4.44e-09	220	-0.0251789	0.00733675	0.999656	0.875189	0.875033	-1	0	0	1	
4.48e-09	222	-0.0140745	0.00521233	0.999887	0.874576	0.874631	-1	0	0	1	
4.52e-09	224	-0.0328385	0.0111344	0.999399	0.870785	0.872539	-1	0	0	1	
4.56e-09	226	-0.0262634	-0.0376805	0.998945	0.871624	0.870614	-1	0	0	1	
4.6e-09	228	-0.0199946	0.00610104	0.999781	0.867961	0.868357	-1	0	0	1	
4.64e-09	230	0.0321015	0.0121009	0.999411	0.869234	0.867658	-1	0	0	1	
4.68e-09	232	0.0198091	-0.0310039	0.999323	0.868819	0.867324	-1	0	0	1	
4.72e-09	234	0.0381873	-0.0276159	0.998889	0.866926	0.864678	-1	0	0	1	
4.76e-09	236	-0.0177558	-0.00627605	0.999823	0.865216	0.864446	-1	0	0	1	
4.8e-09	238	0.0362986	-0.022053	0.999098	0.858429	0.862132	-1	0	0	1	
4.84e-09	240	0.00274354	0.0415307	0.999133	0.857282	0.860938	-1	0	0	1	
4.88e-09	242	0.0110357	0.0261687	0.999597	0.857833	0.860794	-1	0	0	1	
4.92e-09	244	0.00675842	0.0112091	0.999914	0.85926	0.858765	-1	0	0	1	
4.96e-09	246	-0.036808	-0.040777	0.99849	0.856039	0.857238	-1	0	0	1	
5e-09	248	0.0187691	-0.0220141	0.999581	0.855528	0.857321	-1	0	0	1	
5.04e-09	250	0.0198808	0.0635761	0.997779	0.85688	0.855173	-1	0	0	1	
5.08e-09	252	-0.0397228	-0.0269612	0.998847	0.850636	0.852593	-1	0	0	1	
5.12e-09	254	-0.0282196	-0.0331901	0.999051	0.850906	0.851793	-1	0	0	1	
5.16e-09	256	-0.0551646	0.0383323	0.997741	0.851668	0.850951	-1	0	0	1	
5.2e-09	258	-0.0266339	0.0271981	0.999275	0.851418	0.850688	-1	0	0	1	
5.24e-09	260	0.0610884	-0.0300098	0.997681	0.849159	0.848588	-1	0	0	1	
5.28e-09	262	0.0258215	0.0153132	0.999549	0.848955	0.848055	-1	0	0	1	
5.32e-09	264	0.0308125	0.0093098	0.999482	0.84361	0.845632	-1	0	0	1	
5.36e-09	266	0.018902	0.0126577	0.999741	0.843672	0.842941	-1	0	0	1	
5.4e-09	268	0.00988962	-0.0147235	0.999843	0.844649	0.842611	-1	0	0	1	
5.44e-09	270	-0.00310543	-0.0194841	0.999805	0.842948	0.842226	-1	0	0	1	
5.48e-09	272	-0.0313892	0.0109701	0.999447	0.842186	0.840499	-1	0	0	1	
5.52e-09	274	0.00454436	0.00976217	0.999942	0.838003	0.838365	-1	0	0	1	
5.56e-09	276	-0.00667335	-0.016423	0.999843	0.837815	0.837195	-1	0	0	1	
5.6e-09	278	-0.000316729	0.00323994	0.999995	0.830866	0.835695	-1	0	0	1	
5.64e-09	280	-0.0786633	0.0439928	0.99593	0.832216	0.833447	-1	0	0	1	
5.68e-09	282	0.0217745	-0.0130646	0.999678	0.835488	0.833226	-1	0	0	1	
5.72e-09	284	-0.0361349	0.00827771	0.999313	0.838065	0.831936	-1	0	0	1	
5.76e-09	286	-0.025943	0.0402662	0.998852	0.828906	0.830463	-1	0	0	1	
5.8e-09	288	-0.0110968	-0.0570512	0.99831	0.830232	0.829894	-1	0	0	1	
5.84e-09	290	0.0352296	-0.00355593	0.999373	0.826242	0.826672	-1	0	0	1	
5.88e-09	292	0.0183413	-0.00722979	0.999806	0.82569	0.826059	-1	0	0	1	
5.92e-09	294	0.0280365	0.0407911	0.998774	0.822084	0.823885	-1	0	0	1	
5.96e-09	296	0.0336799	0.0200346	0.999232	0.822687	0.821812	-1	0	0	1	
6e-09	298	-0.0259129	0.0338692	0.99909	0.819418	0.822035	-1	0	0	1	
6.04e-09	300	-0.046379	-0.0373895	0.998224	0.823515	0.821449	-1	0	0	1	
6.08e-09	302	-0.0271006	0.0166917	0.999493	0.813481	0.817673	-1	0	0	1	
6.12e-09	304	-0.00936437	-0.046058	0.998895	0.815132	0.816001	-1	0	0	1	
6.16e-09	306	0.0390698	-0.0154667	0.999117	0.811262	0.815267	-1	0	0	1	
6.2e-09	308	0.0293988	0.0225321	0.999314	0.810014	0.814731	-1	0	0	1	
6.24e-09	310	0.0284312	-0.0168015	0.999455	0.81752	0.814545	-1	0	0	1	
6.28e-09	312	-0.0319677	0.00939393	0.999445	0.811518	0.811609	-1	0	0	1	
6.32e-09	314	-0.0551926	-0.0204467	0.998266	0.809943	0.808578	-1	0	0	1	
6.36e-09	316	0.0482233	-0.057508	0.99718	0.804539	0.808517	-1	0	0	1	
6.4e-09	318	-0.0492134	0.0397447	0.997997	0.807404	0.8065	-1	0	0	1	
6.44e-09	320	-0.0281219	-0.0249592	0.999293	0.812598	0.805861	-1	0	0	1	
6.48e-09	322	0.0155673	-0.0510167	0.998576	0.810144	0.805352	-1	0	0	1	
6.52e-09	324	-0.0612522	-0.008645	0.998085	0.805588	0.802818	-1	0	0	1	
6.56e-09	326	-0.0133798	-0.0412508	0.999059	0.802336	0.803775	-1	0	0	1	
6.6e-09	328	-0.0771263	-0.0654415	0.994871	0.791842	0.798324	-1	0	0	1	
6.64e-09	330	0.0397644	0.0010395	0.999209	0.799682	0.798843	-1	0	0	1	
6.68e-09	332	-0.0095911	-0.017495	0.999801	0.795532	0.795445	-1	0	0	1	
6.72e-09	334	-0.0277793	-0.0144685	0.999509	0.792668	0.795975	-1	0	0	1	
6.76e-09	336	0.0243339	0.0422192	0.998812	0.796645	0.792515	-1	0	0	1	
6.8e-09	338	-0.00634835	-0.0303426	0.999519	0.793387	0.794082	-1	0	0	1	
6.84e-09	340	0.00444535	-0.0157474	0.999866	0.790591	0.789091	-1	0	0	1	
6.88e-09	342	0.0171689	0.0520777	0.998495	0.79296	0.788287	-1	0	0	1	
6.92e-09	344	0.0204466	-0.0104793	0.999736	0.788974	0.787328	-1	0	0	1	
6.96e-09	346	-0.00454679	-0.032998	0.999445	0.788393	0.786276	-1	0	0	1	
7e-09	348	0.00438476	0.00540295	0.999976	0.785923	0.784604	-1	0	0	1	
7.04e-09	350	-0.0147616	-0.0211552	0.999667	0.788021	0.783987	-1	0	0	1	
7.08e-09	352	-0.034022	0.0552763	0.997891	0.785101	0.782136	-1	0	0	1	
7.12e-09	354	-0.0195255	-0.0291202	0.999385	0.776761	0.779517	-1	0	0	1	
7.16e-09	356	-0.0642566	0.0093101	0.99789	0.779246	0.778709	-1	0	0	1	
7.2e-09	358	0.0141323	-0.0226831	0.999643	0.782936	0.777492	-1	0	0	1	
7.24e-09	360	0.076775	0.0495705	0.995815	0.780763	0.775911	-1	0	0	1	
7.28e-09	362	-0.00438958	-0.00856442	0.999954	0.767897	0.7725	-1	0	0	1	
7.32e-09	364	0.0362693	0.00899733	0.999302	0.768451	0.771224	-1	0	0	1	
7.36e-09	366	0.000199177	3.51661e-05	1	0.768863	0.769457	-1	0	0	1	
7.4e-09	368	-0.112953	-0.0154252	0.993481	0.76217	0.765973	-1	0	0	1	
7.44e-09	370	-0.0194102	0.00627777	0.999792	0.765856	0.767331	-1	0	0	1	
7.48e-09	372	-0.055939	0.0287382	0.998021	0.761698	0.764041	-1	0	0	1	
7.52e-09	374	0.0173486	-0.0610523	0.997984	0.771016	0.762327	-1	0	0	1	
7.56e-09	376	0.00222827	-0.0255058	0.999672	0.759895	0.762351	-1	0	0	1	
7.6e-09	378	-0.0102296	-0.0229557	0.999684	0.759353	0.759388	-1	0	0	1	
7.64e-09	380	-0.0138193	-0.071147	0.99737	0.76221	0.757101	-1	0	0	1	
7.68e-09	382	-0.0307241	-0.00169183	0.999526	0.761354	0.755623	-1	0	0	1	
7.72e-09	384	-0.010618	-0.0428941	0.999023	0.753181	0.754331	-1	0	0	1	
7.76e-09	386	0.0121548	-0.0173794	0.999775	0.755146	0.753462	-1	0	0	1	
7.8e-09	388	0.0201935	-0.0039218	0.999788	0.745686	0.750225	-1	0	0	1	
7.84e-09	390	-0.0349877	0.0814963	0.996059	0.744007	0.748499	-1	0	0	1	
7.88e-09	392	-0.0420089	-0.000928444	0.999117	0.747963	0.747767	-1	0	0	1	
7.92e-09	394	0.0421023	-0.0457475	0.998065	0.748963	0.743854	-1	0	0	1	
7.96e-09	396	-0.0181741	0.0170893	0.999689	0.744257	0.742743	-1	0	0	1	
8e-09	398	-0.02053	-0.0407114	0.99896	0.736895	0.740941	-1	0	0	1	
8.04e-09	400	0.00601265	-0.0353343	0.999357	0.747033	0.744383	-1	0	0	1	
8.08e-09	402	0.102174	-0.0375537	0.994057	0.743719	0.737485	-1	0	0	1	
8.12e-09	404	0.042875	0.0145632	0.998974	0.743354	0.738344	-1	0	0	1	
8.16e-09	406	-0.0495019	-0.0296698	0.998333	0.737996	0.73598	-1	0	0	1	
8.2e-09	408	-0.0201644	-0.0923638	0.995521	0.72774	0.731225	-1	0	0	1	
8.24e-09	410	-0.00203847	-0.048128	0.998839	0.734739	0.73056	-1	0	0	1	
8.28e-09	412	0.0148458	0.00955242	0.999844	0.73479	0.728388	-1	0	0	1	
8.32e-09	414	0.0234804	-0.0618803	0.997807	0.720711	0.728338	-1	0	0	1	
8.36e-09	416	0.0307601	0.00410286	0.999518	0.730048	0.726543	-1	0	0	1	
8.4e-09	418	-0.0227184	-0.0303487	0.999281	0.724409	0.724968	-1	0	0	1	
8.44e-09	420	-0.0329705	-0.00388199	0.999449	0.727015	0.723183	-1	0	0	1	
8.48e-09	422	-0.00515015	-0.00738336	0.999959	0.723072	0.721729	-1	0	0	1	
8.52e-09	424	0.0170597	-0.0493451	0.998636	0.718021	0.719319	-1	0	0	1	
8.56e-09	426	-0.047849	0.0238977	0.998569	0.706491	0.718105	-1	0	0	1	
8.6e-09	428	-0.011061	0.00324008	0.999934	0.720014	0.718256	-1	0	0	1	
8.64e-09	430	-0.00641595	0.021828	0.999741	0.708058	0.712909	-1	0	0	1	
8.68e-09	432	0.0372508	0.028595	0.998897	0.714087	0.710997	-1	0	0	1	
8.72e-09	434	-0.0912173	0.0808574	0.992543	0.698301	0.707385	-1	0	0	1	
8.76e-09	436	0.0500724	0.027486	0.998367	0.708756	0.706825	-1	0	0	1	
8.8e-09	438	0.000768592	0.0222098	0.999753	0.702016	0.705321	-1	0	0	1	
8.84e-09	440	0.0777787	0.0132928	0.996882	0.710259	0.704028	-1	0	0	1	
8.88e-09	442	0.0316692	0.0303594	0.999037	0.700205	0.701464	-1	0	0	1	
8.92e-09	444	-0.0422682	0.0296135	0.998667	0.692255	0.698849	-1	0	0	1	
8.96e-09	446	-0.0308783	-0.0269159	0.999161	0.694882	0.695931	-1	0	0	1	
9e-09	448	0.0778757	0.0271538	0.996593	0.692462	0.691777	-1	0	0	1	
9.04e-09	450	0.0996198	0.0265604	0.994671	0.685256	0.692064	-1	0	0	1	
9.08e-09	452	-0.015479	0.0353286	0.999256	0.687808	0.693061	-1	0	0	1	
9.12e-09	454	0.0247084	-0.0342225	0.999109	0.699108	0.693689	-1	0	0	1	
9.16e-09	456	-0.0605101	-0.0507083	0.996879	0.683066	0.687265	-1	0	0	1	
9.2e-09	458	0.00769405	0.0169458	0.999827	0.681425	0.68419	-1	0	0	1	
9.24e-09	460	0.00706753	-0.0138447	0.999879	0.686118	0.682762	-1	0	0	1	
9.28e-09	462	0.0418853	0.00307903	0.999118	0.693998	0.683142	-1	0	0	1	
9.32e-09	464	0.0377009	0.0822746	0.995896	0.665813	0.677609	-1	0	0	1	
9.36e-09	466	-0.0163065	-0.0708492	0.997354	0.675087	0.674034	-1	0	0	1	
9.4e-09	468	0.0481228	-0.0128923	0.998758	0.673195	0.673836	-1	0	0	1	
9.44e-09	470	0.0193765	0.0109845	0.999752	0.661438	0.667781	-1	0	0	1	
9.48e-09	472	-0.0712732	0.0821146	0.994071	0.657321	0.66832	-1	0	0	1	
9.52e-09	474	-0.0522585	0.0339362	0.998057	0.66225	0.670495	-1	0	0	1	
9.56e-09	476	0.0234533	0.0112596	0.999662	0.664884	0.669343	-1	0	0	1	
9.6e-09	478	-0.0676575	-0.00615367	0.99769	0.660473	0.664216	-1	0	0	1	
9.64e-09	480	-0.0234295	0.006368	0.999705	0.664372	0.66163	-1	0	0	1	
9.68e-09	482	0.0997611	0.0700845	0.99254	0.654203	0.660117	-1	0	0	1	
9.72e-09	484	-0.0106006	-0.0432036	0.99901	0.661647	0.65801	-1	0	0	1	
9.76e-09	486	-0.0785296	-0.0895263	0.992884	0.646836	0.65561	-1	0	0	1	
9.8e-09	488	-0.0411255	0.0245373	0.998853	0.655932	0.655664	-1	0	0	1	
9.84e-09	490	0.0486018	-0.0123617	0.998742	0.658817	0.645955	-1	0	0	1	
9.88e-09	492	0.00581531	0.0366337	0.999312	0.650388	0.652147	-1	0	0	1	
9.92e-09	494	-0.0315943	-0.00988489	0.999452	0.653515	0.646566	-1	0	0	1	
9.96e-09	496	-0.00813721	0.0327955	0.999429	0.657172	0.644384	-1	0	0	1	
1e-08	498	0.0368479	-0.0789584	0.996197	0.651775	0.642102	-1	0	0	1	
1.004e-08	500	0.0703295	-0.0682351	0.995187	0.644239	0.641943	-1	0	0	1	
1.008e-08	502	0.00652239	-0.00771029	0.999949	0.626332	0.636368	-1	0	0	1	
1.012e-08	504	-0.0738508	-0.0639401	0.995217	0.640964	0.629472	-1	0	0	1	
1.016e-08	506	0.0954248	0.0212825	0.995209	0.632354	0.631129	-1	0	0	1	
1.02e-08	508	0.0566527	-0.0918723	0.994158	0.626052	0.629022	-1	0	0	1	
1.024e-08	510	0.0538196	-0.0212128	0.998325	0.625201	0.624813	-1	0	0	1	
1.028e-08	512	-0.0650101	-0.121193	0.990498	0.625392	0.620852	-1	0	0	1	
1.032e-08	514	-0.0281524	-0.010179	0.999552	0.61675	0.621424	-1	0	0	1	
1.036e-08	516	0.0503984	0.0110451	0.998668	0.623053	0.618135	-1	0	0	1	
1.04e-08	518	0.032364	-0.124955	0.991634	0.620555	0.618112	-1	0	0	1	
1.044e-08	520	0.0179461	0.0259966	0.999501	0.611737	0.615432	-1	0	0	1	
1.048e-08	522	0.0175633	0.0441845	0.998869	0.617004	0.606326	-1	0	0	1	
1.052e-08	524	0.026754	-0.102335	0.99439	0.604928	0.610701	-1	0	0	1	
1.056e-08	526	0.0274543	-0.0478529	0.998477	0.599025	0.603196	-1	0	0	1	
1.06e-08	528	0.0195383	0.0346349	0.999209	0.604496	0.603893	-1	0	0	1	
1.064e-08	530	-0.0481582	-0.0381693	0.99811	0.588215	0.598789	-1	0	0	1	
1.068e-08	532	-0.0617392	-0.0255607	0.997765	0.605304	0.600417	-1	0	0	1	
1.072e-08	534	-0.0348052	-0.0468043	0.998298	0.591447	0.596536	-1	0	0	1	
1.076e-08	536	0.0334496	0.0530795	0.99803	0.605158	0.592799	-1	0	0	1	
1.08e-08	538	-0.158357	0.00431532	0.987373	0.573074	0.587211	-1	0	0	1	
1.084e-08	540	-0.0235068	-0.0242429	0.99943	0.567729	0.58138	-1	0	0	1	
1.088e-08	542	0.041079	-0.0574787	0.997501	0.587075	0.585253	-1	0	0	1	
1.092e-08	544	0.0660131	0.0854199	0.994156	0.582161	0.578008	-1	0	0	1	
1.096e-08	546	-0.072892	0.0425856	0.99643	0.582823	0.577406	-1	0	0	1	
1.1e-08	548	-0.0909827	-0.0181622	0.995687	0.560288	0.570509	-1	0	0	1	
1.104e-08	550	-0.0741468	-0.13365	0.988251	0.551968	0.569963	-1	0	0	1	
1.108e-08	552	-0.17742	0.0715613	0.98153	0.572289	0.572566	-1	0	0	1	
1.112e-08	554	-0.0271324	0.0249053	0.999322	0.57333	0.568376	-1	0	0	1	
1.116e-08	556	-0.0355736	0.0196945	0.999173	0.565256	0.56369	-1	0	0	1	
1.12e-08	558	0.0636993	0.00553143	0.997954	0.550473	0.554519	-1	0	0	1	
1.124e-08	560	-0.0500758	-0.0394831	0.997965	0.553222	0.555311	-1	0	0	1	
1.128e-08	562	-0.036338	-0.0861362	0.99562	0.562516	0.55085	-1	0	0	1	
1.132e-08	564	0.0530951	-0.0762786	0.995672	0.558328	0.551424	-1	0	0	1	
1.136e-08	566	-0.00604591	0.019302	0.999795	0.565758	0.554669	-1	0	0	1	
1.14e-08	568	0.0640129	0.103562	0.992561	0.547334	0.537201	-1	0	0	1	
1.144e-08	570	-0.0310612	0.0040349	0.999509	0.541083	0.544277	-1	0	0	1	
1.148e-08	572	-0.0237108	0.0359074	0.999074	0.523976	0.533407	-1	0	0	1	
1.152e-08	574	0.0804607	-0.128129	0.988488	0.551472	0.532298	-1	0	0	1	
1.156e-08	576	-0.095259	-0.118845	0.988333	0.522925	0.531606	-1	0	0	1	
1.16e-08	578	0.0219025	-0.0829085	0.996316	0.529361	0.527192	-1	0	0	1	
1.164e-08	580	0.00985977	0.0128113	0.999869	0.523343	0.524596	-1	0	0	1	
1.168e-08	582	-0.0146059	0.0420884	0.999007	0.533225	0.519758	-1	0	0	1	
1.172e-08	584	-0.0741904	-0.0837653	0.99372	0.526155	0.51411	-1	0	0	1	
1.176e-08	586	-0.0907155	0.0733919	0.993169	0.509962	0.511643	-1	0	0	1	
1.18e-08	588	0.0160458	0.0446971	0.998872	0.50028	0.505888	-1	0	0	1	
1.184e-08	590	-0.00728889	-0.209111	0.977865	0.514	0.507827	-1	0	0	1	
1.188e-08	592	0.0499882	0.043356	0.997808	0.49955	0.505468	-1	0	0	1	
1.192e-08	594	0.00353168	0.133925	0.990985	0.509469	0.49798	-1	0	0	1	
1.196e-08	596	0.000270237	0.0565003	0.998403	0.48612	0.488494	-1	0	0	1	
1.2e-08	598	-0.0213381	-0.0306802	0.999301	0.487709	0.493701	-1	0	0	1	
1.204e-08	600	-0.0583298	-0.0836677	0.994785	0.470585	0.48044	-1	0	0	1	
1.208e-08	602	0.072998	0.0870392	0.993527	0.488096	0.48188	-1	0	0	1	
1.212e-08	604	0.0588434	0.0269122	0.997904	0.478246	0.480402	-1	0	0	1	
1.216e-08	606	-0.0376853	-0.0978669	0.994486	0.488948	0.475882	-1	0	0	1	
1.22e-08	608	0.158955	-0.0823994	0.983841	0.463651	0.462093	-1	0	0	1	
1.224e-08	610	0.127798	0.212726	0.968718	0.471687	0.464869	-1	0	0	1	
1.228e-08	612	0.0430007	0.154212	0.987102	0.444849	0.459659	-1	0	0	1	
1.232e-08	614	0.0341056	-0.00590395	0.999401	0.447767	0.450655	-1	0	0	1	
1.236e-08	616	-0.0612433	-0.0109802	0.998062	0.460188	0.44797	-1	0	0	1	
1.24e-08	618	-0.0205483	-0.0481588	0.998628	0.424424	0.447621	-1	0	0	1	
1.244e-08	620	-0.150765	-0.0672178	0.986282	0.443425	0.447866	-1	0	0	1	
1.248e-08	622	-0.00638663	0.147356	0.989063	0.453059	0.438751	-1	0	0	1	
1.252e-08	624	-0.243882	0.167039	0.955311	0.4077	0.429753	-1	0	0	1	
1.256e-08	626	-0.26726	-0.0435248	0.962641	0.447867	0.433611	-1	0	0	1	
1.26e-08	628	-0.180989	-0.0044735	0.983475	0.446215	0.42838	-1	0	0	1	
1.264e-08	630	-0.0805927	-0.0779908	0.993691	0.410854	0.418638	-1	0	0	1	
1.268e-08	632	0.0462822	-0.0101454	0.998877	0.419379	0.401303	-1	0	0	1	
1.272e-08	634	-0.0465895	-0.0364834	0.998248	0.400186	0.407552	-1	0	0	1	
1.276e-08	636	0.173562	0.0504179	0.983531	0.418543	0.416085	-1	0	0	1	
1.28e-08	638	-0.106571	-0.0507756	0.993008	0.377637	0.388731	-1	0	0	1	
1.284e-08	640	-0.0136596	0.0615492	0.998011	0.379087	0.379627	-1	0	0	1	
1.288e-08	642	0.0103247	0.0413625	0.999091	0.352099	0.375543	-1	0	0	1	
1.292e-08	644	0.0395775	-0.207913	0.977346	0.359669	0.377959	-1	0	0	1	
1.296e-08	646	-0.107483	-0.0174757	0.994053	0.400845	0.371255	-1	0	0	1	
1.3e-08	648	0.166593	-0.156916	0.97346	0.357904	0.362711	-1	0	0	1	
1.304e-08	650	0.36308	-0.109608	0.925289	0.328136	0.349368	-1	0	0	1	
1.308e-08	652	-0.0459136	-0.115328	0.992266	0.356331	0.348035	-1	0	0	1	
1.312e-08	654	0.0716995	0.082333	0.994022	0.361196	0.340906	-1	0	0	1	
1.316e-08	656	0.0475812	-0.0522924	0.997498	0.318328	0.314584	-1	0	0	1	
1.32e-08	658	0.247375	0.473424	0.845385	0.249074	0.312779	-1	0	0	1	
1.324e-08	660	0.139516	0.101998	0.984953	0.318832	0.319176	-1	0	0	1	
1.328e-08	662	-0.062566	0.0238941	-0.997755	0.354448	0.355451	-1	0	0	1	
1.332e-08	664	-0.0859267	0.12749	-0.988111	0.346918	0.353941	-1	0	0	1	
1.336e-08	666	-0.0544529	0.156386	-0.986194	0.365297	0.344947	-1	0	0	1	
1.34e-08	668	0.111448	0.162787	-0.980347	0.33018	0.339746	-1	0	0	1	
1.344e-08	670	0.114514	0.199243	-0.973236	0.342349	0.340746	-1	0	0	1	
1.348e-08	672	0.0482643	0.0631897	-0.996834	0.331763	0.326134	-1	0	0	1	
1.352e-08	674	-0.11319	-0.135249	-0.984325	0.33242	0.319262	-1	0	0	1	
1.356e-08	676	-0.074536	-0.155427	-0.985031	0.308372	0.305948	-1	0	0	1	
1.36e-08	678	0.134401	0.0929413	-0.986559	0.304736	0.302777	-1	0	0	1	
1.364e-08	680	0.259432	0.14005	-0.955553	0.29357	0.280927	-1	0	0	1	
1.368e-08	682	-0.0582704	0.178086	-0.982288	0.255656	0.288818	-1	0	0	1	
1.372e-08	684	-0.0477322	-0.0641931	-0.996795	0.296452	0.272212	-1	0	0	1	
1.376e-08	686	0.114188	-0.0421347	-0.992565	0.241871	0.27192	-1	0	0	1	
1.38e-08	688	-0.0152232	-0.0708777	-0.997369	0.289018	0.280324	-1	0	0	1	
1.384e-08	690	0.0225332	0.0404663	-0.998927	0.262287	0.259638	-1	0	0	1	
1.388e-08	692	-0.0431521	-0.0880867	-0.995178	0.220184	0.253348	-1	0	0	1	
1.392e-08	694	0.0962071	0.19566	-0.975941	0.239424	0.240039	-1	0	0	1	
1.396e-08	696	-0.0390155	-0.0980137	-0.99442	0.251464	0.225273	-1	0	0	1	
1.4e-08	698	0.117135	-0.165792	-0.979179	0.215442	0.214861	-1	0	0	1	
1.404e-08	700	-0.078658	0.0488459	-0.995704	0.197026	0.207503	-1	0	0	1	
1.408e-08	702	0.212005	-0.00131944	-0.977268	0.237665	0.213866	-1	0	0	1	
1.412e-08	704	-0.0154831	-0.466592	-0.884337	0.0800978	0.183207	-1	0	0	1	
1.416e-08	706	-0.206051	-0.0834792	-0.974974	0.210789	0.185408	-1	0	0	1	
1.42e-08	708	0.00836328	0.0910631	-0.99581	0.19104	0.182511	-1	0	0	1	
1.424e-08	710	-0.309883	-0.00133149	-0.950774	0.172948	0.170527	-1	0	0	1	
1.428e-08	712	0.166455	-0.111057	-0.979775	0.155836	0.154077	-1	0	0	1	
1.432e-08	714	0.424383	0.360756	-0.830514	0.175301	0.162944	-1	0	0	1	
1.436e-08	716	-0.186046	-0.159562	-0.969498	0.128061	0.140097	-1	0	0	1	
1.44e-08	718	0.162538	0.189121	-0.968408	0.142806	0.127896	-1	0	0	1	
1.444e-08	720	0.234285	-0.620028	-0.748783	0.101778	0.0944786	-1	0	0	1	
1.448e-08	722	0.0321608	0.483099	-0.874975	0.132355	0.101203	-1	0	0	1	
1.452e-08	724	-0.0422821	-0.211734	-0.976412	0.0865329	0.117709	-1	0	0	1	
1.456e-08	726	0.291051	0.380391	-0.877834	0.106434	0.0865438	-1	0	0	1	
1.46e-08	728	0.14286	-0.158032	-0.977045	0.0864559	0.0944058	-1	0	0	1	
1.464e-08	730	-0.00720482	-0.156217	-0.987697	0.12024	0.0879904	-1	0	0	1	
1.468e-08	732	0.143224	-0.0867338	-0.985882	0.13411	0.0937674	-1	0	0	1	
1.472e-08	734	0.452959	0.274996	-0.848059	0.0883357	0.0760977	-1	0	0	1	
1.476e-08	736	0.385527	-0.24196	-0.890407	0.0376822	0.0635502	-1	0	0	1	
1.48e-08	738	0.132934	0.846259	-0.515921	0.056541	0.0657247	-1	0	0	1	
1.484e-08	740	-0.869719	-0.484325	0.0949672	0.0276833	0.0539288	-1	0	0	1	
1.488e-08	742	-0.730995	0.00355176	-0.682373	0.0530207	0.0614831	-1	0	0	1	
1.492e-08	744	-0.0684382	0.848015	-0.525534	0.0178085	0.0482816	-1	0	0	1	
1.496e-08	746	0.645225	0.419522	-0.638503	0.0868562	0.0675957	-1	0	0	1	
1.5e-08	748	-0.483427	-0.579047	-0.656508	0.0549617	0.0576876	-1	0	0	1	
1.504e-08	750	-0.431208	-0.190005	-0.882019	0.063158	0.0651251	-1	0	0	1	
1.508e-08	752	-0.47636	-0.77263	-0.419673	0.0447416	0.0634187	-1	0	0	1	
1.512e-08	754	-0.54666	-0.0897222	-0.832534	0.033872	0.0512252	-1	0	0	1	
1.516e-08	756	-0.349972	-0.0244985	-0.93644	0.0536346	0.0419269	-1	0	0	1	
1.52e-08	758	0.176668	-0.280044	-0.943591	0.0343415	0.0469766	-1	0	0	1	
1.524e-08	760	0.220786	0.687799	-0.69151	0.0656707	0.0461665	-1	0	0	1	
1.528e-08	762	-0.573829	-0.184336	0.79796	0.02184	0.039844	-1	0	0	1	
1.532e-08	764	-0.226745	0.516878	-0.825484	0.0401655	0.048863	-1	0	0	1	
1.536e-08	766	0.253462	0.0269581	0.96697	0.0264437	0.0322237	-1	0	0	1	
1.54e-08	768	0.41053	0.489626	-0.769241	0.0555063	0.0439391	-1	0	0	1	
1.544e-08	770	0.469944	0.483557	-0.738461	0.0315222	0.0301834	-1	0	0	1	
1.548e-08	772	-0.366524	-0.404936	-0.837667	0.0251695	0.034789	-1	0	0	1	
1.552e-08	774	0.222141	0.530932	-0.817781	0.0343324	0.0355535	-1	0	0	1	
1.556e-08	776	-0.227125	-0.481603	-0.846447	0.0475402	0.0436393	-1	0	0	1	
1.56e-08	778	0.440111	0.391172	-0.808262	0.0288284	0.0406408	-1	0	0	1	
1.564e-08	780	0.67828	0.58874	0.439683	0.0235572	0.0402804	-1	0	0	1	
1.568e-08	782	0.547101	0.779002	-0.306328	0.020963	0.0384991	-1	0	0	1	
1.572e-08	784	0.96619	0.0993908	-0.237904	0.0328637	0.0317364	-1	0	0	1	
1.576e-08	786	-0.490402	-0.557656	-0.669721	0.0338399	0.0341943	-1	0	0	1	
1.58e-08	788	0.494975	-0.0638308	-0.866559	0.0648366	0.0277576	-1	0	0	1	
1.584e-08	790	-0.353549	-0.558902	-0.750088	0.0540101	0.0455664	-1	0	0	1	
1.588e-08	792	-0.710599	-0.625131	-0.322894	0.0506879	0.0379288	-1	0	0	1	
1.592e-08	794	-0.102703	-0.462364	-0.880722	0.0487162	0.0267419	-1	0	0	1	
1.596e-08	796	0.765259	-0.31907	-0.559082	0.0267781	0.0288048	-1	0	0	1	
1.6e-08	798	0.543683	0.409205	-0.732776	0.0217496	0.0253861	-1	0	0	1	
1.604e-08	800	-0.32719	0.849178	-0.414541	0.0344469	0.0244293	-1	0	0	1	
1.608e-08	802	-0.0538503	0.390625	0.918974	0.013394	0.0340972	-1	0	0	1	
1.612e-08	804	0.409727	-0.799261	-0.439666	0.0219376	0.0211111	-1	0	0	1	
1.616e-08	806	0.0250396	0.841811	-0.539191	0.048291	0.0345193	-1	0	0	1	
1.62e-08	808	0.88567	0.079027	0.457541	0.0267514	0.0259624	-1	0	0	1	
1.624e-08	810	0.671272	-0.557612	-0.488327	0.0434997	0.0287531	-1	0	0	1	
1.628e-08	812	0.617522	-0.308004	-0.72374	0.0208473	0.0258438	-1	0	0	1	
1.632e-08	814	0.965328	-0.0211097	0.260185	0.0247146	0.0324729	-1	0	0	1	
1.636e-08	816	-0.667876	0.462527	-0.583104	0.0119778	0.028982	-1	0	0	1	
1.64e-08	818	-0.170906	-0.652957	-0.73786	0.0360135	0.0258394	-1	0	0	1	
1.644e-08	820	-0.0349713	0.974488	0.221697	0.0489389	0.0238567	-1	0	0	1	
1.648e-08	822	0.286129	-0.433896	-0.854321	0.0251232	0.020146	-1	0	0	1	
1.652e-08	824	-0.358086	0.839653	-0.408359	0.013726	0.0202339	-1	0	0	1	
1.656e-08	826	0.45143	-0.844045	-0.289482	0.0253417	0.0299076	-1	0	0	1	
1.66e-08	828	0.380742	0.66325	-0.64431	0.0323558	0.0233866	-1	0	0	1	
1.664e-08	830	0.97381	-0.18634	-0.130274	0.0202567	0.0222432	-1	0	0	1	
1.668e-08	832	0.306379	0.694399	-0.651108	0.0510241	0.0323569	-1	0	0	1	
1.672e-08	834	-0.550765	-0.00571815	-0.834641	0.0329658	0.0290425	-1	0	0	1	
1.676e-08	836	-0.95609	-0.156092	0.248046	0.0245793	0.021032	-1	0	0	1	
1.68e-08	838	-0.280439	-0.176618	0.943483	0.0123646	0.0155059	-1	0	0	1	
1.684e-08	840	0.578354	0.792042	-0.19539	0.0321167	0.0235394	-1	0	0	1	
1.688e-08	842	0.0292022	0.799147	0.600425	0.0175246	0.0188441	-1	0	0	1	
1.692e-08	844	-0.257427	0.628845	-0.73368	0.0140506	0.0211694	-1	0	0	1	
1.696e-08	846	-0.794709	-0.0523265	-0.604732	0.0363885	0.0290313	-1	0	0	1	
1.7e-08	848	-0.28214	0.908218	-0.309092	0.0201724	0.0229821	-1	0	0	1	
1.704e-08	850	-0.0554485	0.206451	-0.976885	0.00527257	0.0191839	-1	0	0	1	
1.708e-08	852	0.627719	0.441429	-0.641178	0.0284993	0.027212	-1	0	0	1	
1.712e-08	854	0.231759	0.351297	-0.907127	0.0231683	0.0253247	-1	0	0	1	
1.716e-08	856	0.333455	-0.308976	-0.890697	0.0370522	0.0269872	-1	0	0	1	
1.72e-08	858	0.456738	0.407966	-0.79054	0.00823473	0.01631	-1	0	0	1	
1.724e-08	860	0.489418	-0.0866133	-0.867737	0.0218891	0.0202449	-1	0	0	1	
1.728e-08	862	0.431198	0.479628	0.764215	0.0117218	0.029653	-1	0	0	1	
1.732e-08	864	0.703576	0.696116	0.14284	0.0327158	0.0217695	-1	0	0	1	
1.736e-08	866	-0.566235	0.75248	0.336379	0.0172562	0.0202907	-1	0	0	1	
1.74e-08	868	-0.741288	-0.0666864	-0.667866	0.0138974	0.0233501	-1	0	0	1	
1.744e-08	870	0.176712	0.664563	-0.726036	0.0214895	0.025858	-1	0	0	1	
1.748e-08	872	0.170401	-0.688761	0.704679	0.011906	0.0198443	-1	0	0	1	
1.752e-08	874	-0.195421	0.70477	-0.68199	0.0293749	0.0214996	-1	0	0	1	
1.756e-08	876	-0.993894	0.104314	-0.0359695	0.00940308	0.0229286	-1	0	0	1	
1.76e-08	878	-0.444587	0.894168	-0.0529763	0.003055	0.0178476	-1	0	0	1	
1.764e-08	880	-0.124398	-0.973239	-0.193211	0.012819	0.02271	-1	0	0	1	
1.768e-08	882	-0.110554	0.740466	-0.662939	0.00994563	0.0198487	-1	0	0	1	
1.772e-08	884	-0.0844094	0.85402	0.513346	0.0240301	0.0221103	-1	0	0	1	
1.776e-08	886	0.422789	-0.453658	0.784502	0.0215184	0.024534	-1	0	0	1	
1.78e-08	888	0.649543	0.38667	-0.654661	0.016331	0.0170957	-1	0	0	1	
1.784e-08	890	0.984722	-0.0781583	0.155609	0.0130221	0.0166043	-1	0	0	1	
1.788e-08	892	-0.866154	-0.118594	0.485502	0.0054141	0.0191006	-1	0	0	1	
1.792e-08	894	0.115112	-0.790129	-0.602034	0.00631928	0.014365	-1	0	0	1	
1.796e-08	896	-0.820335	0.292897	-0.491184	0.0138099	0.0203365	-1	0	0	1	
1.8e-08	898	-0.460174	0.861642	-0.214039	0.0247784	0.0206169	-1	0	0	1	
1.804e-08	900	0.00455101	0.808472	-0.588517	0.0123423	0.0164126	-1	0	0	1	
