#----------------------------------------------------------------------------------------------------------------------------------------------------------
# Output file for vampire simulation
#   time       : 2022-02-13 15:17:11     process id : 75173
#   hostname   : compute-0-1.local
#   path       : /home/MINT_SS/luknam/BER/WS_dia5/Thickness10/size_6.0_6.0_10nm/Temp_900/random_1
#----------------------------------------------------------------------------------------------------------------------------------------------------------
4e-11	0	-1.52194e-05	-8.50663e-06	1	1	1	-1	0	0	1	
8e-11	2	0.0030977	0.00215716	0.999993	0.998949	0.99895	-1	0	0	1	
1.2e-10	4	-0.000309205	0.000879471	1	0.997954	0.997903	-1	0	0	1	
1.6e-10	6	0.0062737	-0.00103177	0.99998	0.996865	0.996828	-1	0	0	1	
2e-10	8	-0.000418655	0.000999376	0.999999	0.995757	0.995734	-1	0	0	1	
2.4e-10	10	-0.00601113	-0.00168659	0.999981	0.99478	0.994784	-1	0	0	1	
2.8e-10	12	0.000636354	-0.00409457	0.999991	0.993685	0.993675	-1	0	0	1	
3.2e-10	14	0.00379322	-0.0103371	0.999939	0.992197	0.992454	-1	0	0	1	
3.6e-10	16	-0.0119881	0.000469135	0.999928	0.991364	0.991485	-1	0	0	1	
4e-10	18	-0.00755475	-0.00231748	0.999969	0.990352	0.990513	-1	0	0	1	
4.4e-10	20	0.00646412	0.00201166	0.999977	0.989435	0.9895	-1	0	0	1	
4.8e-10	22	0.00581895	-0.00372539	0.999976	0.988158	0.988304	-1	0	0	1	
5.2e-10	24	0.00690488	-0.0095876	0.99993	0.98755	0.987263	-1	0	0	1	
5.6e-10	26	-0.00947764	0.0030838	0.99995	0.986357	0.986086	-1	0	0	1	
6e-10	28	-0.0134855	-0.000345576	0.999909	0.985561	0.985159	-1	0	0	1	
6.4e-10	30	0.0100095	0.0201045	0.999748	0.983772	0.983979	-1	0	0	1	
6.8e-10	32	0.00799439	0.0117877	0.999899	0.982485	0.983004	-1	0	0	1	
7.2e-10	34	-0.000878187	-0.00678551	0.999977	0.981984	0.982018	-1	0	0	1	
7.6e-10	36	0.00373493	-0.0119442	0.999922	0.980434	0.980639	-1	0	0	1	
8e-10	38	0.0187579	-0.00812717	0.999791	0.979541	0.979583	-1	0	0	1	
8.4e-10	40	0.00941213	-0.00243958	0.999953	0.979628	0.978839	-1	0	0	1	
8.8e-10	42	0.00478259	-0.0101293	0.999937	0.977423	0.97757	-1	0	0	1	
9.2e-10	44	-0.0274057	0.00343773	0.999618	0.976321	0.976458	-1	0	0	1	
9.6e-10	46	-0.00413845	0.0187153	0.999816	0.975149	0.975028	-1	0	0	1	
1e-09	48	-0.0014129	-0.0142639	0.999897	0.974782	0.974064	-1	0	0	1	
1.04e-09	50	0.0123771	0.00145333	0.999922	0.97333	0.973252	-1	0	0	1	
1.08e-09	52	-0.00726963	-0.00673216	0.999951	0.972498	0.971997	-1	0	0	1	
1.12e-09	54	0.0388693	-0.00194127	0.999242	0.969686	0.970784	-1	0	0	1	
1.16e-09	56	-0.0198539	0.0098812	0.999754	0.970655	0.969974	-1	0	0	1	
1.2e-09	58	-0.0100348	0.0231227	0.999682	0.969688	0.969022	-1	0	0	1	
1.24e-09	60	0.0146819	0.00174058	0.999891	0.96768	0.967525	-1	0	0	1	
1.28e-09	62	0.0177632	0.00686269	0.999819	0.967047	0.966666	-1	0	0	1	
1.32e-09	64	0.00713234	0.0108352	0.999916	0.964402	0.965344	-1	0	0	1	
1.36e-09	66	0.000610517	0.0125558	0.999921	0.964567	0.964107	-1	0	0	1	
1.4e-09	68	-0.0159033	0.00480825	0.999862	0.96288	0.963222	-1	0	0	1	
1.44e-09	70	0.00512247	-0.0162958	0.999854	0.961901	0.962427	-1	0	0	1	
1.48e-09	72	0.0126834	-0.00192851	0.999918	0.959979	0.96098	-1	0	0	1	
1.52e-09	74	0.000799132	-0.0106909	0.999943	0.959583	0.959773	-1	0	0	1	
1.56e-09	76	0.0108876	-0.0178822	0.999781	0.958811	0.959017	-1	0	0	1	
1.6e-09	78	-0.0132625	-0.00557726	0.999896	0.956947	0.957374	-1	0	0	1	
1.64e-09	80	-0.0145331	0.00675245	0.999872	0.955489	0.956347	-1	0	0	1	
1.68e-09	82	-0.00727348	0.018473	0.999803	0.955181	0.955514	-1	0	0	1	
1.72e-09	84	-0.0167332	-0.0208284	0.999643	0.953407	0.954119	-1	0	0	1	
1.76e-09	86	0.00170468	-0.031623	0.999498	0.953716	0.953336	-1	0	0	1	
1.8e-09	88	0.0241203	0.00321755	0.999704	0.952361	0.952164	-1	0	0	1	
1.84e-09	90	-0.0285159	-0.00682285	0.99957	0.951697	0.951581	-1	0	0	1	
1.88e-09	92	-0.0119257	0.0197768	0.999733	0.947612	0.949332	-1	0	0	1	
1.92e-09	94	-0.0285473	-0.0120617	0.99952	0.949327	0.948394	-1	0	0	1	
1.96e-09	96	0.0262732	0.0150885	0.999541	0.945816	0.947174	-1	0	0	1	
2e-09	98	-0.0174478	0.00273414	0.999844	0.945288	0.946466	-1	0	0	1	
2.04e-09	100	-0.00690371	-0.000999594	0.999976	0.945559	0.945193	-1	0	0	1	
2.08e-09	102	-0.0182608	-0.00800078	0.999801	0.944363	0.943443	-1	0	0	1	
2.12e-09	104	0.00485696	0.0351286	0.999371	0.943482	0.942537	-1	0	0	1	
2.16e-09	106	-0.0096202	-0.0288086	0.999539	0.9421	0.942216	-1	0	0	1	
2.2e-09	108	-0.0111391	-0.00515927	0.999925	0.938407	0.940368	-1	0	0	1	
2.24e-09	110	-0.00023972	-0.021868	0.999761	0.939932	0.939319	-1	0	0	1	
2.28e-09	112	0.0143572	-0.00216726	0.999895	0.936499	0.937804	-1	0	0	1	
2.32e-09	114	-0.0307686	0.0218818	0.999287	0.9385	0.93697	-1	0	0	1	
2.36e-09	116	0.0208885	-0.0106206	0.999725	0.9359	0.936097	-1	0	0	1	
2.4e-09	118	0.00138525	0.0158581	0.999873	0.933822	0.93492	-1	0	0	1	
2.44e-09	120	-0.0272299	-0.0151973	0.999514	0.935826	0.933814	-1	0	0	1	
2.48e-09	122	0.0043122	0.00926932	0.999948	0.931862	0.932117	-1	0	0	1	
2.52e-09	124	-0.0433096	-0.00586985	0.999044	0.931464	0.931203	-1	0	0	1	
2.56e-09	126	0.00385594	0.0226065	0.999737	0.929991	0.929632	-1	0	0	1	
2.6e-09	128	0.0214019	-0.0140408	0.999672	0.927588	0.929156	-1	0	0	1	
2.64e-09	130	-0.00829188	-0.00438543	0.999956	0.929516	0.927441	-1	0	0	1	
2.68e-09	132	0.0382635	-0.0071071	0.999242	0.928406	0.926473	-1	0	0	1	
2.72e-09	134	0.0383118	0.0107199	0.999208	0.923059	0.925313	-1	0	0	1	
2.76e-09	136	-0.00944037	0.0206179	0.999743	0.924247	0.923843	-1	0	0	1	
2.8e-09	138	-0.00888468	0.0217862	0.999723	0.923154	0.922883	-1	0	0	1	
2.84e-09	140	0.0431676	0.0209289	0.998849	0.92221	0.922439	-1	0	0	1	
2.88e-09	142	0.0186507	-0.0163814	0.999692	0.917748	0.920148	-1	0	0	1	
2.92e-09	144	-0.00427995	0.0118149	0.999921	0.919911	0.918759	-1	0	0	1	
2.96e-09	146	-0.00553995	-0.00995961	0.999935	0.916712	0.917716	-1	0	0	1	
3e-09	148	-0.0092515	0.0226325	0.999701	0.916142	0.916442	-1	0	0	1	
3.04e-09	150	-0.00996598	0.00507195	0.999937	0.91465	0.915404	-1	0	0	1	
3.08e-09	152	0.0105792	0.00122517	0.999943	0.915866	0.914254	-1	0	0	1	
3.12e-09	154	0.0316171	0.0261602	0.999158	0.911851	0.91281	-1	0	0	1	
3.16e-09	156	0.00313741	0.00639669	0.999975	0.90821	0.910957	-1	0	0	1	
3.2e-09	158	-0.00468067	-0.00349298	0.999983	0.912115	0.911133	-1	0	0	1	
3.24e-09	160	0.00891071	0.00411645	0.999952	0.9128	0.910603	-1	0	0	1	
3.28e-09	162	0.0122133	-0.0146142	0.999819	0.908245	0.90915	-1	0	0	1	
3.32e-09	164	-0.0146508	-0.0130097	0.999808	0.906939	0.906861	-1	0	0	1	
3.36e-09	166	-0.0244156	-0.00690015	0.999678	0.907796	0.906063	-1	0	0	1	
3.4e-09	168	-0.016414	-0.0227064	0.999607	0.903753	0.903638	-1	0	0	1	
3.44e-09	170	0.0249356	0.0127067	0.999608	0.901839	0.904443	-1	0	0	1	
3.48e-09	172	-0.030985	-0.00544403	0.999505	0.900434	0.901961	-1	0	0	1	
3.52e-09	174	0.0174503	-0.00512882	0.999835	0.901775	0.901115	-1	0	0	1	
3.56e-09	176	-0.0160087	-0.0314791	0.999376	0.900669	0.900854	-1	0	0	1	
3.6e-09	178	-0.0210815	0.0388526	0.999023	0.899513	0.899487	-1	0	0	1	
3.64e-09	180	0.0273459	-0.032333	0.999103	0.898643	0.898203	-1	0	0	1	
3.68e-09	182	-0.0087937	-0.0222042	0.999715	0.895515	0.896631	-1	0	0	1	
3.72e-09	184	0.0427097	0.00341646	0.999082	0.896375	0.89425	-1	0	0	1	
3.76e-09	186	0.0045125	0.0683302	0.997653	0.891945	0.892426	-1	0	0	1	
3.8e-09	188	0.0471792	-0.00322827	0.998881	0.894453	0.89325	-1	0	0	1	
3.84e-09	190	0.0352112	0.0233718	0.999107	0.894241	0.891615	-1	0	0	1	
3.88e-09	192	-0.0514211	0.0632258	0.996674	0.890037	0.890306	-1	0	0	1	
3.92e-09	194	0.0391053	0.0358912	0.99859	0.89091	0.888739	-1	0	0	1	
3.96e-09	196	0.0179962	0.0001509	0.999838	0.886559	0.887985	-1	0	0	1	
4e-09	198	0.0120378	-0.00660801	0.999906	0.885305	0.885637	-1	0	0	1	
4.04e-09	200	-0.000253085	-0.0432384	0.999065	0.887086	0.884251	-1	0	0	1	
4.08e-09	202	-0.00174497	0.00473214	0.999987	0.879553	0.881875	-1	0	0	1	
4.12e-09	204	-0.000331212	-0.0408383	0.999166	0.884233	0.883441	-1	0	0	1	
4.16e-09	206	-0.0130064	0.00208356	0.999913	0.883167	0.880727	-1	0	0	1	
4.2e-09	208	0.0191246	-7.98619e-05	0.999817	0.8797	0.878072	-1	0	0	1	
4.24e-09	210	0.0179789	0.00628026	0.999819	0.878957	0.878382	-1	0	0	1	
4.28e-09	212	-0.0228091	-0.0690315	0.997354	0.877206	0.876915	-1	0	0	1	
4.32e-09	214	-0.00623782	-0.00598037	0.999963	0.873681	0.874386	-1	0	0	1	
4.36e-09	216	0.0265242	-0.0323692	0.999124	0.874512	0.874249	-1	0	0	1	
4.4e-09	218	0.0248698	-0.0121552	0.999617	0.875402	0.873224	-1	0	0	1	
4.44e-09	220	-0.0697936	0.0387575	0.996808	0.871015	0.872023	-1	0	0	1	
4.48e-09	222	0.0505865	0.0102673	0.998667	0.865917	0.86878	-1	0	0	1	
4.52e-09	224	-0.0210188	-0.0259917	0.999441	0.870518	0.869273	-1	0	0	1	
4.56e-09	226	0.0393762	-0.0193507	0.999037	0.864888	0.86727	-1	0	0	1	
4.6e-09	228	0.0574736	-0.0440193	0.997376	0.863966	0.867201	-1	0	0	1	
4.64e-09	230	-0.00494586	0.0156671	0.999865	0.867611	0.86606	-1	0	0	1	
4.68e-09	232	0.00279828	0.00403102	0.999988	0.856929	0.862303	-1	0	0	1	
4.72e-09	234	-0.0105409	0.0411311	0.999098	0.863928	0.860633	-1	0	0	1	
4.76e-09	236	0.00889295	0.0332165	0.999409	0.861028	0.861413	-1	0	0	1	
4.8e-09	238	-0.0427491	0.054822	0.997581	0.856731	0.86078	-1	0	0	1	
4.84e-09	240	0.0315952	0.0251558	0.999184	0.862008	0.85658	-1	0	0	1	
4.88e-09	242	0.0114568	-0.0235207	0.999658	0.857872	0.859684	-1	0	0	1	
4.92e-09	244	-0.0138557	0.00278159	0.9999	0.854807	0.854924	-1	0	0	1	
4.96e-09	246	-0.0328779	-0.0232622	0.999189	0.856402	0.854098	-1	0	0	1	
5e-09	248	-0.0498251	0.0476964	0.997618	0.855271	0.852141	-1	0	0	1	
5.04e-09	250	-0.0568432	-0.0297966	0.997938	0.848813	0.85386	-1	0	0	1	
5.08e-09	252	-0.036115	0.0313241	0.998857	0.85186	0.850063	-1	0	0	1	
5.12e-09	254	0.00749817	0.020031	0.999771	0.848912	0.850151	-1	0	0	1	
5.16e-09	256	-0.00714723	-0.0116722	0.999906	0.845772	0.847189	-1	0	0	1	
5.2e-09	258	0.0536866	0.0417518	0.997685	0.842128	0.845239	-1	0	0	1	
5.24e-09	260	-0.0322459	0.00504469	0.999467	0.844864	0.844154	-1	0	0	1	
5.28e-09	262	0.00332751	-0.0148671	0.999884	0.844504	0.843257	-1	0	0	1	
5.32e-09	264	-0.00461796	0.024135	0.999698	0.833695	0.840062	-1	0	0	1	
5.36e-09	266	-0.0797281	0.0223709	0.996566	0.839895	0.841426	-1	0	0	1	
5.4e-09	268	0.0600175	-0.0556906	0.996643	0.84078	0.838203	-1	0	0	1	
5.44e-09	270	-0.0722072	0.0489805	0.996186	0.837602	0.838483	-1	0	0	1	
5.48e-09	272	-0.000454603	-0.0405235	0.999178	0.837361	0.837476	-1	0	0	1	
5.52e-09	274	-0.0361906	0.0285995	0.998936	0.826206	0.836098	-1	0	0	1	
5.56e-09	276	-0.00891013	0.0635152	0.997941	0.836885	0.834099	-1	0	0	1	
5.6e-09	278	0.0159681	0.0353303	0.999248	0.830701	0.832002	-1	0	0	1	
5.64e-09	280	-0.0166121	0.0734449	0.997161	0.829008	0.829753	-1	0	0	1	
5.68e-09	282	-0.0260538	0.0359577	0.999014	0.831329	0.829046	-1	0	0	1	
5.72e-09	284	0.0201515	-0.00847817	0.999761	0.825252	0.828973	-1	0	0	1	
5.76e-09	286	0.0218113	0.0761305	0.996859	0.827998	0.826614	-1	0	0	1	
5.8e-09	288	-0.000134208	0.0487456	0.998811	0.828404	0.826046	-1	0	0	1	
5.84e-09	290	-0.00646001	-0.0155135	0.999859	0.823451	0.82452	-1	0	0	1	
5.88e-09	292	0.0123773	0.0882569	0.996021	0.827609	0.822371	-1	0	0	1	
5.92e-09	294	-0.00814334	0.0227514	0.999708	0.825852	0.821624	-1	0	0	1	
5.96e-09	296	-0.0423049	0.00350333	0.999099	0.820923	0.819552	-1	0	0	1	
6e-09	298	0.00259788	0.044226	0.999018	0.8149	0.818679	-1	0	0	1	
6.04e-09	300	-0.0323462	-0.00341336	0.999471	0.817512	0.81477	-1	0	0	1	
6.08e-09	302	0.000738439	0.0680719	0.99768	0.815107	0.813618	-1	0	0	1	
6.12e-09	304	0.0185824	0.0147673	0.999718	0.813367	0.815787	-1	0	0	1	
6.16e-09	306	0.0363916	0.00513037	0.999324	0.80827	0.809675	-1	0	0	1	
6.2e-09	308	-0.0516428	-0.0172869	0.998516	0.805853	0.810632	-1	0	0	1	
6.24e-09	310	0.0281532	0.00771384	0.999574	0.806882	0.81024	-1	0	0	1	
6.28e-09	312	0.00887755	-0.0270939	0.999593	0.811022	0.805818	-1	0	0	1	
6.32e-09	314	-0.0341746	0.0413701	0.998559	0.805733	0.807863	-1	0	0	1	
6.36e-09	316	0.0672844	-0.0408208	0.996898	0.810113	0.806999	-1	0	0	1	
6.4e-09	318	-0.0873292	-0.00700421	0.996155	0.806129	0.803678	-1	0	0	1	
6.44e-09	320	-0.00720066	0.0531889	0.998559	0.800955	0.800698	-1	0	0	1	
6.48e-09	322	0.040305	0.0453443	0.998158	0.806558	0.801532	-1	0	0	1	
6.52e-09	324	-0.0255132	-0.054668	0.998179	0.792622	0.800958	-1	0	0	1	
6.56e-09	326	0.00550528	0.0480807	0.998828	0.78885	0.796174	-1	0	0	1	
6.6e-09	328	0.0610369	0.0417749	0.997261	0.795613	0.795399	-1	0	0	1	
6.64e-09	330	0.0403938	-0.0994355	0.994224	0.789738	0.790624	-1	0	0	1	
6.68e-09	332	0.0357218	-0.0475508	0.99823	0.791657	0.790682	-1	0	0	1	
6.72e-09	334	-0.0287001	-0.0618117	0.997675	0.790995	0.791228	-1	0	0	1	
6.76e-09	336	0.012077	0.00440724	0.999917	0.780802	0.785009	-1	0	0	1	
6.8e-09	338	0.0418526	0.0159594	0.998996	0.787305	0.788171	-1	0	0	1	
6.84e-09	340	0.010722	0.0331574	0.999393	0.779749	0.783908	-1	0	0	1	
6.88e-09	342	0.0547012	-0.0150071	0.99839	0.783498	0.783645	-1	0	0	1	
6.92e-09	344	-0.00470084	-0.00715775	0.999963	0.780358	0.782476	-1	0	0	1	
6.96e-09	346	-0.0331018	-0.0375904	0.998745	0.771993	0.780655	-1	0	0	1	
7e-09	348	-0.0121217	-0.00259526	0.999923	0.777546	0.779195	-1	0	0	1	
7.04e-09	350	0.0135623	-0.00637263	0.999888	0.784828	0.777497	-1	0	0	1	
7.08e-09	352	-0.0253719	-0.0634496	0.997662	0.768992	0.773511	-1	0	0	1	
7.12e-09	354	0.0560942	-0.0657452	0.996259	0.776936	0.775026	-1	0	0	1	
7.16e-09	356	0.023361	0.0396075	0.998942	0.778287	0.773416	-1	0	0	1	
7.2e-09	358	-0.0471858	-0.0203972	0.998678	0.770341	0.773077	-1	0	0	1	
7.24e-09	360	-0.0027292	-0.03247	0.999469	0.775768	0.767942	-1	0	0	1	
7.28e-09	362	-0.0044019	0.0279485	0.9996	0.76775	0.770905	-1	0	0	1	
7.32e-09	364	-0.0990857	0.0120323	0.995006	0.771584	0.767101	-1	0	0	1	
7.36e-09	366	0.014868	0.0190701	0.999708	0.757197	0.765059	-1	0	0	1	
7.4e-09	368	0.00583222	-0.0967771	0.995289	0.755744	0.7624	-1	0	0	1	
7.44e-09	370	0.00109874	0.0686549	0.99764	0.748223	0.757981	-1	0	0	1	
7.48e-09	372	-0.0165109	-0.00341441	0.999858	0.760097	0.7591	-1	0	0	1	
7.52e-09	374	0.0771284	-0.0119154	0.99695	0.755156	0.75649	-1	0	0	1	
7.56e-09	376	-0.0563025	0.0561525	0.996833	0.756024	0.75708	-1	0	0	1	
7.6e-09	378	-0.00460792	0.00550895	0.999974	0.75514	0.752345	-1	0	0	1	
7.64e-09	380	0.0160725	0.0394772	0.999091	0.751665	0.754655	-1	0	0	1	
7.68e-09	382	-0.0826006	0.00917673	0.99654	0.74817	0.751554	-1	0	0	1	
7.72e-09	384	0.0173669	-0.024603	0.999546	0.737316	0.747491	-1	0	0	1	
7.76e-09	386	-0.0798353	-0.0190688	0.996626	0.743006	0.744267	-1	0	0	1	
7.8e-09	388	0.0759933	-0.0511123	0.995797	0.744567	0.742925	-1	0	0	1	
7.84e-09	390	-0.0455946	-0.0513758	0.997638	0.748737	0.745686	-1	0	0	1	
7.88e-09	392	-0.0507608	-0.0368312	0.998031	0.73516	0.742811	-1	0	0	1	
7.92e-09	394	-0.0368368	0.0236191	0.999042	0.736293	0.737353	-1	0	0	1	
7.96e-09	396	0.0369082	-0.0872024	0.995507	0.737463	0.735795	-1	0	0	1	
8e-09	398	-0.0584496	-0.0402885	0.997477	0.75037	0.737611	-1	0	0	1	
8.04e-09	400	0.0106162	0.0381624	0.999215	0.729853	0.732716	-1	0	0	1	
8.08e-09	402	-0.0617894	0.000706925	0.998089	0.726957	0.733582	-1	0	0	1	
8.12e-09	404	0.0656652	-0.0923497	0.993559	0.723658	0.73025	-1	0	0	1	
8.16e-09	406	0.0359537	0.00857135	0.999317	0.734922	0.729381	-1	0	0	1	
8.2e-09	408	-0.0373598	0.0157334	0.999178	0.734787	0.730642	-1	0	0	1	
8.24e-09	410	0.0782147	-0.0826699	0.993503	0.73114	0.723514	-1	0	0	1	
8.28e-09	412	-0.0429406	-0.0611503	0.997204	0.728014	0.719923	-1	0	0	1	
8.32e-09	414	-0.104104	-0.0879061	0.990674	0.714182	0.721397	-1	0	0	1	
8.36e-09	416	0.0197376	0.0890088	0.995835	0.730547	0.719896	-1	0	0	1	
8.4e-09	418	0.0610094	-0.0460313	0.997075	0.714915	0.716322	-1	0	0	1	
8.44e-09	420	0.0769944	0.0550066	0.995513	0.723009	0.713922	-1	0	0	1	
8.48e-09	422	-0.0249928	-0.00701679	0.999663	0.722054	0.715355	-1	0	0	1	
8.52e-09	424	0.00496923	-0.026585	0.999634	0.71706	0.710896	-1	0	0	1	
8.56e-09	426	0.0968571	-0.0604007	0.993464	0.714755	0.710272	-1	0	0	1	
8.6e-09	428	0.0894991	0.00351963	0.995981	0.701011	0.703895	-1	0	0	1	
8.64e-09	430	0.0953576	0.0756842	0.992562	0.70974	0.707599	-1	0	0	1	
8.68e-09	432	-0.077374	-0.0145445	0.996896	0.70522	0.701972	-1	0	0	1	
8.72e-09	434	0.0861244	-0.0972664	0.991525	0.687465	0.701004	-1	0	0	1	
8.76e-09	436	0.0802683	-0.0385137	0.996029	0.71021	0.69955	-1	0	0	1	
8.8e-09	438	-0.012973	-0.155684	0.987722	0.701883	0.69562	-1	0	0	1	
8.84e-09	440	-0.0162191	-0.0784725	0.996784	0.696832	0.697905	-1	0	0	1	
8.88e-09	442	-0.0339686	-0.000699752	0.999423	0.689904	0.696414	-1	0	0	1	
8.92e-09	444	0.0478315	-0.0790023	0.995726	0.689175	0.692137	-1	0	0	1	
8.96e-09	446	0.0733254	0.0267066	0.99695	0.691704	0.687517	-1	0	0	1	
9e-09	448	0.0926641	-0.139778	0.985837	0.701159	0.688124	-1	0	0	1	
9.04e-09	450	-0.0746697	-0.0693009	0.994797	0.672851	0.68433	-1	0	0	1	
9.08e-09	452	-0.0298461	0.0788396	0.99644	0.683199	0.684539	-1	0	0	1	
9.12e-09	454	0.0279248	-0.0194848	0.99942	0.685523	0.681761	-1	0	0	1	
9.16e-09	456	-0.0814251	-0.0619093	0.994755	0.679263	0.6797	-1	0	0	1	
9.2e-09	458	-0.0277044	-0.0230469	0.99935	0.668312	0.67753	-1	0	0	1	
9.24e-09	460	-0.00553141	0.11812	0.992984	0.688854	0.675635	-1	0	0	1	
9.28e-09	462	0.0304604	-0.0212153	0.999311	0.673865	0.671703	-1	0	0	1	
9.32e-09	464	0.106219	-0.00129662	0.994342	0.666381	0.668837	-1	0	0	1	
9.36e-09	466	-0.0417168	-0.0562497	0.997545	0.657281	0.666449	-1	0	0	1	
9.4e-09	468	-0.0232859	-0.051058	0.998424	0.673148	0.66894	-1	0	0	1	
9.44e-09	470	0.192705	-0.152089	0.969399	0.660916	0.662915	-1	0	0	1	
9.48e-09	472	0.0170924	-0.0316721	0.999352	0.656847	0.658186	-1	0	0	1	
9.52e-09	474	-0.0205772	-0.0113185	0.999724	0.662503	0.661259	-1	0	0	1	
9.56e-09	476	-0.0169162	0.144069	0.989423	0.653007	0.658175	-1	0	0	1	
9.6e-09	478	0.0357144	0.0562792	0.997776	0.629123	0.654763	-1	0	0	1	
9.64e-09	480	0.00946288	-0.0643506	0.997882	0.661401	0.651808	-1	0	0	1	
9.68e-09	482	0.0467548	0.0648115	0.996802	0.65962	0.651915	-1	0	0	1	
9.72e-09	484	0.104476	-0.0286609	0.994114	0.648979	0.652438	-1	0	0	1	
9.76e-09	486	-0.0274223	0.0235299	0.999347	0.650033	0.645173	-1	0	0	1	
9.8e-09	488	-0.027326	0.0866594	0.995863	0.620289	0.632411	-1	0	0	1	
9.84e-09	490	-0.0390056	-0.0182823	0.999072	0.642134	0.640675	-1	0	0	1	
9.88e-09	492	-0.0387607	-0.00011879	0.999249	0.646079	0.641232	-1	0	0	1	
9.92e-09	494	-0.0374121	-0.122174	0.991803	0.632613	0.634367	-1	0	0	1	
9.96e-09	496	-0.0178148	-0.014793	0.999732	0.631206	0.63192	-1	0	0	1	
1e-08	498	-0.0466109	-0.0861225	0.995194	0.628421	0.629117	-1	0	0	1	
1.004e-08	500	0.0127587	-0.0567047	0.998309	0.633863	0.627214	-1	0	0	1	
1.008e-08	502	-0.0477821	0.00605345	0.998839	0.614017	0.621829	-1	0	0	1	
1.012e-08	504	0.0129448	0.044222	0.998938	0.623445	0.627402	-1	0	0	1	
1.016e-08	506	-0.120735	0.0472012	0.991562	0.620719	0.624821	-1	0	0	1	
1.02e-08	508	0.11231	-0.00468797	0.993662	0.62507	0.622271	-1	0	0	1	
1.024e-08	510	-0.019589	0.0493853	0.998588	0.627003	0.616185	-1	0	0	1	
1.028e-08	512	-0.0119756	-0.0644531	0.997849	0.607083	0.615372	-1	0	0	1	
1.032e-08	514	-0.167129	-0.00687773	0.985911	0.593635	0.607789	-1	0	0	1	
1.036e-08	516	-0.0379857	-0.0234295	0.999004	0.60625	0.611753	-1	0	0	1	
1.04e-08	518	-0.0578777	-0.0749696	0.995505	0.605683	0.607956	-1	0	0	1	
1.044e-08	520	-0.050563	0.0822633	0.995327	0.604367	0.600926	-1	0	0	1	
1.048e-08	522	-0.0653789	0.0200618	0.997659	0.612253	0.596229	-1	0	0	1	
1.052e-08	524	0.112459	-0.0105027	0.993601	0.58867	0.596742	-1	0	0	1	
1.056e-08	526	-0.032838	0.113818	0.992959	0.583996	0.593022	-1	0	0	1	
1.06e-08	528	-0.0345859	0.185153	0.982101	0.595878	0.59482	-1	0	0	1	
1.064e-08	530	-0.0852885	-0.0608736	0.994495	0.597	0.595814	-1	0	0	1	
1.068e-08	532	0.0985689	0.0409861	0.994286	0.590314	0.585416	-1	0	0	1	
1.072e-08	534	0.0719679	-0.0961226	0.992764	0.575319	0.581613	-1	0	0	1	
1.076e-08	536	0.00620557	0.0818261	0.996627	0.596005	0.581603	-1	0	0	1	
1.08e-08	538	0.0498521	-0.08555	0.995086	0.611986	0.577188	-1	0	0	1	
1.084e-08	540	0.0514063	0.0335364	0.998115	0.579542	0.578209	-1	0	0	1	
1.088e-08	542	-0.156607	-0.123049	0.979966	0.584036	0.572055	-1	0	0	1	
1.092e-08	544	-0.063172	0.0112378	0.997939	0.571746	0.565755	-1	0	0	1	
1.096e-08	546	0.017716	-0.0695764	0.997419	0.564636	0.561464	-1	0	0	1	
1.1e-08	548	0.103599	0.0650344	0.992491	0.543424	0.55896	-1	0	0	1	
1.104e-08	550	-0.0704697	-0.0498072	0.99627	0.548622	0.556739	-1	0	0	1	
1.108e-08	552	-0.0133639	-0.153482	0.988061	0.562295	0.553967	-1	0	0	1	
1.112e-08	554	-0.074181	0.0861447	0.993517	0.545993	0.54787	-1	0	0	1	
1.116e-08	556	-0.0376751	-0.148386	0.988212	0.54862	0.552036	-1	0	0	1	
1.12e-08	558	-0.0202805	0.0611257	0.997924	0.537026	0.544735	-1	0	0	1	
1.124e-08	560	-0.167852	0.0303932	0.985344	0.559543	0.543574	-1	0	0	1	
1.128e-08	562	-0.142486	0.0360951	0.989138	0.532252	0.542538	-1	0	0	1	
1.132e-08	564	0.0685373	-0.0805611	0.994391	0.551391	0.539179	-1	0	0	1	
1.136e-08	566	-0.0419058	-0.0129423	0.999038	0.527535	0.540167	-1	0	0	1	
1.14e-08	568	-0.0184251	0.00230424	0.999828	0.527813	0.524618	-1	0	0	1	
1.144e-08	570	0.0945967	0.178228	0.979432	0.541549	0.525339	-1	0	0	1	
1.148e-08	572	0.189828	-0.187162	0.963813	0.5501	0.525091	-1	0	0	1	
1.152e-08	574	-0.0178574	-0.146875	0.988994	0.52257	0.521862	-1	0	0	1	
1.156e-08	576	0.114345	-0.125942	0.985426	0.520942	0.512839	-1	0	0	1	
1.16e-08	578	-0.167215	-0.113231	0.979397	0.477802	0.502765	-1	0	0	1	
1.164e-08	580	-0.331618	-0.0347073	0.942775	0.492088	0.502631	-1	0	0	1	
1.168e-08	582	-0.109529	-0.107998	0.988099	0.524389	0.508033	-1	0	0	1	
1.172e-08	584	-0.046031	-0.168532	0.984621	0.529852	0.507408	-1	0	0	1	
1.176e-08	586	-0.025471	-0.0127681	0.999594	0.493018	0.500623	-1	0	0	1	
1.18e-08	588	-0.0825786	0.0818509	0.993218	0.480276	0.503507	-1	0	0	1	
1.184e-08	590	-0.144968	0.016133	0.989305	0.503949	0.487181	-1	0	0	1	
1.188e-08	592	-0.108937	0.15587	0.981752	0.476143	0.480661	-1	0	0	1	
1.192e-08	594	0.0249446	-0.0534262	0.99826	0.486239	0.485958	-1	0	0	1	
1.196e-08	596	0.105686	0.0132088	0.994312	0.491896	0.477807	-1	0	0	1	
1.2e-08	598	-0.100057	0.0055589	0.994966	0.434166	0.467624	-1	0	0	1	
1.204e-08	600	0.184048	-0.0564816	0.981293	0.474553	0.468373	-1	0	0	1	
1.208e-08	602	-0.0665412	-0.0792604	0.994631	0.480124	0.469158	-1	0	0	1	
1.212e-08	604	0.117527	-0.0812618	0.989739	0.426675	0.4534	-1	0	0	1	
1.216e-08	606	0.114809	-0.0200945	0.993184	0.46448	0.454677	-1	0	0	1	
1.22e-08	608	-0.0144911	0.0148243	0.999785	0.464166	0.451709	-1	0	0	1	
1.224e-08	610	-0.00875241	0.105943	0.994334	0.465437	0.454081	-1	0	0	1	
1.228e-08	612	0.084544	-0.0174676	0.996267	0.465151	0.446216	-1	0	0	1	
1.232e-08	614	-0.298652	0.0707163	0.951739	0.42779	0.426483	-1	0	0	1	
1.236e-08	616	0.0018007	-0.160302	0.987066	0.447	0.44064	-1	0	0	1	
1.24e-08	618	-0.0868125	-0.0905087	0.992105	0.448909	0.425385	-1	0	0	1	
1.244e-08	620	-0.0872196	0.102658	0.990886	0.409239	0.42107	-1	0	0	1	
1.248e-08	622	-0.0535749	-0.117246	0.991657	0.424658	0.424551	-1	0	0	1	
1.252e-08	624	0.185455	-0.176986	0.966583	0.363614	0.40103	-1	0	0	1	
1.256e-08	626	-0.0517218	-0.386967	0.920642	0.410518	0.408785	-1	0	0	1	
1.26e-08	628	-0.140843	0.0974332	0.985226	0.384277	0.407486	-1	0	0	1	
1.264e-08	630	-0.0343813	0.132897	0.990533	0.372262	0.389588	-1	0	0	1	
1.268e-08	632	-0.0749562	-0.359642	0.930075	0.386009	0.386068	-1	0	0	1	
1.272e-08	634	-0.0409607	-0.0346972	0.998558	0.359079	0.366636	-1	0	0	1	
1.276e-08	636	0.0636885	-0.0071252	0.997944	0.318519	0.37326	-1	0	0	1	
1.28e-08	638	-0.138849	-0.380697	0.914216	0.37986	0.372997	-1	0	0	1	
1.284e-08	640	-0.607916	-0.14734	0.780211	0.346877	0.360893	-1	0	0	1	
1.288e-08	642	-0.146723	-0.0542756	-0.987687	0.388436	0.392022	-1	0	0	1	
1.292e-08	644	-0.0467046	-0.218567	-0.974704	0.373281	0.375855	-1	0	0	1	
1.296e-08	646	-0.324738	0.0792431	-0.942478	0.387966	0.387553	-1	0	0	1	
1.3e-08	648	0.0219931	0.255573	-0.966539	0.349969	0.356227	-1	0	0	1	
1.304e-08	650	0.0932008	0.0703266	-0.993161	0.365204	0.362032	-1	0	0	1	
1.308e-08	652	0.0294899	0.196176	-0.980125	0.374898	0.362248	-1	0	0	1	
1.312e-08	654	-0.172663	-0.348561	-0.921245	0.378857	0.363392	-1	0	0	1	
1.316e-08	656	0.0216891	-0.0419305	-0.998885	0.312762	0.34414	-1	0	0	1	
1.32e-08	658	-0.334788	0.0052145	-0.942279	0.35306	0.352939	-1	0	0	1	
1.324e-08	660	0.0891623	0.108111	-0.990132	0.350449	0.359452	-1	0	0	1	
1.328e-08	662	0.143546	-0.0210292	-0.98942	0.335457	0.338826	-1	0	0	1	
1.332e-08	664	-0.0841072	-0.176539	-0.980694	0.30743	0.326914	-1	0	0	1	
1.336e-08	666	-0.0465293	-0.258832	-0.964801	0.329656	0.317774	-1	0	0	1	
1.34e-08	668	0.00108531	-0.384423	-0.923156	0.315206	0.312644	-1	0	0	1	
1.344e-08	670	-0.143894	0.201529	-0.968855	0.32492	0.317621	-1	0	0	1	
1.348e-08	672	0.17159	0.00551998	-0.985153	0.289384	0.295901	-1	0	0	1	
1.352e-08	674	0.290715	0.264846	-0.919425	0.266994	0.297839	-1	0	0	1	
1.356e-08	676	0.351129	-0.151759	-0.923947	0.319829	0.273168	-1	0	0	1	
1.36e-08	678	-0.140553	-0.077584	-0.987029	0.261151	0.272209	-1	0	0	1	
1.364e-08	680	0.110827	0.450062	-0.886093	0.221471	0.25917	-1	0	0	1	
1.368e-08	682	-0.0866582	-0.11976	-0.989014	0.238153	0.253947	-1	0	0	1	
1.372e-08	684	-0.227622	-0.134846	-0.964368	0.172442	0.255508	-1	0	0	1	
1.376e-08	686	0.108827	-0.209893	-0.971649	0.25054	0.245642	-1	0	0	1	
1.38e-08	688	0.243085	-0.0510131	-0.968663	0.204019	0.211397	-1	0	0	1	
1.384e-08	690	-0.0281741	-0.0142415	-0.999502	0.299268	0.22315	-1	0	0	1	
1.388e-08	692	-0.259521	0.409057	-0.874826	0.20517	0.188454	-1	0	0	1	
1.392e-08	694	-0.17718	0.0697468	-0.981704	0.217125	0.20417	-1	0	0	1	
1.396e-08	696	-0.227128	0.014234	-0.973761	0.213891	0.21008	-1	0	0	1	
1.4e-08	698	0.20641	-0.0980507	-0.97354	0.203863	0.205033	-1	0	0	1	
1.404e-08	700	-0.0284222	-0.0933478	-0.995228	0.181432	0.191528	-1	0	0	1	
1.408e-08	702	-0.344224	0.379468	-0.858786	0.157863	0.18579	-1	0	0	1	
1.412e-08	704	-0.449178	-0.0527668	-0.891883	0.180103	0.166813	-1	0	0	1	
1.416e-08	706	0.414257	0.0469819	-0.908947	0.0839707	0.147717	-1	0	0	1	
1.42e-08	708	0.190087	-0.262609	-0.945994	0.174619	0.150399	-1	0	0	1	
1.424e-08	710	0.300965	0.273399	-0.913604	0.127574	0.147145	-1	0	0	1	
1.428e-08	712	0.201321	0.00398434	-0.979517	0.162823	0.132387	-1	0	0	1	
1.432e-08	714	0.0138183	-0.196342	-0.980438	0.110117	0.127376	-1	0	0	1	
1.436e-08	716	0.391933	-0.473478	-0.788801	0.0734369	0.121325	-1	0	0	1	
1.44e-08	718	0.506035	0.617315	-0.602371	0.077293	0.0981038	-1	0	0	1	
1.444e-08	720	-0.363552	-0.361461	-0.858589	0.0789383	0.103755	-1	0	0	1	
1.448e-08	722	0.567387	-0.578139	-0.586368	0.125034	0.109862	-1	0	0	1	
1.452e-08	724	0.172871	0.303041	-0.937167	0.0634317	0.0857066	-1	0	0	1	
1.456e-08	726	-0.0831239	0.26878	-0.959608	0.116821	0.0991928	-1	0	0	1	
1.46e-08	728	0.211084	-0.455458	-0.864871	0.0893867	0.106048	-1	0	0	1	
1.464e-08	730	-0.296155	0.339612	-0.892724	0.103354	0.0829777	-1	0	0	1	
1.468e-08	732	-0.604688	0.19664	-0.771806	0.0492253	0.0700086	-1	0	0	1	
1.472e-08	734	-0.818739	0.239693	-0.521742	0.0564678	0.0702079	-1	0	0	1	
1.476e-08	736	-0.747073	0.560093	-0.35802	0.0405069	0.05653	-1	0	0	1	
1.48e-08	738	-0.710205	-0.469036	-0.52499	0.0613334	0.0581981	-1	0	0	1	
1.484e-08	740	-0.176818	-0.247001	-0.952747	0.035242	0.0772148	-1	0	0	1	
1.488e-08	742	0.630634	0.0838917	-0.771533	0.0414717	0.0526775	-1	0	0	1	
1.492e-08	744	-0.300507	-0.459326	-0.835892	0.05731	0.0503329	-1	0	0	1	
1.496e-08	746	0.526983	-0.0142558	-0.849756	0.0716901	0.0655149	-1	0	0	1	
1.5e-08	748	-0.212403	-0.306934	-0.927727	0.0475848	0.0501043	-1	0	0	1	
1.504e-08	750	0.324255	0.845964	-0.423325	0.0136367	0.049858	-1	0	0	1	
1.508e-08	752	-0.393597	-0.149721	-0.907009	0.102974	0.0513238	-1	0	0	1	
1.512e-08	754	-0.773465	0.571008	-0.275142	0.0312956	0.0496289	-1	0	0	1	
1.516e-08	756	-0.0180169	0.565256	-0.824718	0.0112473	0.038727	-1	0	0	1	
1.52e-08	758	-0.462917	-0.185487	-0.866777	0.0865664	0.057445	-1	0	0	1	
1.524e-08	760	0.301913	0.668187	-0.679982	0.0593058	0.0562404	-1	0	0	1	
1.528e-08	762	-0.297739	-0.778169	-0.552996	0.067207	0.0438284	-1	0	0	1	
1.532e-08	764	0.0628045	0.633381	0.771287	0.0450231	0.0422215	-1	0	0	1	
1.536e-08	766	-0.288444	-0.941472	0.174444	0.0405787	0.0450945	-1	0	0	1	
1.54e-08	768	0.912491	-0.386816	-0.133169	0.0303652	0.0470071	-1	0	0	1	
1.544e-08	770	0.622061	0.449839	-0.640847	0.0477573	0.0558163	-1	0	0	1	
1.548e-08	772	-0.981571	-0.1214	-0.14758	0.0517233	0.0499209	-1	0	0	1	
1.552e-08	774	0.152851	0.177795	-0.972124	0.037588	0.0504376	-1	0	0	1	
1.556e-08	776	0.711438	-0.267981	-0.649647	0.0648416	0.0537566	-1	0	0	1	
1.56e-08	778	0.66446	0.713886	0.221044	0.0108764	0.0411636	-1	0	0	1	
1.564e-08	780	-0.379001	-0.810004	0.447495	0.0211125	0.0435189	-1	0	0	1	
1.568e-08	782	-0.410324	-0.536455	-0.737462	0.0719052	0.0402103	-1	0	0	1	
1.572e-08	784	-0.170478	0.451603	-0.875781	0.0415036	0.050871	-1	0	0	1	
1.576e-08	786	0.257435	0.212175	-0.942713	0.0821397	0.0465682	-1	0	0	1	
1.58e-08	788	0.248904	-0.961125	-0.11952	0.0129783	0.0281888	-1	0	0	1	
1.584e-08	790	0.563069	-0.430832	0.705221	0.0532337	0.0463845	-1	0	0	1	
1.588e-08	792	-0.383095	-0.611248	-0.692542	0.0377212	0.042088	-1	0	0	1	
1.592e-08	794	0.111221	-0.715773	-0.689419	0.0590141	0.043792	-1	0	0	1	
1.596e-08	796	0.325778	0.874397	0.359581	0.0173226	0.0318419	-1	0	0	1	
1.6e-08	798	-0.196936	-0.944069	-0.26448	0.0301819	0.039432	-1	0	0	1	
1.604e-08	800	-0.535603	0.233242	-0.81162	0.0343413	0.0424944	-1	0	0	1	
1.608e-08	802	0.129136	0.140454	-0.98163	0.0639114	0.0413197	-1	0	0	1	
1.612e-08	804	-0.213838	-0.834702	-0.507491	0.0580183	0.0359539	-1	0	0	1	
1.616e-08	806	-0.467369	0.650105	-0.599108	0.0490579	0.0414579	-1	0	0	1	
1.62e-08	808	-0.312822	-0.923327	-0.222734	0.0184816	0.0425645	-1	0	0	1	
1.624e-08	810	-0.102638	0.994668	0.0100059	0.0176307	0.0337089	-1	0	0	1	
1.628e-08	812	-0.147416	0.955161	-0.256779	0.0318917	0.0390587	-1	0	0	1	
1.632e-08	814	-0.101722	-0.330608	0.93827	0.00410658	0.0371055	-1	0	0	1	
1.636e-08	816	-0.72614	0.437469	-0.530416	0.0204773	0.0310814	-1	0	0	1	
1.64e-08	818	-0.302961	-0.522444	-0.797036	0.0257322	0.0345482	-1	0	0	1	
1.644e-08	820	0.734375	0.223623	-0.640848	0.0237503	0.0334028	-1	0	0	1	
1.648e-08	822	0.888405	-0.0169984	-0.458745	0.0465922	0.0317552	-1	0	0	1	
1.652e-08	824	-0.746913	0.659955	-0.0811151	0.0193501	0.0326851	-1	0	0	1	
1.656e-08	826	-0.372513	0.891746	-0.256949	0.0358673	0.03053	-1	0	0	1	
1.66e-08	828	0.147576	-0.451049	0.880214	0.00925382	0.0275781	-1	0	0	1	
1.664e-08	830	0.459464	-0.77677	0.430721	0.0100291	0.0271631	-1	0	0	1	
1.668e-08	832	-0.939642	0.133638	0.314982	0.0175065	0.0364443	-1	0	0	1	
1.672e-08	834	-0.681747	0.358149	-0.637926	0.0385721	0.0305642	-1	0	0	1	
1.676e-08	836	0.38105	0.389024	0.838726	0.0337409	0.0273947	-1	0	0	1	
1.68e-08	838	0.462568	-0.511213	-0.724356	0.0439776	0.0319879	-1	0	0	1	
1.684e-08	840	0.85886	-0.159334	0.486797	0.0127103	0.0323919	-1	0	0	1	
1.688e-08	842	-0.0493004	0.66429	-0.745848	0.0429318	0.0306191	-1	0	0	1	
1.692e-08	844	-0.884697	0.206112	0.418126	0.0132554	0.0271355	-1	0	0	1	
1.696e-08	846	-0.866788	-0.189556	-0.461244	0.0353562	0.0291882	-1	0	0	1	
1.7e-08	848	0.758471	-0.350938	-0.549148	0.0232492	0.0301251	-1	0	0	1	
1.704e-08	850	-0.451979	-0.478089	0.753091	0.0229122	0.0292401	-1	0	0	1	
1.708e-08	852	0.0759569	-0.903978	0.420778	0.0311952	0.0290946	-1	0	0	1	
1.712e-08	854	-0.366689	0.930344	-0.000631902	0.0232302	0.0331071	-1	0	0	1	
1.716e-08	856	0.331993	0.937232	0.106663	0.0319424	0.0232596	-1	0	0	1	
1.72e-08	858	0.805514	-0.352997	-0.475962	0.0243582	0.0290885	-1	0	0	1	
1.724e-08	860	-0.383494	0.885198	-0.263356	0.0130338	0.0192126	-1	0	0	1	
1.728e-08	862	-0.39503	-0.115919	-0.911325	0.0789238	0.0322716	-1	0	0	1	
1.732e-08	864	0.972888	0.223898	0.057951	0.0324247	0.024661	-1	0	0	1	
1.736e-08	866	-0.575027	-0.430959	-0.695427	0.0290186	0.0256175	-1	0	0	1	
1.74e-08	868	-0.555372	0.318247	-0.768297	0.0376311	0.023488	-1	0	0	1	
1.744e-08	870	0.668465	0.252514	-0.699565	0.0332989	0.0330689	-1	0	0	1	
1.748e-08	872	0.290316	0.912654	-0.287714	0.0103092	0.0249627	-1	0	0	1	
1.752e-08	874	0.115472	-0.952855	-0.280594	0.0116714	0.025222	-1	0	0	1	
1.756e-08	876	0.683761	0.637453	-0.35514	0.0214674	0.0261376	-1	0	0	1	
1.76e-08	878	-0.965698	-0.194258	0.172311	0.0289528	0.02314	-1	0	0	1	
1.764e-08	880	0.425557	0.622274	-0.65702	0.0306523	0.0295807	-1	0	0	1	
1.768e-08	882	0.0111862	0.837145	0.546867	0.0210703	0.0239596	-1	0	0	1	
1.772e-08	884	0.967518	0.217497	-0.128859	0.0173686	0.0275365	-1	0	0	1	
1.776e-08	886	-0.394365	0.127648	0.910045	0.0441312	0.02772	-1	0	0	1	
1.78e-08	888	-0.389767	0.917823	0.0753802	0.0237811	0.0204356	-1	0	0	1	
1.784e-08	890	-0.323782	0.0365757	-0.945425	0.025817	0.0253048	-1	0	0	1	
1.788e-08	892	-0.155061	-0.559994	-0.813857	0.0317821	0.0315488	-1	0	0	1	
1.792e-08	894	-0.0362127	-0.76483	0.643214	0.0263019	0.0200224	-1	0	0	1	
1.796e-08	896	0.336989	0.863903	-0.374312	0.0357728	0.0230294	-1	0	0	1	
1.8e-08	898	0.531623	-0.796548	-0.287902	0.0444577	0.0219465	-1	0	0	1	
1.804e-08	900	-0.730714	0.038102	0.681619	0.0151418	0.0258515	-1	0	0	1	
