#----------------------------------------------------------------------------------------------------------------------------------------------------------
# Output file for vampire simulation
#   time       : 2022-02-13 15:16:06     process id : 27211
#   hostname   : compute-0-2.local
#   path       : /home/MINT_SS/luknam/BER/WS_dia5/Thickness10/size_2.0_2.0_10nm/Temp_900/random_1
#----------------------------------------------------------------------------------------------------------------------------------------------------------
4e-11	0	0	0	1	1	1	-1	0	0	1	
8e-11	2	-0.0104391	-0.000642764	0.999945	0.998621	0.998795	-1	0	0	1	
1.2e-10	4	0.00336542	-0.014583	0.999888	0.997622	0.99757	-1	0	0	1	
1.6e-10	6	-0.000158195	0.00076972	1	0.996278	0.996232	-1	0	0	1	
2e-10	8	-0.010061	0.000853344	0.999949	0.994959	0.995263	-1	0	0	1	
2.4e-10	10	0.0111455	0.0121944	0.999864	0.994242	0.994015	-1	0	0	1	
2.8e-10	12	0.000500093	-0.0127524	0.999919	0.993195	0.992751	-1	0	0	1	
3.2e-10	14	-0.0112631	0.0132844	0.999848	0.991212	0.991409	-1	0	0	1	
3.6e-10	16	-0.0123209	-0.0244832	0.999624	0.99074	0.990308	-1	0	0	1	
4e-10	18	-0.00388892	0.00193596	0.999991	0.988601	0.988838	-1	0	0	1	
4.4e-10	20	-0.00940882	0.0153845	0.999837	0.986636	0.987557	-1	0	0	1	
4.8e-10	22	0.0111547	0.0204354	0.999729	0.987575	0.986939	-1	0	0	1	
5.2e-10	24	0.0299309	0.0333994	0.998994	0.984615	0.985202	-1	0	0	1	
5.6e-10	26	0.0308338	-0.00391423	0.999517	0.984114	0.98449	-1	0	0	1	
6e-10	28	-0.0425934	0.0154478	0.998973	0.982827	0.983633	-1	0	0	1	
6.4e-10	30	-0.0307703	-0.00260035	0.999523	0.98142	0.981983	-1	0	0	1	
6.8e-10	32	-0.01407	-0.00610499	0.999882	0.979887	0.980101	-1	0	0	1	
7.2e-10	34	-0.0493663	-0.00834248	0.998746	0.979961	0.979086	-1	0	0	1	
7.6e-10	36	-0.0075819	-0.00557523	0.999956	0.977457	0.977535	-1	0	0	1	
8e-10	38	-0.0180103	0.0118683	0.999767	0.97589	0.976778	-1	0	0	1	
8.4e-10	40	-0.000885217	0.0203273	0.999793	0.97452	0.9752	-1	0	0	1	
8.8e-10	42	-0.0359789	-0.0451812	0.998331	0.973353	0.974485	-1	0	0	1	
9.2e-10	44	-0.0114605	-0.0217994	0.999697	0.974498	0.973219	-1	0	0	1	
9.6e-10	46	0.00671786	-0.0206399	0.999764	0.972147	0.971763	-1	0	0	1	
1e-09	48	-0.0550252	-0.0117376	0.998416	0.967553	0.970199	-1	0	0	1	
1.04e-09	50	0.00232726	-0.0235785	0.999719	0.969227	0.969758	-1	0	0	1	
1.08e-09	52	0.0377987	-0.0410458	0.998442	0.96782	0.967286	-1	0	0	1	
1.12e-09	54	-0.0456602	-0.00523689	0.998943	0.964637	0.966663	-1	0	0	1	
1.16e-09	56	-0.0249849	-0.052697	0.998298	0.966738	0.965235	-1	0	0	1	
1.2e-09	58	-0.010612	0.00787009	0.999913	0.964956	0.963727	-1	0	0	1	
1.24e-09	60	-0.0247481	0.0435565	0.998744	0.963226	0.962309	-1	0	0	1	
1.28e-09	62	-0.0989955	-0.0124155	0.99501	0.960918	0.960362	-1	0	0	1	
1.32e-09	64	-0.0191491	-0.00560883	0.999801	0.961396	0.959857	-1	0	0	1	
1.36e-09	66	0.0203073	0.0029898	0.999789	0.956577	0.958471	-1	0	0	1	
1.4e-09	68	0.00013933	0.0671991	0.99774	0.954195	0.958333	-1	0	0	1	
1.44e-09	70	0.00116629	0.00160601	0.999998	0.958197	0.956529	-1	0	0	1	
1.48e-09	72	0.0159046	-0.0588459	0.99814	0.956157	0.954526	-1	0	0	1	
1.52e-09	74	-0.0753429	-0.000109231	0.997158	0.959311	0.954827	-1	0	0	1	
1.56e-09	76	-0.0553458	0.0298518	0.998021	0.952425	0.95148	-1	0	0	1	
1.6e-09	78	-0.0372202	-0.00587857	0.99929	0.953947	0.951402	-1	0	0	1	
1.64e-09	80	0.0274659	-0.0538754	0.99817	0.952007	0.950483	-1	0	0	1	
1.68e-09	82	0.0314106	-0.0635249	0.997486	0.952628	0.949177	-1	0	0	1	
1.72e-09	84	0.10596	-0.00590129	0.994353	0.947977	0.948313	-1	0	0	1	
1.76e-09	86	-0.0424883	0.0462757	0.998025	0.93972	0.944236	-1	0	0	1	
1.8e-09	88	0.0476125	-0.0401538	0.998058	0.943258	0.945599	-1	0	0	1	
1.84e-09	90	0.0111682	-0.0140537	0.999839	0.937706	0.94339	-1	0	0	1	
1.88e-09	92	0.0113596	-0.0231462	0.999668	0.938206	0.941884	-1	0	0	1	
1.92e-09	94	-0.00613685	-0.030175	0.999526	0.932064	0.940446	-1	0	0	1	
1.96e-09	96	0.0250218	-0.0192633	0.999501	0.941914	0.942457	-1	0	0	1	
2e-09	98	-0.03332	-0.0251996	0.999127	0.940076	0.936285	-1	0	0	1	
2.04e-09	100	-0.0717581	0.00104362	0.997422	0.940978	0.937728	-1	0	0	1	
2.08e-09	102	-0.074647	0.0549426	0.995695	0.936064	0.936237	-1	0	0	1	
2.12e-09	104	0.0495804	-0.061163	0.996896	0.935917	0.933982	-1	0	0	1	
2.16e-09	106	0.163754	-0.0142157	0.986399	0.929549	0.934444	-1	0	0	1	
2.2e-09	108	0.101847	0.00579785	0.994783	0.928822	0.929709	-1	0	0	1	
2.24e-09	110	-0.0466587	-0.0512826	0.997594	0.928767	0.929331	-1	0	0	1	
2.28e-09	112	-0.0338047	0.0342114	0.998843	0.929949	0.930342	-1	0	0	1	
2.32e-09	114	-0.0268027	-0.0462977	0.998568	0.926299	0.927489	-1	0	0	1	
2.36e-09	116	-0.104127	0.0125307	0.994485	0.928739	0.926902	-1	0	0	1	
2.4e-09	118	0.056783	0.0691553	0.995989	0.935487	0.927742	-1	0	0	1	
2.44e-09	120	0.0221931	-0.0170583	0.999608	0.923699	0.923994	-1	0	0	1	
2.48e-09	122	-0.00436517	0.103054	0.994666	0.923564	0.91998	-1	0	0	1	
2.52e-09	124	0.0371709	0.00412772	0.9993	0.91825	0.922537	-1	0	0	1	
2.56e-09	126	-0.067822	-0.058783	0.995964	0.920276	0.917743	-1	0	0	1	
2.6e-09	128	0.0205556	0.0175171	0.999635	0.914643	0.916493	-1	0	0	1	
2.64e-09	130	0.144742	0.121736	0.981952	0.91994	0.916864	-1	0	0	1	
2.68e-09	132	-0.147653	-0.0157474	0.988914	0.919167	0.915191	-1	0	0	1	
2.72e-09	134	-0.0852727	-0.0559691	0.994784	0.916645	0.915081	-1	0	0	1	
2.76e-09	136	0.00750093	0.0559327	0.998406	0.907514	0.911211	-1	0	0	1	
2.8e-09	138	0.0406893	0.0974705	0.994406	0.905564	0.912032	-1	0	0	1	
2.84e-09	140	-0.00201215	0.058926	0.99826	0.904353	0.908609	-1	0	0	1	
2.88e-09	142	-0.0243981	0.087708	0.995847	0.903662	0.907379	-1	0	0	1	
2.92e-09	144	-0.0292925	-0.0861936	0.995848	0.911815	0.908232	-1	0	0	1	
2.96e-09	146	0.00678686	0.0478953	0.998829	0.902049	0.904233	-1	0	0	1	
3e-09	148	-0.079723	0.139449	0.987015	0.905646	0.902073	-1	0	0	1	
3.04e-09	150	0.029261	-0.052212	0.998207	0.90209	0.903736	-1	0	0	1	
3.08e-09	152	0.132438	-0.0463228	0.990108	0.893153	0.897804	-1	0	0	1	
3.12e-09	154	-0.0833728	-0.073595	0.993797	0.901744	0.900069	-1	0	0	1	
3.16e-09	156	0.0274834	0.0307984	0.999148	0.892638	0.896804	-1	0	0	1	
3.2e-09	158	-0.0134011	0.0708207	0.997399	0.896927	0.894709	-1	0	0	1	
3.24e-09	160	0.071365	0.0367411	0.996773	0.904006	0.895937	-1	0	0	1	
3.28e-09	162	0.107716	-0.00108978	0.994181	0.899398	0.892746	-1	0	0	1	
3.32e-09	164	0.162428	0.052941	0.985299	0.889401	0.893638	-1	0	0	1	
3.36e-09	166	0.013536	-0.0101179	0.999857	0.883003	0.890887	-1	0	0	1	
3.4e-09	168	0.00404412	0.027912	0.999602	0.890692	0.890658	-1	0	0	1	
3.44e-09	170	-0.0194356	-0.136485	0.990451	0.891759	0.886314	-1	0	0	1	
3.48e-09	172	-0.0589363	0.00766105	0.998232	0.880363	0.887539	-1	0	0	1	
3.52e-09	174	-0.098133	0.181434	0.978494	0.888623	0.881902	-1	0	0	1	
3.56e-09	176	-0.0853507	-0.0441185	0.995374	0.881601	0.883153	-1	0	0	1	
3.6e-09	178	0.0478012	0.035945	0.99821	0.881727	0.882478	-1	0	0	1	
3.64e-09	180	0.135674	-0.0934451	0.986337	0.886478	0.883742	-1	0	0	1	
3.68e-09	182	0.00891911	-0.0450004	0.998947	0.872075	0.877285	-1	0	0	1	
3.72e-09	184	-0.0178773	-0.140416	0.989931	0.880025	0.879537	-1	0	0	1	
3.76e-09	186	0.0444827	-0.0422943	0.998114	0.883734	0.876166	-1	0	0	1	
3.8e-09	188	0.136818	-0.0607711	0.98873	0.87207	0.872206	-1	0	0	1	
3.84e-09	190	0.279985	-0.025633	0.959662	0.871428	0.869288	-1	0	0	1	
3.88e-09	192	-0.0683717	-0.0208391	0.997442	0.870608	0.867785	-1	0	0	1	
3.92e-09	194	-0.0531165	-0.0840523	0.995045	0.873126	0.868766	-1	0	0	1	
3.96e-09	196	0.094296	0.086629	0.991768	0.873662	0.871218	-1	0	0	1	
4e-09	198	0.0828072	-0.0645688	0.994472	0.867154	0.869675	-1	0	0	1	
4.04e-09	200	-0.145656	-0.0996891	0.9843	0.867582	0.86352	-1	0	0	1	
4.08e-09	202	-0.057066	-0.226204	0.972407	0.859843	0.858619	-1	0	0	1	
4.12e-09	204	0.056386	-0.0495858	0.997177	0.85822	0.864167	-1	0	0	1	
4.16e-09	206	-0.0674463	-0.0272525	0.997351	0.851578	0.860705	-1	0	0	1	
4.2e-09	208	-0.121197	0.049702	0.991383	0.864345	0.861496	-1	0	0	1	
4.24e-09	210	0.0848896	-0.0284227	0.995985	0.85919	0.857041	-1	0	0	1	
4.28e-09	212	0.0169229	0.0117379	0.999788	0.836021	0.858421	-1	0	0	1	
4.32e-09	214	0.0184515	0.0718384	0.997246	0.862711	0.852665	-1	0	0	1	
4.36e-09	216	0.0323977	0.0751562	0.996645	0.843769	0.854346	-1	0	0	1	
4.4e-09	218	-0.112745	-0.103786	0.988189	0.853026	0.85655	-1	0	0	1	
4.44e-09	220	-0.111506	0.0413589	0.992903	0.845907	0.849113	-1	0	0	1	
4.48e-09	222	-0.152666	0.12077	0.980871	0.857965	0.851014	-1	0	0	1	
4.52e-09	224	-0.0302477	0.0585056	0.997829	0.833739	0.846346	-1	0	0	1	
4.56e-09	226	-0.107293	-0.0165743	0.994089	0.84663	0.843973	-1	0	0	1	
4.6e-09	228	0.164811	0.200121	0.96581	0.819761	0.843542	-1	0	0	1	
4.64e-09	230	-0.154416	-0.00536078	0.987991	0.842589	0.841687	-1	0	0	1	
4.68e-09	232	-0.0844047	0.156867	0.984006	0.834918	0.8404	-1	0	0	1	
4.72e-09	234	0.0972122	0.116982	0.988365	0.848608	0.840708	-1	0	0	1	
4.76e-09	236	0.034995	0.0386906	0.998638	0.831986	0.838147	-1	0	0	1	
4.8e-09	238	-0.0958266	0.0349227	0.994785	0.851904	0.841647	-1	0	0	1	
4.84e-09	240	0.0121139	0.0938821	0.99551	0.836148	0.831457	-1	0	0	1	
4.88e-09	242	-0.014167	0.0480221	0.998746	0.841564	0.836893	-1	0	0	1	
4.92e-09	244	-0.00862543	-0.0399632	0.999164	0.823823	0.826185	-1	0	0	1	
4.96e-09	246	-0.0015874	0.048565	0.998819	0.793159	0.825523	-1	0	0	1	
5e-09	248	0.0686311	0.161915	0.984415	0.820583	0.831006	-1	0	0	1	
5.04e-09	250	-0.0122078	-0.201666	0.979378	0.826739	0.827284	-1	0	0	1	
5.08e-09	252	0.137508	-0.0497595	0.98925	0.804713	0.819627	-1	0	0	1	
5.12e-09	254	-0.0577623	0.0568132	0.996712	0.838197	0.828817	-1	0	0	1	
5.16e-09	256	-0.04883	-0.043598	0.997855	0.823414	0.818052	-1	0	0	1	
5.2e-09	258	0.013568	0.0652745	0.997775	0.815657	0.821276	-1	0	0	1	
5.24e-09	260	0.0366285	0.0918655	0.995098	0.819964	0.816872	-1	0	0	1	
5.28e-09	262	0.124583	-0.168129	0.977861	0.828002	0.816836	-1	0	0	1	
5.32e-09	264	-0.0131182	0.200796	0.979545	0.81491	0.812894	-1	0	0	1	
5.36e-09	266	-0.0206153	-0.1693	0.985349	0.824363	0.815328	-1	0	0	1	
5.4e-09	268	0.091776	-0.266971	0.959325	0.805295	0.810852	-1	0	0	1	
5.44e-09	270	-0.133419	0.127327	0.982846	0.815178	0.808574	-1	0	0	1	
5.48e-09	272	0.0788308	-0.131594	0.988164	0.81575	0.813948	-1	0	0	1	
5.52e-09	274	0.0683351	-0.129563	0.989214	0.828884	0.804539	-1	0	0	1	
5.56e-09	276	0.0860754	0.0664824	0.994068	0.802466	0.801002	-1	0	0	1	
5.6e-09	278	-0.145175	0.1023	0.984103	0.806426	0.805142	-1	0	0	1	
5.64e-09	280	0.125263	-0.0157637	0.991998	0.771179	0.79362	-1	0	0	1	
5.68e-09	282	-0.049347	0.0269326	0.998419	0.808167	0.803146	-1	0	0	1	
5.72e-09	284	-0.0198081	0.067281	0.997537	0.791356	0.795624	-1	0	0	1	
5.76e-09	286	-0.0693396	-0.0933593	0.993215	0.791229	0.794275	-1	0	0	1	
5.8e-09	288	-0.0674472	-0.243671	0.96751	0.756273	0.798023	-1	0	0	1	
5.84e-09	290	0.131102	-0.116913	0.984451	0.775813	0.78857	-1	0	0	1	
5.88e-09	292	-0.0151014	-0.161729	0.98672	0.779352	0.792806	-1	0	0	1	
5.92e-09	294	0.163888	-0.314981	0.934841	0.776064	0.782407	-1	0	0	1	
5.96e-09	296	-0.177921	0.0226725	0.983784	0.801966	0.792708	-1	0	0	1	
6e-09	298	0.0200821	-0.0625502	0.99784	0.75579	0.776617	-1	0	0	1	
6.04e-09	300	-0.0131082	-0.0961878	0.995277	0.770926	0.780815	-1	0	0	1	
6.08e-09	302	0.157495	0.214403	0.963964	0.781944	0.784605	-1	0	0	1	
6.12e-09	304	-0.266651	-0.0221023	0.96354	0.760745	0.762502	-1	0	0	1	
6.16e-09	306	-0.0171049	-0.112929	0.993456	0.776028	0.779259	-1	0	0	1	
6.2e-09	308	0.013378	-0.0117592	0.999841	0.761528	0.771814	-1	0	0	1	
6.24e-09	310	-0.182196	0.0326488	0.98272	0.799511	0.779309	-1	0	0	1	
6.28e-09	312	-0.238992	0.138311	0.961121	0.764873	0.772599	-1	0	0	1	
6.32e-09	314	0.0614036	-0.0899225	0.994054	0.777888	0.760737	-1	0	0	1	
6.36e-09	316	0.110483	0.0540638	0.992407	0.762012	0.761398	-1	0	0	1	
6.4e-09	318	0.0402312	0.218626	0.974979	0.766357	0.767888	-1	0	0	1	
6.44e-09	320	-0.131342	-0.0821131	0.98793	0.756718	0.760565	-1	0	0	1	
6.48e-09	322	0.0264642	-0.101799	0.994453	0.759594	0.757731	-1	0	0	1	
6.52e-09	324	-0.00620122	0.149138	0.988797	0.775233	0.760667	-1	0	0	1	
6.56e-09	326	0.0614969	0.100862	0.992998	0.749137	0.751481	-1	0	0	1	
6.6e-09	328	-0.135516	0.148594	0.979569	0.772304	0.763685	-1	0	0	1	
6.64e-09	330	-0.142674	0.0439893	0.988792	0.753789	0.752731	-1	0	0	1	
6.68e-09	332	-0.246385	0.191453	0.950074	0.755299	0.75753	-1	0	0	1	
6.72e-09	334	0.0114419	0.25126	0.967852	0.756182	0.740564	-1	0	0	1	
6.76e-09	336	0.183739	0.149977	0.971466	0.761932	0.755789	-1	0	0	1	
6.8e-09	338	0.13638	0.0966757	0.985928	0.736255	0.746755	-1	0	0	1	
6.84e-09	340	-0.0637875	-0.102865	0.992648	0.777087	0.74483	-1	0	0	1	
6.88e-09	342	-0.00332436	0.00823563	0.999961	0.77487	0.749744	-1	0	0	1	
6.92e-09	344	-0.0764454	-0.148162	0.986004	0.759199	0.744625	-1	0	0	1	
6.96e-09	346	-0.0852107	-0.0211042	0.996139	0.73106	0.742852	-1	0	0	1	
7e-09	348	0.153413	-0.310414	0.93814	0.759412	0.744119	-1	0	0	1	
7.04e-09	350	0.164307	-0.189325	0.96807	0.731352	0.741877	-1	0	0	1	
7.08e-09	352	0.0760505	0.028574	0.996694	0.752315	0.72804	-1	0	0	1	
7.12e-09	354	0.0765715	-0.0217267	0.996827	0.715577	0.736101	-1	0	0	1	
7.16e-09	356	0.0919368	0.145046	0.985144	0.728016	0.731184	-1	0	0	1	
7.2e-09	358	-0.113618	0.186028	0.975953	0.725744	0.718849	-1	0	0	1	
7.24e-09	360	0.148672	-0.102302	0.983581	0.72927	0.726216	-1	0	0	1	
7.28e-09	362	-0.246679	-0.198111	0.948631	0.738262	0.725712	-1	0	0	1	
7.32e-09	364	-0.0646432	0.0777221	0.994877	0.729724	0.714975	-1	0	0	1	
7.36e-09	366	0.0949663	0.06813	0.993146	0.691852	0.711573	-1	0	0	1	
7.4e-09	368	0.351927	-0.147771	0.924289	0.701743	0.710546	-1	0	0	1	
7.44e-09	370	-0.0363472	0.0107152	0.999282	0.689949	0.721208	-1	0	0	1	
7.48e-09	372	-0.110086	-0.00743208	0.993894	0.759402	0.707066	-1	0	0	1	
7.52e-09	374	-0.177338	-0.0967889	0.979379	0.731986	0.700221	-1	0	0	1	
7.56e-09	376	-0.0582878	-0.00248522	0.998297	0.731821	0.700081	-1	0	0	1	
7.6e-09	378	0.419743	-0.358084	0.834022	0.679822	0.693806	-1	0	0	1	
7.64e-09	380	-0.18326	-0.498879	0.847075	0.671676	0.702785	-1	0	0	1	
7.68e-09	382	-0.0668855	-0.221598	0.972842	0.717278	0.705748	-1	0	0	1	
7.72e-09	384	0.0477695	0.134636	0.989743	0.687701	0.688931	-1	0	0	1	
7.76e-09	386	-0.299105	0.223127	0.927767	0.68048	0.695665	-1	0	0	1	
7.8e-09	388	0.278558	-0.154447	0.94792	0.676918	0.673615	-1	0	0	1	
7.84e-09	390	-0.153682	-0.195914	0.968504	0.708938	0.650664	-1	0	0	1	
7.88e-09	392	-0.276991	-0.119328	0.953434	0.659253	0.684261	-1	0	0	1	
7.92e-09	394	0.342943	-0.229922	0.910783	0.618246	0.675543	-1	0	0	1	
7.96e-09	396	0.188876	-0.01698	0.981854	0.684301	0.670907	-1	0	0	1	
8e-09	398	-0.107332	0.0838807	0.990679	0.707387	0.686695	-1	0	0	1	
8.04e-09	400	0.0827657	0.357686	0.930167	0.690194	0.682191	-1	0	0	1	
8.08e-09	402	-0.0890705	-0.0980739	0.991185	0.694211	0.678489	-1	0	0	1	
8.12e-09	404	-0.194624	0.187613	0.962768	0.657279	0.671088	-1	0	0	1	
8.16e-09	406	0.0969902	-0.0109862	0.995225	0.70423	0.663701	-1	0	0	1	
8.2e-09	408	-0.407045	0.091609	0.908802	0.698494	0.657201	-1	0	0	1	
8.24e-09	410	-0.176795	0.0702305	0.981739	0.674099	0.683353	-1	0	0	1	
8.28e-09	412	0.263681	-0.117012	0.957487	0.719528	0.674904	-1	0	0	1	
8.32e-09	414	0.245039	0.217958	0.944696	0.646862	0.666987	-1	0	0	1	
8.36e-09	416	0.186952	-0.271077	0.944228	0.678671	0.667534	-1	0	0	1	
8.4e-09	418	-0.122377	0.057257	0.990831	0.627863	0.651821	-1	0	0	1	
8.44e-09	420	0.0109069	0.151094	0.988459	0.677491	0.659367	-1	0	0	1	
8.48e-09	422	0.251286	-0.0250436	0.967589	0.649045	0.640908	-1	0	0	1	
8.52e-09	424	-0.00600123	-0.234667	0.972057	0.658371	0.650672	-1	0	0	1	
8.56e-09	426	-0.116765	-0.163454	0.979617	0.660962	0.64357	-1	0	0	1	
8.6e-09	428	-0.239337	-0.250642	0.938028	0.652995	0.627612	-1	0	0	1	
8.64e-09	430	-0.368914	0.220139	0.903018	0.67286	0.648933	-1	0	0	1	
8.68e-09	432	0.0078923	-0.0311494	0.999484	0.65412	0.62264	-1	0	0	1	
8.72e-09	434	-0.11665	-0.358489	0.926217	0.628487	0.637002	-1	0	0	1	
8.76e-09	436	0.0486654	-0.292962	0.954885	0.589575	0.634455	-1	0	0	1	
8.8e-09	438	0.0315249	0.039192	0.998734	0.637061	0.602441	-1	0	0	1	
8.84e-09	440	0.127622	-0.0638633	0.989765	0.636725	0.642058	-1	0	0	1	
8.88e-09	442	0.184112	-0.213052	0.959537	0.591543	0.621223	-1	0	0	1	
8.92e-09	444	0.339585	-0.504982	0.793521	0.502679	0.524441	-1	0	0	1	
8.96e-09	446	-0.143341	0.129617	0.981149	0.569747	0.618294	-1	0	0	1	
9e-09	448	-0.0188331	0.0738872	-0.997089	0.622879	0.617524	-1	0	0	1	
9.04e-09	450	-0.0936212	-0.195838	-0.976157	0.544553	0.607282	-1	0	0	1	
9.08e-09	452	0.179114	0.020096	-0.983623	0.650172	0.629962	-1	0	0	1	
9.12e-09	454	0.363509	-0.257118	-0.895406	0.658012	0.610781	-1	0	0	1	
9.16e-09	456	0.0569983	0.028496	-0.997968	0.629255	0.61078	-1	0	0	1	
9.2e-09	458	-0.0448556	-0.0519385	-0.997642	0.623114	0.623922	-1	0	0	1	
9.24e-09	460	0.0286811	-0.194513	-0.98048	0.578211	0.60636	-1	0	0	1	
9.28e-09	462	0.119185	-0.0539439	-0.991406	0.527184	0.60813	-1	0	0	1	
9.32e-09	464	-0.419797	-0.255464	-0.870924	0.5892	0.600867	-1	0	0	1	
9.36e-09	466	-0.397792	0.412256	-0.819638	0.577552	0.586404	-1	0	0	1	
9.4e-09	468	0.0762033	0.0848173	-0.993478	0.611305	0.615253	-1	0	0	1	
9.44e-09	470	0.11159	0.222719	-0.968475	0.612729	0.597341	-1	0	0	1	
9.48e-09	472	0.0237442	-0.353292	-0.935212	0.57962	0.575941	-1	0	0	1	
9.52e-09	474	0.255351	0.165285	-0.952616	0.611072	0.604917	-1	0	0	1	
9.56e-09	476	0.0538038	-0.0517147	-0.997211	0.585523	0.586103	-1	0	0	1	
9.6e-09	478	-0.0543894	-0.152343	-0.98683	0.62301	0.598197	-1	0	0	1	
9.64e-09	480	0.228624	-0.0553671	-0.971939	0.514071	0.561536	-1	0	0	1	
9.68e-09	482	0.152275	-0.0228599	-0.988074	0.586792	0.588346	-1	0	0	1	
9.72e-09	484	-0.565871	-0.171375	-0.806487	0.54698	0.573715	-1	0	0	1	
9.76e-09	486	0.112803	-0.278755	-0.953714	0.591568	0.581366	-1	0	0	1	
9.8e-09	488	-0.224269	0.101624	-0.969214	0.530128	0.570674	-1	0	0	1	
9.84e-09	490	-0.353015	-0.0282911	-0.93519	0.552774	0.566041	-1	0	0	1	
9.88e-09	492	-0.0176466	-0.323341	-0.946118	0.570556	0.541532	-1	0	0	1	
9.92e-09	494	-0.137317	-0.0666792	-0.98828	0.579408	0.565677	-1	0	0	1	
9.96e-09	496	0.0039219	-0.233916	-0.972249	0.526816	0.54652	-1	0	0	1	
1e-08	498	-0.216427	-0.310033	-0.925764	0.543727	0.548039	-1	0	0	1	
1.004e-08	500	-0.256092	-0.484372	-0.836541	0.5922	0.536634	-1	0	0	1	
1.008e-08	502	-0.0796227	-0.370681	-0.925341	0.588534	0.556945	-1	0	0	1	
1.012e-08	504	-0.489407	-0.219074	-0.84409	0.537662	0.542513	-1	0	0	1	
1.016e-08	506	-0.032934	-0.424	-0.905063	0.619099	0.530273	-1	0	0	1	
1.02e-08	508	0.378158	0.090923	-0.921265	0.484132	0.528943	-1	0	0	1	
1.024e-08	510	0.00867163	-0.494949	-0.868879	0.533967	0.521883	-1	0	0	1	
1.028e-08	512	-0.191989	-0.272343	-0.942852	0.472599	0.532685	-1	0	0	1	
1.032e-08	514	0.272906	-0.0331951	-0.961468	0.515432	0.503184	-1	0	0	1	
1.036e-08	516	0.110414	-0.0381436	-0.993153	0.555591	0.518543	-1	0	0	1	
1.04e-08	518	-0.0778493	0.29265	-0.953045	0.501778	0.5042	-1	0	0	1	
1.044e-08	520	0.0294574	0.0900334	-0.995503	0.532977	0.509254	-1	0	0	1	
1.048e-08	522	0.0592793	-0.0714685	-0.99568	0.384004	0.501137	-1	0	0	1	
1.052e-08	524	-0.477516	-0.202539	-0.85496	0.487998	0.519665	-1	0	0	1	
1.056e-08	526	0.360566	0.600151	-0.714011	0.530584	0.515794	-1	0	0	1	
1.06e-08	528	-0.087336	0.142454	-0.985941	0.474904	0.497682	-1	0	0	1	
1.064e-08	530	0.274657	0.426188	-0.861932	0.486993	0.512027	-1	0	0	1	
1.068e-08	532	-0.110158	-0.191122	-0.975365	0.539384	0.491242	-1	0	0	1	
1.072e-08	534	-0.0724738	0.100556	-0.992288	0.560262	0.489525	-1	0	0	1	
1.076e-08	536	0.0784305	-0.233272	-0.969243	0.518941	0.487012	-1	0	0	1	
1.08e-08	538	-0.307803	0.181274	-0.934022	0.492552	0.476201	-1	0	0	1	
1.084e-08	540	-0.203244	-0.0212073	-0.978899	0.496532	0.477708	-1	0	0	1	
1.088e-08	542	-0.0632009	-0.146093	-0.98725	0.536782	0.45659	-1	0	0	1	
1.092e-08	544	-0.239265	-0.0917549	-0.966609	0.419799	0.473193	-1	0	0	1	
1.096e-08	546	-0.188068	-0.213657	-0.958635	0.427817	0.461989	-1	0	0	1	
1.1e-08	548	-0.219584	0.975525	-0.0116085	0.385703	0.368469	-1	0	0	1	
1.104e-08	550	0.00828615	0.226404	-0.973998	0.444506	0.443769	-1	0	0	1	
1.108e-08	552	-0.0816359	0.0595632	-0.994881	0.441155	0.427201	-1	0	0	1	
1.112e-08	554	0.147054	0.504868	-0.850578	0.450243	0.448616	-1	0	0	1	
1.116e-08	556	-0.35483	-0.34862	-0.867502	0.444631	0.399098	-1	0	0	1	
1.12e-08	558	0.650618	-0.719763	-0.242151	0.459013	0.434317	-1	0	0	1	
1.124e-08	560	0.0853637	-0.0403289	-0.995533	0.404233	0.41784	-1	0	0	1	
1.128e-08	562	-0.146297	0.344784	-0.927211	0.485116	0.389972	-1	0	0	1	
1.132e-08	564	-0.322955	0.140915	-0.935865	0.349204	0.423801	-1	0	0	1	
1.136e-08	566	-0.2533	-0.526385	-0.811639	0.435331	0.307334	-1	0	0	1	
1.14e-08	568	0.0626976	-0.461823	-0.884753	0.4385	0.372433	-1	0	0	1	
1.144e-08	570	-0.160282	0.0103692	-0.987017	0.455303	0.435448	-1	0	0	1	
1.148e-08	572	0.270733	0.437489	-0.8575	0.364674	0.398095	-1	0	0	1	
1.152e-08	574	0.699132	0.150277	-0.699021	0.397529	0.370535	-1	0	0	1	
1.156e-08	576	0.123485	0.34782	-0.929394	0.447027	0.392372	-1	0	0	1	
1.16e-08	578	-0.189532	0.0905464	-0.977691	0.269204	0.364073	-1	0	0	1	
1.164e-08	580	-0.111301	-0.306269	-0.945416	0.415169	0.334506	-1	0	0	1	
1.168e-08	582	-0.158215	0.905241	-0.394343	0.263443	0.287637	-1	0	0	1	
1.172e-08	584	-0.739873	0.631921	-0.23079	0.118955	0.324687	-1	0	0	1	
1.176e-08	586	0.545781	-0.668366	0.50538	0.3962	0.35782	-1	0	0	1	
1.18e-08	588	-0.243745	0.354364	-0.902782	0.415652	0.382303	-1	0	0	1	
1.184e-08	590	-0.183327	-0.143575	-0.972511	0.377532	0.302886	-1	0	0	1	
1.188e-08	592	-0.464678	-0.441244	-0.767709	0.407832	0.303611	-1	0	0	1	
1.192e-08	594	-0.22934	-0.276853	-0.933143	0.330835	0.346258	-1	0	0	1	
1.196e-08	596	0.290423	0.196025	-0.936605	0.25033	0.363895	-1	0	0	1	
1.2e-08	598	0.620652	0.40203	-0.673173	0.327065	0.311111	-1	0	0	1	
1.204e-08	600	-0.53161	-0.829835	-0.169601	0.1817	0.293703	-1	0	0	1	
1.208e-08	602	0.277853	0.752958	-0.596534	0.296595	0.273426	-1	0	0	1	
1.212e-08	604	0.851237	-0.482691	-0.205927	0.27116	0.298981	-1	0	0	1	
1.216e-08	606	-0.625255	0.272634	0.73125	0.31499	0.275746	-1	0	0	1	
1.22e-08	608	0.185758	-0.61799	-0.763925	0.305369	0.280888	-1	0	0	1	
1.224e-08	610	-0.145644	-0.0639173	-0.98727	0.152622	0.293872	-1	0	0	1	
1.228e-08	612	-0.831176	0.511004	0.219139	0.0777359	0.249277	-1	0	0	1	
1.232e-08	614	0.566053	0.701422	0.433117	0.25326	0.253913	-1	0	0	1	
1.236e-08	616	0.316106	0.721185	-0.616416	0.280677	0.265133	-1	0	0	1	
1.24e-08	618	0.0916841	0.992012	0.086635	0.207945	0.24227	-1	0	0	1	
1.244e-08	620	-0.407833	-0.273266	-0.871205	0.205254	0.239125	-1	0	0	1	
1.248e-08	622	0.670485	0.267782	-0.691913	0.258615	0.208754	-1	0	0	1	
1.252e-08	624	0.241135	0.197982	-0.950083	0.223914	0.21679	-1	0	0	1	
1.256e-08	626	-0.0243802	0.112796	-0.993319	0.383752	0.241008	-1	0	0	1	
1.26e-08	628	0.60153	0.664223	0.443813	0.282785	0.212406	-1	0	0	1	
1.264e-08	630	0.457616	0.508698	-0.729256	0.272437	0.209169	-1	0	0	1	
1.268e-08	632	-0.554718	0.408251	-0.724996	0.278068	0.225163	-1	0	0	1	
1.272e-08	634	-0.814618	-0.283998	0.50571	0.141294	0.190442	-1	0	0	1	
1.276e-08	636	-0.434474	-0.561698	-0.704079	0.191007	0.237481	-1	0	0	1	
1.28e-08	638	-0.0877073	-0.0681777	0.99381	0.0890229	0.176424	-1	0	0	1	
1.284e-08	640	-0.627028	0.710327	-0.319798	0.19117	0.192977	-1	0	0	1	
1.288e-08	642	-0.237767	-0.514396	0.823932	0.0809787	0.19685	-1	0	0	1	
1.292e-08	644	0.106356	-0.461292	0.880851	0.29866	0.230437	-1	0	0	1	
1.296e-08	646	0.544177	0.824149	0.157	0.210896	0.193263	-1	0	0	1	
1.3e-08	648	0.67934	0.482505	-0.552888	0.301107	0.192945	-1	0	0	1	
1.304e-08	650	-0.0269787	0.149568	-0.988383	0.189103	0.220671	-1	0	0	1	
1.308e-08	652	-0.0445805	0.946396	0.319917	0.0806028	0.152394	-1	0	0	1	
1.312e-08	654	-0.496709	-0.343331	-0.797122	0.163901	0.18287	-1	0	0	1	
1.316e-08	656	0.171644	-0.0599378	-0.983334	0.248858	0.175021	-1	0	0	1	
1.32e-08	658	0.177353	-0.196467	-0.964337	0.237883	0.176201	-1	0	0	1	
1.324e-08	660	0.574561	0.793576	-0.200291	0.0642766	0.152431	-1	0	0	1	
1.328e-08	662	0.638318	-0.1274	-0.759157	0.152615	0.125961	-1	0	0	1	
1.332e-08	664	-0.0711003	-0.481932	-0.873319	0.0260879	0.143732	-1	0	0	1	
1.336e-08	666	0.801488	-0.564434	0.19756	0.102717	0.168344	-1	0	0	1	
1.34e-08	668	-0.170899	0.766598	0.618968	0.100893	0.142013	-1	0	0	1	
1.344e-08	670	0.440182	0.476477	-0.761058	0.166364	0.142908	-1	0	0	1	
1.348e-08	672	0.264921	0.373231	-0.889109	0.181448	0.131471	-1	0	0	1	
1.352e-08	674	-0.0139131	0.542604	-0.839874	0.222313	0.181765	-1	0	0	1	
1.356e-08	676	-0.919449	0.0854671	-0.383808	0.164736	0.141614	-1	0	0	1	
1.36e-08	678	-0.0894335	0.212572	0.973044	0.134927	0.126441	-1	0	0	1	
1.364e-08	680	-0.474396	-0.871151	-0.126667	0.121781	0.145585	-1	0	0	1	
1.368e-08	682	-0.994923	0.0505115	-0.0870481	0.0911805	0.140142	-1	0	0	1	
1.372e-08	684	-0.450853	-0.187901	-0.872596	0.106022	0.127819	-1	0	0	1	
1.376e-08	686	0.628908	0.220636	-0.745516	0.177682	0.134747	-1	0	0	1	
1.38e-08	688	-0.346412	-0.316213	-0.883181	0.128175	0.0866777	-1	0	0	1	
1.384e-08	690	-0.405645	0.223299	0.886335	0.0785205	0.119491	-1	0	0	1	
1.388e-08	692	0.491424	-0.640579	0.590052	0.139745	0.140852	-1	0	0	1	
1.392e-08	694	-0.785769	0.0426811	0.617046	0.175721	0.143491	-1	0	0	1	
1.396e-08	696	0.812804	-0.397714	0.425644	0.137865	0.104998	-1	0	0	1	
1.4e-08	698	0.481437	0.602999	0.63609	0.0914039	0.119076	-1	0	0	1	
1.404e-08	700	-0.0139523	0.999886	0.00573894	0.175593	0.114264	-1	0	0	1	
1.408e-08	702	0.957784	0.100015	-0.26953	0.132487	0.126363	-1	0	0	1	
1.412e-08	704	0.316055	-0.519385	0.793945	0.151452	0.118931	-1	0	0	1	
1.416e-08	706	-0.45776	-0.64306	-0.613946	0.0669981	0.106703	-1	0	0	1	
1.42e-08	708	-0.374617	0.333378	-0.865171	0.104155	0.138532	-1	0	0	1	
1.424e-08	710	0.611222	-0.673884	0.415076	0.0210069	0.0899903	-1	0	0	1	
1.428e-08	712	-0.45185	0.887669	0.0887448	0.0665842	0.113896	-1	0	0	1	
1.432e-08	714	0.524454	-0.488357	-0.697463	0.163124	0.120666	-1	0	0	1	
1.436e-08	716	-0.453858	-0.645287	-0.614506	0.111008	0.0717534	-1	0	0	1	
1.44e-08	718	-0.725529	0.687905	-0.0198899	0.0750302	0.124874	-1	0	0	1	
1.444e-08	720	-0.562008	-0.722193	-0.403217	0.0719491	0.111449	-1	0	0	1	
1.448e-08	722	0.297531	0.156787	0.94175	0.0516923	0.102731	-1	0	0	1	
1.452e-08	724	-0.653375	0.700214	0.287752	0.157253	0.110708	-1	0	0	1	
1.456e-08	726	0.206594	-0.0681698	0.976049	0.0860972	0.115112	-1	0	0	1	
1.46e-08	728	-0.0506521	0.449595	-0.891795	0.126839	0.122518	-1	0	0	1	
1.464e-08	730	0.96415	-0.0468673	-0.261186	0.0758551	0.0652952	-1	0	0	1	
1.468e-08	732	-0.0527852	0.406515	0.912118	0.0493511	0.100619	-1	0	0	1	
1.472e-08	734	-0.219825	-0.0636412	0.973461	0.108396	0.0935442	-1	0	0	1	
1.476e-08	736	-0.93592	0.32282	0.140854	0.0745526	0.10691	-1	0	0	1	
1.48e-08	738	-0.505278	0.851083	0.142662	0.0782524	0.107953	-1	0	0	1	
1.484e-08	740	-0.184178	0.872631	-0.452321	0.133947	0.124105	-1	0	0	1	
1.488e-08	742	0.273523	-0.946535	-0.171048	0.0656463	0.102407	-1	0	0	1	
1.492e-08	744	0.0899778	-0.94552	0.312884	0.0752834	0.107846	-1	0	0	1	
1.496e-08	746	0.237955	0.875804	0.419935	0.123863	0.0902367	-1	0	0	1	
1.5e-08	748	-0.279088	-0.751235	-0.598127	0.119329	0.09334	-1	0	0	1	
1.504e-08	750	0.693048	-0.575825	0.433717	0.136614	0.0861101	-1	0	0	1	
1.508e-08	752	0.667262	0.0790823	-0.740613	0.0493445	0.0891881	-1	0	0	1	
1.512e-08	754	0.450373	0.775994	-0.441585	0.0851137	0.0923802	-1	0	0	1	
1.516e-08	756	0.878759	0.412014	0.240889	0.0894271	0.0908719	-1	0	0	1	
1.52e-08	758	0.179583	-0.982931	0.0399578	0.142656	0.099832	-1	0	0	1	
1.524e-08	760	-0.80239	-0.595678	0.0365877	0.162448	0.0932077	-1	0	0	1	
1.528e-08	762	0.142287	-0.318606	0.937147	0.0324773	0.0834361	-1	0	0	1	
1.532e-08	764	0.773321	0.111066	-0.624211	0.121579	0.0896768	-1	0	0	1	
1.536e-08	766	0.78028	-0.606016	-0.154621	0.100794	0.0911809	-1	0	0	1	
1.54e-08	768	0.353444	0.177297	-0.918501	0.0410191	0.109908	-1	0	0	1	
1.544e-08	770	0.942473	-0.28944	-0.167242	0.10308	0.0838922	-1	0	0	1	
1.548e-08	772	-0.0931594	0.520904	-0.848516	0.0710806	0.0997751	-1	0	0	1	
1.552e-08	774	-0.755632	0.160113	0.635126	0.0626626	0.0829634	-1	0	0	1	
1.556e-08	776	-0.230746	0.97251	0.0313186	0.0407073	0.0732283	-1	0	0	1	
1.56e-08	778	0.0250352	-0.218794	-0.97545	0.0759905	0.106281	-1	0	0	1	
1.564e-08	780	-0.876477	0.182891	0.445353	0.116079	0.0874022	-1	0	0	1	
1.568e-08	782	-0.0477561	0.929762	0.365052	0.100725	0.112633	-1	0	0	1	
1.572e-08	784	0.645082	-0.108296	-0.7564	0.031234	0.0880343	-1	0	0	1	
1.576e-08	786	0.504003	0.539564	0.674426	0.039998	0.064681	-1	0	0	1	
1.58e-08	788	-0.00103423	0.39276	-0.919641	0.0716947	0.0661775	-1	0	0	1	
1.584e-08	790	-0.630954	0.736478	-0.24392	0.0679013	0.0922409	-1	0	0	1	
1.588e-08	792	-0.202765	-0.215105	-0.955309	0.0545004	0.0696641	-1	0	0	1	
1.592e-08	794	0.930806	0.292692	-0.218931	0.0320204	0.081643	-1	0	0	1	
1.596e-08	796	-0.114945	-0.975251	-0.188871	0.0690452	0.0904309	-1	0	0	1	
1.6e-08	798	0.638881	-0.280938	-0.716174	0.0146855	0.0588319	-1	0	0	1	
1.604e-08	800	-0.963092	0.210827	-0.16735	0.108632	0.112069	-1	0	0	1	
1.608e-08	802	0.867517	0.271074	0.417053	0.0297284	0.0750733	-1	0	0	1	
1.612e-08	804	0.210308	-0.0827154	0.97413	0.111495	0.0982878	-1	0	0	1	
1.616e-08	806	-0.4003	-0.774024	-0.490557	0.0792738	0.0822354	-1	0	0	1	
1.62e-08	808	0.0901313	-0.781789	-0.616994	0.129672	0.093447	-1	0	0	1	
1.624e-08	810	-0.346049	0.271027	0.898217	0.0539702	0.0555996	-1	0	0	1	
1.628e-08	812	-0.624931	0.15371	0.765398	0.0708754	0.0675195	-1	0	0	1	
1.632e-08	814	-0.0673056	0.54714	0.834331	0.0873548	0.102519	-1	0	0	1	
1.636e-08	816	-0.111391	0.741553	0.661582	0.0511436	0.0712519	-1	0	0	1	
1.64e-08	818	-0.573646	-0.348473	-0.741281	0.0461368	0.0722738	-1	0	0	1	
1.644e-08	820	-0.135105	-0.450432	-0.882529	0.0744943	0.0550096	-1	0	0	1	
1.648e-08	822	-0.862173	0.376979	-0.338444	0.071562	0.0703464	-1	0	0	1	
1.652e-08	824	-0.180459	0.944312	-0.275152	0.0780752	0.073886	-1	0	0	1	
1.656e-08	826	0.194817	0.337539	-0.920931	0.0838703	0.0760874	-1	0	0	1	
1.66e-08	828	-0.906096	-0.341864	-0.249237	0.046952	0.0759598	-1	0	0	1	
1.664e-08	830	0.205249	0.625612	0.75265	0.0359645	0.0700554	-1	0	0	1	
1.668e-08	832	0.98658	-0.0624813	-0.150853	0.106125	0.0794118	-1	0	0	1	
1.672e-08	834	0.651395	-0.438461	0.619222	0.0345664	0.0683544	-1	0	0	1	
1.676e-08	836	-0.814837	0.278443	-0.508439	0.138758	0.0871572	-1	0	0	1	
1.68e-08	838	0.140742	-0.859951	-0.490587	0.0723215	0.0781295	-1	0	0	1	
1.684e-08	840	0.799711	0.580097	0.154757	0.113084	0.0950174	-1	0	0	1	
1.688e-08	842	-0.362794	-0.453891	0.813857	0.0439188	0.0619572	-1	0	0	1	
1.692e-08	844	-0.0621024	0.960409	-0.271584	0.066928	0.0680363	-1	0	0	1	
1.696e-08	846	-0.751686	-0.608308	-0.254812	0.0866216	0.0827465	-1	0	0	1	
1.7e-08	848	-0.324711	0.461707	-0.825463	0.0396759	0.0688358	-1	0	0	1	
1.704e-08	850	0.649809	-0.720843	-0.241108	0.0453724	0.0637725	-1	0	0	1	
1.708e-08	852	0.0417977	0.908175	0.416498	0.0616625	0.0693637	-1	0	0	1	
1.712e-08	854	-0.467246	0.884028	0.0132568	0.083114	0.0587376	-1	0	0	1	
1.716e-08	856	-0.642438	-0.617041	0.454459	0.0954187	0.0705547	-1	0	0	1	
1.72e-08	858	-0.881048	0.457431	0.120465	0.0295819	0.0689595	-1	0	0	1	
1.724e-08	860	-0.355021	-0.154379	-0.922024	0.0329203	0.0631399	-1	0	0	1	
1.728e-08	862	0.796435	-0.297735	0.526351	0.0667501	0.0723195	-1	0	0	1	
1.732e-08	864	-0.567876	0.531484	0.628523	0.0297193	0.0646266	-1	0	0	1	
1.736e-08	866	-0.378337	0.2685	-0.885872	0.063625	0.0738915	-1	0	0	1	
1.74e-08	868	0.220012	-0.860494	-0.459504	0.0353368	0.0470991	-1	0	0	1	
1.744e-08	870	0.983719	0.05685	-0.170487	0.0315914	0.0613514	-1	0	0	1	
1.748e-08	872	-0.92725	0.360457	-0.101384	0.0738497	0.0712732	-1	0	0	1	
1.752e-08	874	-0.393214	-0.877873	0.273351	0.0484036	0.0708122	-1	0	0	1	
1.756e-08	876	-0.903081	0.142966	-0.404975	0.0607508	0.0835172	-1	0	0	1	
1.76e-08	878	0.482814	-0.410681	-0.773454	0.0573909	0.0754158	-1	0	0	1	
1.764e-08	880	-0.286909	0.877222	0.384923	0.115944	0.0593122	-1	0	0	1	
1.768e-08	882	-0.515482	0.764478	0.387107	0.0448821	0.0562161	-1	0	0	1	
1.772e-08	884	-0.319486	0.544635	0.775436	0.128521	0.0763819	-1	0	0	1	
1.776e-08	886	-0.285686	0.0286857	-0.957894	0.0719299	0.0746088	-1	0	0	1	
1.78e-08	888	-0.537456	0.472299	-0.698623	0.07854	0.0766184	-1	0	0	1	
1.784e-08	890	0.756064	0.414081	0.506858	0.0838857	0.0557252	-1	0	0	1	
1.788e-08	892	-0.554877	-0.0445319	-0.830739	0.0453146	0.0502353	-1	0	0	1	
1.792e-08	894	0.107527	-0.317669	0.942085	0.0400454	0.0601698	-1	0	0	1	
1.796e-08	896	0.16807	-0.44156	-0.88135	0.0992029	0.0638502	-1	0	0	1	
1.8e-08	898	0.856699	-0.272065	0.438232	0.0396752	0.0686999	-1	0	0	1	
1.804e-08	900	0.465745	0.780614	0.416801	0.0466914	0.0559497	-1	0	0	1	
