#----------------------------------------------------------------------------------------------------------------------------------------------------------
# Output file for vampire simulation
#   time       : 2022-02-13 15:18:55     process id : 75176
#   hostname   : compute-0-1.local
#   path       : /home/MINT_SS/luknam/BER/WS_dia5/Thickness10/size_9.0_9.0_10nm/Temp_900/random_1
#----------------------------------------------------------------------------------------------------------------------------------------------------------
4e-11	0	4.06274e-06	-1.0284e-07	1	1	1	-1	0	0	1	
8e-11	2	0.00227945	0.000112606	0.999997	0.998974	0.99898	-1	0	0	1	
1.2e-10	4	0.000172853	-0.000645178	1	0.997946	0.997939	-1	0	0	1	
1.6e-10	6	-0.00476705	0.00163095	0.999987	0.996872	0.996918	-1	0	0	1	
2e-10	8	-0.00223804	0.00404072	0.999989	0.995784	0.995889	-1	0	0	1	
2.4e-10	10	-0.00284835	0.00177658	0.999994	0.994859	0.994866	-1	0	0	1	
2.8e-10	12	-0.00210135	0.00110267	0.999997	0.993802	0.993821	-1	0	0	1	
3.2e-10	14	-0.00432087	-0.00574153	0.999974	0.992825	0.992797	-1	0	0	1	
3.6e-10	16	-0.00829792	-0.00322661	0.99996	0.991842	0.991787	-1	0	0	1	
4e-10	18	0.00424032	0.00548914	0.999976	0.990879	0.990658	-1	0	0	1	
4.4e-10	20	0.000224206	-0.000999172	0.999999	0.989605	0.989616	-1	0	0	1	
4.8e-10	22	-0.00911124	-0.00102025	0.999958	0.98876	0.98867	-1	0	0	1	
5.2e-10	24	-0.00621396	0.00161343	0.999979	0.987344	0.987569	-1	0	0	1	
5.6e-10	26	0.00746144	-0.00214993	0.99997	0.986461	0.986571	-1	0	0	1	
6e-10	28	-0.00522891	0.000689658	0.999986	0.985318	0.985424	-1	0	0	1	
6.4e-10	30	0.0062764	0.00649642	0.999959	0.984207	0.984361	-1	0	0	1	
6.8e-10	32	-0.00133054	0.00503084	0.999986	0.983214	0.98342	-1	0	0	1	
7.2e-10	34	0.00208142	2.95357e-05	0.999998	0.982861	0.982371	-1	0	0	1	
7.6e-10	36	-0.0032115	-0.0030328	0.99999	0.981564	0.981262	-1	0	0	1	
8e-10	38	-0.0139655	-0.00308305	0.999898	0.980481	0.980211	-1	0	0	1	
8.4e-10	40	-0.00939194	-0.00877671	0.999917	0.979653	0.979161	-1	0	0	1	
8.8e-10	42	-0.000542843	0.0123692	0.999923	0.978165	0.978194	-1	0	0	1	
9.2e-10	44	0.00548869	0.0170845	0.999839	0.977288	0.977173	-1	0	0	1	
9.6e-10	46	0.00643298	-0.00217448	0.999977	0.976026	0.975995	-1	0	0	1	
1e-09	48	0.0029085	-0.00268661	0.999992	0.974265	0.974877	-1	0	0	1	
1.04e-09	50	-0.0137056	-0.00958706	0.99986	0.973774	0.973851	-1	0	0	1	
1.08e-09	52	-0.00936017	0.000409016	0.999956	0.972638	0.97281	-1	0	0	1	
1.12e-09	54	-0.00565205	-0.00131925	0.999983	0.971901	0.971792	-1	0	0	1	
1.16e-09	56	-0.00992222	-0.00297872	0.999946	0.971226	0.970588	-1	0	0	1	
1.2e-09	58	-0.00734412	0.00776041	0.999943	0.968989	0.969637	-1	0	0	1	
1.24e-09	60	-0.00218021	0.0119163	0.999927	0.96863	0.968486	-1	0	0	1	
1.28e-09	62	0.00485293	-0.0039443	0.99998	0.967597	0.967419	-1	0	0	1	
1.32e-09	64	-0.00645316	-0.0120462	0.999907	0.966948	0.966735	-1	0	0	1	
1.36e-09	66	0.00451239	-0.0109196	0.99993	0.964889	0.965405	-1	0	0	1	
1.4e-09	68	0.0190067	0.00419849	0.999811	0.963995	0.964126	-1	0	0	1	
1.44e-09	70	0.00290646	-0.0109223	0.999936	0.962944	0.963122	-1	0	0	1	
1.48e-09	72	-0.00651346	0.0140754	0.99988	0.961617	0.961715	-1	0	0	1	
1.52e-09	74	0.00327872	-0.00168343	0.999993	0.959838	0.960895	-1	0	0	1	
1.56e-09	76	-0.0222859	0.0073631	0.999725	0.959912	0.960033	-1	0	0	1	
1.6e-09	78	-0.00118914	-0.000821586	0.999999	0.958659	0.958673	-1	0	0	1	
1.64e-09	80	0.00892645	0.0152633	0.999844	0.957768	0.957712	-1	0	0	1	
1.68e-09	82	0.00553329	0.000595973	0.999985	0.957726	0.956764	-1	0	0	1	
1.72e-09	84	-0.00653925	-0.023633	0.999699	0.955373	0.955556	-1	0	0	1	
1.76e-09	86	-0.0108259	-0.00695613	0.999917	0.95407	0.954237	-1	0	0	1	
1.8e-09	88	-0.00223362	-0.00793141	0.999966	0.953299	0.953113	-1	0	0	1	
1.84e-09	90	-0.015061	-0.00115196	0.999886	0.952816	0.952454	-1	0	0	1	
1.88e-09	92	-0.011639	-0.00318763	0.999927	0.949691	0.950914	-1	0	0	1	
1.92e-09	94	-0.0178228	-0.00147962	0.99984	0.949874	0.949851	-1	0	0	1	
1.96e-09	96	-0.00270812	0.000908165	0.999996	0.949829	0.948705	-1	0	0	1	
2e-09	98	0.00131655	0.000492056	0.999999	0.947783	0.947645	-1	0	0	1	
2.04e-09	100	-0.0233681	-0.0192362	0.999542	0.946714	0.946732	-1	0	0	1	
2.08e-09	102	0.00702648	-0.022358	0.999725	0.944684	0.944947	-1	0	0	1	
2.12e-09	104	0.00469739	0.0419667	0.999108	0.943488	0.944109	-1	0	0	1	
2.16e-09	106	0.00200012	0.00911558	0.999956	0.94421	0.943558	-1	0	0	1	
2.2e-09	108	-0.00488735	0.00577042	0.999971	0.942009	0.941905	-1	0	0	1	
2.24e-09	110	0.0135313	-0.00204348	0.999906	0.942098	0.94117	-1	0	0	1	
2.28e-09	112	-0.00321919	0.0171511	0.999848	0.940152	0.940188	-1	0	0	1	
2.32e-09	114	0.0284596	-0.0126861	0.999514	0.939025	0.938726	-1	0	0	1	
2.36e-09	116	0.00958944	-0.00439531	0.999944	0.936913	0.937397	-1	0	0	1	
2.4e-09	118	0.0114482	-0.0218225	0.999696	0.937357	0.937033	-1	0	0	1	
2.44e-09	120	0.00369476	0.0112354	0.99993	0.936947	0.935774	-1	0	0	1	
2.48e-09	122	0.000769387	0.0152895	0.999883	0.934883	0.93443	-1	0	0	1	
2.52e-09	124	-0.00271179	0.00235347	0.999994	0.93294	0.932927	-1	0	0	1	
2.56e-09	126	-0.0218478	-0.0157737	0.999637	0.931481	0.931728	-1	0	0	1	
2.6e-09	128	-0.00553378	0.00428558	0.999976	0.931575	0.930817	-1	0	0	1	
2.64e-09	130	0.00896495	0.00748371	0.999932	0.929078	0.929244	-1	0	0	1	
2.68e-09	132	0.00338665	0.0139157	0.999897	0.928618	0.928725	-1	0	0	1	
2.72e-09	134	0.0130684	0.0271273	0.999547	0.928441	0.92751	-1	0	0	1	
2.76e-09	136	0.0143797	-0.000993082	0.999896	0.925746	0.925849	-1	0	0	1	
2.8e-09	138	0.00816689	-0.0109321	0.999907	0.92456	0.924403	-1	0	0	1	
2.84e-09	140	-0.0163935	-0.0156992	0.999742	0.924235	0.924151	-1	0	0	1	
2.88e-09	142	-0.0173869	0.00727795	0.999822	0.923618	0.922676	-1	0	0	1	
2.92e-09	144	0.0192985	0.0237054	0.999533	0.922128	0.921434	-1	0	0	1	
2.96e-09	146	-0.0122322	0.0010644	0.999925	0.920694	0.920533	-1	0	0	1	
3e-09	148	-0.00441505	-0.0131835	0.999903	0.920495	0.919386	-1	0	0	1	
3.04e-09	150	-0.0100102	0.00307721	0.999945	0.91769	0.91837	-1	0	0	1	
3.08e-09	152	-0.0119634	-0.0394437	0.99915	0.918849	0.917251	-1	0	0	1	
3.12e-09	154	0.0155173	0.00156059	0.999878	0.914447	0.915356	-1	0	0	1	
3.16e-09	156	0.0122095	-0.0142528	0.999824	0.914366	0.914135	-1	0	0	1	
3.2e-09	158	0.0194987	-0.0111276	0.999748	0.913494	0.913824	-1	0	0	1	
3.24e-09	160	0.0140257	0.00997171	0.999852	0.910831	0.912273	-1	0	0	1	
3.28e-09	162	-0.0050212	-0.0159921	0.99986	0.909102	0.910869	-1	0	0	1	
3.32e-09	164	0.018948	0.0120745	0.999748	0.907843	0.909612	-1	0	0	1	
3.36e-09	166	0.0223821	0.0260971	0.999409	0.908433	0.908647	-1	0	0	1	
3.4e-09	168	-0.00628231	-0.0265699	0.999627	0.905487	0.90714	-1	0	0	1	
3.44e-09	170	0.0178149	-0.0176769	0.999685	0.90504	0.905964	-1	0	0	1	
3.48e-09	172	0.0119446	0.00210301	0.999926	0.904859	0.904736	-1	0	0	1	
3.52e-09	174	-0.0181535	-0.0027833	0.999831	0.904043	0.904156	-1	0	0	1	
3.56e-09	176	0.0210557	0.0166075	0.99964	0.904982	0.902879	-1	0	0	1	
3.6e-09	178	-0.0187134	-0.0174338	0.999673	0.902662	0.901583	-1	0	0	1	
3.64e-09	180	-0.00246684	-0.0059755	0.999979	0.899742	0.900647	-1	0	0	1	
3.68e-09	182	-0.016344	-0.00616923	0.999847	0.897429	0.898789	-1	0	0	1	
3.72e-09	184	0.00488527	-0.0081588	0.999955	0.89667	0.898344	-1	0	0	1	
3.76e-09	186	-0.0157239	0.0166488	0.999738	0.897282	0.896542	-1	0	0	1	
3.8e-09	188	0.0209011	0.0212058	0.999557	0.895834	0.89521	-1	0	0	1	
3.84e-09	190	0.00958734	-0.0197285	0.999759	0.895491	0.893899	-1	0	0	1	
3.88e-09	192	0.00478443	0.00505474	0.999976	0.894907	0.893292	-1	0	0	1	
3.92e-09	194	-0.00183663	-0.00927845	0.999955	0.894091	0.892022	-1	0	0	1	
3.96e-09	196	-0.0150635	0.0231293	0.999619	0.888965	0.890179	-1	0	0	1	
4e-09	198	0.0313964	0.0346733	0.998905	0.889108	0.889043	-1	0	0	1	
4.04e-09	200	-0.0050739	-0.00112853	0.999986	0.888793	0.88816	-1	0	0	1	
4.08e-09	202	0.0365679	-0.0162422	0.999199	0.887985	0.886181	-1	0	0	1	
4.12e-09	204	-0.0353835	0.0088565	0.999335	0.886554	0.885621	-1	0	0	1	
4.16e-09	206	0.0147108	0.0170079	0.999747	0.879827	0.883642	-1	0	0	1	
4.2e-09	208	-0.00898042	-0.00983029	0.999911	0.880517	0.882102	-1	0	0	1	
4.24e-09	210	-0.0232532	-0.0130921	0.999644	0.881733	0.882445	-1	0	0	1	
4.28e-09	212	0.00672136	-0.0206228	0.999765	0.876369	0.88025	-1	0	0	1	
4.32e-09	214	-0.0191045	-0.0252932	0.999498	0.876865	0.879299	-1	0	0	1	
4.36e-09	216	0.0165062	0.0306846	0.999393	0.874194	0.877505	-1	0	0	1	
4.4e-09	218	-0.00344508	-0.0268701	0.999633	0.878021	0.877049	-1	0	0	1	
4.44e-09	220	0.0184235	0.00990819	0.999781	0.870401	0.875035	-1	0	0	1	
4.48e-09	222	-0.00885318	0.0248882	0.999651	0.876465	0.875267	-1	0	0	1	
4.52e-09	224	0.00703851	0.0318629	0.999467	0.870399	0.872414	-1	0	0	1	
4.56e-09	226	0.0153074	-0.0211354	0.999659	0.86955	0.870782	-1	0	0	1	
4.6e-09	228	-0.0111597	0.000465501	0.999938	0.870955	0.87002	-1	0	0	1	
4.64e-09	230	0.0216753	0.0575439	0.998108	0.871423	0.868533	-1	0	0	1	
4.68e-09	232	-0.00651855	-0.00631017	0.999959	0.865823	0.867232	-1	0	0	1	
4.72e-09	234	-0.017307	0.000231727	0.99985	0.865845	0.86614	-1	0	0	1	
4.76e-09	236	0.0292957	0.0130219	0.999486	0.866816	0.865114	-1	0	0	1	
4.8e-09	238	-0.010588	0.0466977	0.998853	0.860195	0.863765	-1	0	0	1	
4.84e-09	240	-0.0152054	-0.00297964	0.99988	0.862714	0.861906	-1	0	0	1	
4.88e-09	242	-0.0158155	0.00216497	0.999873	0.861293	0.860874	-1	0	0	1	
4.92e-09	244	-0.00149846	0.0424754	0.999096	0.860723	0.859794	-1	0	0	1	
4.96e-09	246	0.0240942	-0.0107158	0.999652	0.860085	0.858835	-1	0	0	1	
5e-09	248	-0.0126552	-0.0265134	0.999568	0.856223	0.856738	-1	0	0	1	
5.04e-09	250	0.0275989	0.00705959	0.999594	0.860763	0.85542	-1	0	0	1	
5.08e-09	252	-0.00507629	-0.011431	0.999922	0.856822	0.854497	-1	0	0	1	
5.12e-09	254	0.00125628	0.0224346	0.999748	0.855078	0.852842	-1	0	0	1	
5.16e-09	256	0.0466819	-0.00983661	0.998861	0.850967	0.852628	-1	0	0	1	
5.2e-09	258	-0.0226936	0.00668269	0.99972	0.850887	0.850554	-1	0	0	1	
5.24e-09	260	-0.0253744	0.0115311	0.999612	0.850911	0.848858	-1	0	0	1	
5.28e-09	262	-0.0220556	0.0102431	0.999704	0.850533	0.848569	-1	0	0	1	
5.32e-09	264	0.0326758	-0.0226658	0.999209	0.850559	0.847733	-1	0	0	1	
5.36e-09	266	-0.016542	-0.00887491	0.999824	0.846461	0.84512	-1	0	0	1	
5.4e-09	268	0.000323939	-0.00451524	0.99999	0.845467	0.84461	-1	0	0	1	
5.44e-09	270	0.0316948	-0.0186154	0.999324	0.843078	0.842637	-1	0	0	1	
5.48e-09	272	-0.00592498	-0.00676283	0.99996	0.839095	0.840277	-1	0	0	1	
5.52e-09	274	-0.0121642	-0.0110447	0.999865	0.838983	0.840102	-1	0	0	1	
5.56e-09	276	0.018172	-0.0446084	0.998839	0.840142	0.838299	-1	0	0	1	
5.6e-09	278	0.0170878	0.00198614	0.999852	0.833266	0.83799	-1	0	0	1	
5.64e-09	280	0.0466768	0.00197763	0.998908	0.834599	0.836285	-1	0	0	1	
5.68e-09	282	-0.0361195	-0.00158764	0.999346	0.836634	0.834251	-1	0	0	1	
5.72e-09	284	0.0219457	-0.0147756	0.99965	0.83188	0.83262	-1	0	0	1	
5.76e-09	286	-0.0170031	-0.0276096	0.999474	0.834838	0.83173	-1	0	0	1	
5.8e-09	288	-0.00856964	0.0390704	0.9992	0.830218	0.828889	-1	0	0	1	
5.84e-09	290	0.00789052	-0.0165775	0.999831	0.831204	0.827553	-1	0	0	1	
5.88e-09	292	0.0248477	-0.020522	0.999481	0.82549	0.82778	-1	0	0	1	
5.92e-09	294	-0.0254535	-0.0580624	0.997988	0.82477	0.824156	-1	0	0	1	
5.96e-09	296	-0.00526444	-0.0498396	0.998743	0.822809	0.823483	-1	0	0	1	
6e-09	298	0.00223622	0.0252373	0.999679	0.823095	0.82241	-1	0	0	1	
6.04e-09	300	0.0256811	-0.0332604	0.999117	0.825154	0.822592	-1	0	0	1	
6.08e-09	302	-0.0646874	-0.0104678	0.997851	0.820707	0.820868	-1	0	0	1	
6.12e-09	304	-0.00297163	0.000978196	0.999995	0.817082	0.819296	-1	0	0	1	
6.16e-09	306	0.00388014	-0.0150068	0.99988	0.81648	0.816469	-1	0	0	1	
6.2e-09	308	0.0444425	-0.0174958	0.998859	0.808928	0.815344	-1	0	0	1	
6.24e-09	310	0.0189693	-0.0475229	0.99869	0.815072	0.815111	-1	0	0	1	
6.28e-09	312	0.0220678	-0.044229	0.998778	0.812434	0.812416	-1	0	0	1	
6.32e-09	314	0.00349486	0.0091765	0.999952	0.81114	0.810475	-1	0	0	1	
6.36e-09	316	0.000908913	0.04371	0.999044	0.810981	0.808662	-1	0	0	1	
6.4e-09	318	0.0167222	0.0783114	0.996789	0.807085	0.808359	-1	0	0	1	
6.44e-09	320	0.0119187	0.0140613	0.99983	0.804463	0.806146	-1	0	0	1	
6.48e-09	322	0.00950135	0.0329308	0.999412	0.80483	0.805189	-1	0	0	1	
6.52e-09	324	-0.00971011	-0.0304133	0.99949	0.802992	0.803596	-1	0	0	1	
6.56e-09	326	-0.0275829	0.00829605	0.999585	0.802596	0.803045	-1	0	0	1	
6.6e-09	328	0.0203642	-0.0249889	0.99948	0.80017	0.801504	-1	0	0	1	
6.64e-09	330	-0.0157685	0.0166274	0.999737	0.799831	0.800042	-1	0	0	1	
6.68e-09	332	-0.0121991	-0.0331034	0.999377	0.796881	0.797336	-1	0	0	1	
6.72e-09	334	0.0352469	0.0271889	0.999009	0.793867	0.795954	-1	0	0	1	
6.76e-09	336	-0.00406613	0.000294717	0.999992	0.800449	0.795307	-1	0	0	1	
6.8e-09	338	0.00650441	0.0276367	0.999597	0.79158	0.7945	-1	0	0	1	
6.84e-09	340	0.0221238	-0.0212056	0.99953	0.792741	0.79103	-1	0	0	1	
6.88e-09	342	-0.0513051	-0.000930373	0.998683	0.7906	0.79061	-1	0	0	1	
6.92e-09	344	0.0244767	-0.0336792	0.999133	0.782781	0.787445	-1	0	0	1	
6.96e-09	346	-0.00249607	-0.0186938	0.999822	0.785259	0.78889	-1	0	0	1	
7e-09	348	-0.0443217	-0.012992	0.998933	0.789912	0.786966	-1	0	0	1	
7.04e-09	350	0.00109849	-0.0210635	0.999778	0.78354	0.783946	-1	0	0	1	
7.08e-09	352	-0.0189038	0.0181633	0.999656	0.783032	0.782477	-1	0	0	1	
7.12e-09	354	-0.0379562	0.0236734	0.998999	0.782859	0.780607	-1	0	0	1	
7.16e-09	356	-0.0221476	0.0683598	0.997415	0.777215	0.779005	-1	0	0	1	
7.2e-09	358	0.0220455	-0.0161418	0.999627	0.777834	0.776874	-1	0	0	1	
7.24e-09	360	0.00540042	-0.0345484	0.999388	0.77704	0.77708	-1	0	0	1	
7.28e-09	362	0.035317	-0.0130797	0.999291	0.775506	0.775531	-1	0	0	1	
7.32e-09	364	-0.0361449	0.00571488	0.99933	0.775539	0.7734	-1	0	0	1	
7.36e-09	366	0.0195228	-0.0216333	0.999575	0.772033	0.770794	-1	0	0	1	
7.4e-09	368	0.0166647	-0.00553038	0.999846	0.768158	0.769358	-1	0	0	1	
7.44e-09	370	-0.00855133	-0.00142851	0.999962	0.769472	0.769391	-1	0	0	1	
7.48e-09	372	-0.0106887	-0.0375818	0.999236	0.766263	0.767116	-1	0	0	1	
7.52e-09	374	-0.0201617	-0.0150408	0.999684	0.76603	0.766346	-1	0	0	1	
7.56e-09	376	-0.0279697	-0.0289825	0.999189	0.759939	0.761013	-1	0	0	1	
7.6e-09	378	0.0095233	-0.00153015	0.999953	0.762219	0.76216	-1	0	0	1	
7.64e-09	380	-0.0155751	0.00211292	0.999876	0.761938	0.760468	-1	0	0	1	
7.68e-09	382	-0.0389359	-0.0428169	0.998324	0.75436	0.757474	-1	0	0	1	
7.72e-09	384	-0.0167226	-0.025855	0.999526	0.761865	0.755986	-1	0	0	1	
7.76e-09	386	-0.00360615	-0.0263782	0.999646	0.754743	0.755616	-1	0	0	1	
7.8e-09	388	-0.0272755	-0.0458603	0.998575	0.751583	0.751667	-1	0	0	1	
7.84e-09	390	0.0120541	0.0308319	0.999452	0.754848	0.749612	-1	0	0	1	
7.88e-09	392	-0.0161728	0.0178543	0.99971	0.751956	0.750761	-1	0	0	1	
7.92e-09	394	0.0612027	-0.0223806	0.997874	0.743832	0.749546	-1	0	0	1	
7.96e-09	396	0.0010171	-0.0232034	0.99973	0.740518	0.748172	-1	0	0	1	
8e-09	398	0.0175848	0.01225	0.99977	0.743574	0.744914	-1	0	0	1	
8.04e-09	400	-0.00869345	-0.0999781	0.994952	0.746819	0.743341	-1	0	0	1	
8.08e-09	402	0.0525436	-0.0702352	0.996146	0.741141	0.741718	-1	0	0	1	
8.12e-09	404	0.0250202	-0.0553498	0.998153	0.738831	0.740582	-1	0	0	1	
8.16e-09	406	0.00211673	0.0379774	0.999276	0.739559	0.738569	-1	0	0	1	
8.2e-09	408	-0.0341454	0.0356608	0.99878	0.730036	0.73671	-1	0	0	1	
8.24e-09	410	0.0339497	0.0177447	0.999266	0.731994	0.734344	-1	0	0	1	
8.28e-09	412	-0.0258535	0.0499552	0.998417	0.732876	0.73134	-1	0	0	1	
8.32e-09	414	-0.0094795	0.00513781	0.999942	0.732257	0.728273	-1	0	0	1	
8.36e-09	416	0.0164652	0.0107952	0.999806	0.723187	0.725785	-1	0	0	1	
8.4e-09	418	0.0145516	-0.0796552	0.996716	0.724719	0.728012	-1	0	0	1	
8.44e-09	420	0.0555064	-0.0759162	0.995568	0.726017	0.724118	-1	0	0	1	
8.48e-09	422	0.0521865	0.0103754	0.998583	0.72596	0.723221	-1	0	0	1	
8.52e-09	424	-0.013626	0.0613625	0.998023	0.72317	0.720417	-1	0	0	1	
8.56e-09	426	0.000624611	0.00716032	0.999974	0.727622	0.720672	-1	0	0	1	
8.6e-09	428	-0.00138772	-0.0496155	0.998767	0.717919	0.718679	-1	0	0	1	
8.64e-09	430	0.0704438	-0.0373284	0.996817	0.708677	0.712672	-1	0	0	1	
8.68e-09	432	-0.00351278	-0.00221099	0.999991	0.711552	0.713866	-1	0	0	1	
8.72e-09	434	0.10894	0.000199628	0.994048	0.715162	0.711888	-1	0	0	1	
8.76e-09	436	-0.0928975	-0.0336889	0.995106	0.719253	0.710302	-1	0	0	1	
8.8e-09	438	-0.0115192	0.00138378	0.999933	0.706552	0.704589	-1	0	0	1	
8.84e-09	440	-0.00028831	0.00492291	0.999988	0.700407	0.705247	-1	0	0	1	
8.88e-09	442	-0.100984	0.0755163	0.992018	0.694869	0.703972	-1	0	0	1	
8.92e-09	444	-0.047524	0.0180315	0.998707	0.698779	0.700614	-1	0	0	1	
8.96e-09	446	-0.0189883	-0.0211931	0.999595	0.697856	0.700046	-1	0	0	1	
9e-09	448	-0.0201376	-0.0100679	0.999747	0.699107	0.696686	-1	0	0	1	
9.04e-09	450	-0.0102377	-0.0126764	0.999867	0.68954	0.696039	-1	0	0	1	
9.08e-09	452	-0.0566938	0.0196373	0.998198	0.698041	0.694572	-1	0	0	1	
9.12e-09	454	0.0714588	0.0350041	0.996829	0.693325	0.692999	-1	0	0	1	
9.16e-09	456	0.0202163	0.0108569	0.999737	0.695282	0.690613	-1	0	0	1	
9.2e-09	458	-0.0339819	-0.0454378	0.998389	0.685994	0.688394	-1	0	0	1	
9.24e-09	460	-0.00123314	-0.0113463	0.999935	0.6887	0.686233	-1	0	0	1	
9.28e-09	462	-0.0489901	-0.0327207	0.998263	0.672822	0.681218	-1	0	0	1	
9.32e-09	464	0.0479342	0.0216111	0.998617	0.676894	0.680858	-1	0	0	1	
9.36e-09	466	0.00806955	-0.00609554	0.999949	0.678488	0.679798	-1	0	0	1	
9.4e-09	468	0.0669245	0.00768715	0.997728	0.667162	0.675415	-1	0	0	1	
9.44e-09	470	-0.0475642	-0.041513	0.998005	0.674702	0.673265	-1	0	0	1	
9.48e-09	472	0.0315865	0.00148928	0.9995	0.664801	0.67226	-1	0	0	1	
9.52e-09	474	0.010858	0.00425876	0.999932	0.667994	0.670048	-1	0	0	1	
9.56e-09	476	-0.0398799	0.0925387	0.99491	0.669806	0.66973	-1	0	0	1	
9.6e-09	478	-0.0102198	0.0358542	0.999305	0.670505	0.665277	-1	0	0	1	
9.64e-09	480	0.00527902	-0.0422199	0.999094	0.667194	0.665752	-1	0	0	1	
9.68e-09	482	-0.050671	-0.0303223	0.998255	0.658425	0.66104	-1	0	0	1	
9.72e-09	484	-0.0445257	0.0422821	0.998113	0.666753	0.659602	-1	0	0	1	
9.76e-09	486	0.0579673	0.0488148	0.997124	0.653401	0.658684	-1	0	0	1	
9.8e-09	488	-0.0767948	-0.00980559	0.996999	0.653868	0.653865	-1	0	0	1	
9.84e-09	490	-0.0832343	-0.0704936	0.994034	0.655543	0.652276	-1	0	0	1	
9.88e-09	492	0.0390498	0.0666761	0.99701	0.648767	0.649235	-1	0	0	1	
9.92e-09	494	-0.0331528	0.0926352	0.995148	0.651726	0.646418	-1	0	0	1	
9.96e-09	496	0.102046	0.0895933	0.990737	0.650974	0.647636	-1	0	0	1	
1e-08	498	-0.0512429	0.0842027	0.99513	0.635917	0.643989	-1	0	0	1	
1.004e-08	500	-0.021	-0.0142446	0.999678	0.639353	0.639177	-1	0	0	1	
1.008e-08	502	0.0964116	0.021161	0.995117	0.635295	0.642488	-1	0	0	1	
1.012e-08	504	-0.136788	0.016699	0.99046	0.632755	0.637133	-1	0	0	1	
1.016e-08	506	0.0245482	-0.00368858	0.999692	0.623411	0.633312	-1	0	0	1	
1.02e-08	508	-0.0167729	0.0231123	0.999592	0.632708	0.631022	-1	0	0	1	
1.024e-08	510	0.0189383	-0.043347	0.998881	0.638592	0.631944	-1	0	0	1	
1.028e-08	512	-0.0170829	0.0115655	0.999787	0.618353	0.62699	-1	0	0	1	
1.032e-08	514	0.0422812	-0.0661898	0.996911	0.631341	0.623483	-1	0	0	1	
1.036e-08	516	-0.00121884	0.0225331	0.999745	0.626323	0.618468	-1	0	0	1	
1.04e-08	518	0.0522739	-0.0387817	0.997879	0.620116	0.62391	-1	0	0	1	
1.044e-08	520	-0.00875674	0.00991313	0.999913	0.615905	0.616968	-1	0	0	1	
1.048e-08	522	-0.00320186	-0.054017	0.998535	0.619037	0.617781	-1	0	0	1	
1.052e-08	524	0.0887386	-0.000151009	0.996055	0.608026	0.609331	-1	0	0	1	
1.056e-08	526	5.07241e-05	0.032858	0.99946	0.597891	0.613571	-1	0	0	1	
1.06e-08	528	0.0448345	-0.00336222	0.998989	0.603407	0.604647	-1	0	0	1	
1.064e-08	530	-0.0649813	-0.0625408	0.995925	0.604966	0.602603	-1	0	0	1	
1.068e-08	532	0.0513723	-0.00429825	0.99867	0.605857	0.601683	-1	0	0	1	
1.072e-08	534	0.00885427	0.0597119	0.998176	0.606573	0.599234	-1	0	0	1	
1.076e-08	536	-0.0219983	0.034051	0.999178	0.593529	0.598197	-1	0	0	1	
1.08e-08	538	-0.0299251	-0.0306585	0.999082	0.586856	0.590548	-1	0	0	1	
1.084e-08	540	-0.0227151	-0.00704841	0.999717	0.593893	0.585625	-1	0	0	1	
1.088e-08	542	-0.0350855	0.0771242	0.996404	0.589697	0.591662	-1	0	0	1	
1.092e-08	544	0.0104248	0.00582253	0.999929	0.577023	0.584789	-1	0	0	1	
1.096e-08	546	-0.0280564	-0.0373528	0.998908	0.575563	0.580688	-1	0	0	1	
1.1e-08	548	-0.00881332	-0.0199155	0.999763	0.585808	0.578806	-1	0	0	1	
1.104e-08	550	-0.00193869	-0.00388569	0.999991	0.574411	0.577515	-1	0	0	1	
1.108e-08	552	0.0249794	-0.0634921	0.99767	0.592835	0.573927	-1	0	0	1	
1.112e-08	554	-0.0197425	-0.0336871	0.999237	0.569554	0.573472	-1	0	0	1	
1.116e-08	556	0.0355017	-0.0185386	0.999198	0.570399	0.567522	-1	0	0	1	
1.12e-08	558	0.122715	0.11054	0.986267	0.557089	0.56207	-1	0	0	1	
1.124e-08	560	-0.00602462	0.0136225	0.999889	0.557959	0.559779	-1	0	0	1	
1.128e-08	562	0.0840919	-0.00763078	0.996429	0.562981	0.56149	-1	0	0	1	
1.132e-08	564	0.0756094	0.0152513	0.997021	0.541973	0.556347	-1	0	0	1	
1.136e-08	566	-0.0385335	0.0486017	0.998075	0.545105	0.555688	-1	0	0	1	
1.14e-08	568	0.00597467	-0.0182975	0.999815	0.5288	0.542225	-1	0	0	1	
1.144e-08	570	0.0161651	0.0655062	0.997721	0.545687	0.54577	-1	0	0	1	
1.148e-08	572	-0.0138918	0.0658391	0.997734	0.534636	0.543018	-1	0	0	1	
1.152e-08	574	-0.127211	0.00739346	0.991848	0.535912	0.537561	-1	0	0	1	
1.156e-08	576	0.130574	0.00906519	0.991397	0.526157	0.532292	-1	0	0	1	
1.16e-08	578	-0.00927279	-0.117817	0.992992	0.543283	0.533113	-1	0	0	1	
1.164e-08	580	0.0866863	-0.0411567	0.995385	0.538511	0.534531	-1	0	0	1	
1.168e-08	582	0.00379401	-0.00874827	0.999955	0.535591	0.524291	-1	0	0	1	
1.172e-08	584	-0.0110642	-0.0324449	0.999412	0.518742	0.51827	-1	0	0	1	
1.176e-08	586	-0.022629	0.0661228	0.997555	0.519029	0.516992	-1	0	0	1	
1.18e-08	588	0.0013121	0.0397673	0.999208	0.526373	0.514405	-1	0	0	1	
1.184e-08	590	-0.0349256	0.0458662	0.998337	0.514693	0.512343	-1	0	0	1	
1.188e-08	592	-0.109937	0.142587	0.983658	0.504171	0.506629	-1	0	0	1	
1.192e-08	594	-0.0379905	-0.138806	0.989591	0.505166	0.502836	-1	0	0	1	
1.196e-08	596	-0.0601373	-0.127539	0.990009	0.499973	0.503723	-1	0	0	1	
1.2e-08	598	-0.0195858	-0.0849686	0.996191	0.484292	0.494777	-1	0	0	1	
1.204e-08	600	-0.0689834	0.0987963	0.992714	0.505521	0.490885	-1	0	0	1	
1.208e-08	602	0.00599727	0.0326254	0.99945	0.492128	0.486985	-1	0	0	1	
1.212e-08	604	0.124868	0.0140441	0.992074	0.491519	0.488206	-1	0	0	1	
1.216e-08	606	0.0311794	-0.0431128	0.998584	0.445656	0.477184	-1	0	0	1	
1.22e-08	608	0.051533	-0.0138908	0.998575	0.460846	0.472198	-1	0	0	1	
1.224e-08	610	-0.0811963	-0.00102294	0.996698	0.473527	0.474835	-1	0	0	1	
1.228e-08	612	-0.0613127	-0.0601434	0.996305	0.474479	0.464972	-1	0	0	1	
1.232e-08	614	0.0184731	-0.0395723	0.999046	0.472432	0.463003	-1	0	0	1	
1.236e-08	616	-0.0882046	-0.111382	0.989856	0.449053	0.453418	-1	0	0	1	
1.24e-08	618	0.147015	-0.00531147	0.98912	0.438589	0.452888	-1	0	0	1	
1.244e-08	620	-0.0195323	0.00169004	0.999808	0.433622	0.447812	-1	0	0	1	
1.248e-08	622	0.052312	-0.0798186	0.995436	0.457463	0.445401	-1	0	0	1	
1.252e-08	624	0.0643497	-0.180077	0.981545	0.451604	0.444436	-1	0	0	1	
1.256e-08	626	0.0117348	-0.134537	0.990839	0.417622	0.433361	-1	0	0	1	
1.26e-08	628	0.01238	0.159262	0.987159	0.410721	0.429752	-1	0	0	1	
1.264e-08	630	0.0576638	0.00377356	0.998329	0.426822	0.425704	-1	0	0	1	
1.268e-08	632	0.00183009	0.0911123	0.995839	0.421451	0.422356	-1	0	0	1	
1.272e-08	634	0.112799	-0.102674	0.988299	0.411515	0.410509	-1	0	0	1	
1.276e-08	636	0.0135661	0.157162	0.98748	0.402632	0.412678	-1	0	0	1	
1.28e-08	638	0.000181704	0.00606999	0.999982	0.377876	0.397141	-1	0	0	1	
1.284e-08	640	-0.0581163	-0.117057	0.991423	0.39985	0.39169	-1	0	0	1	
1.288e-08	642	0.132937	-0.113349	0.984622	0.364388	0.385425	-1	0	0	1	
1.292e-08	644	-0.0951856	-0.123342	0.987789	0.384365	0.374947	-1	0	0	1	
1.296e-08	646	-0.114406	-0.251198	0.961151	0.360237	0.373279	-1	0	0	1	
1.3e-08	648	-0.11219	-0.0645658	0.991587	0.378059	0.368748	-1	0	0	1	
1.304e-08	650	0.0563435	-0.17974	0.982099	0.372058	0.357254	-1	0	0	1	
1.308e-08	652	0.0185111	-0.225205	0.974136	0.377227	0.351075	-1	0	0	1	
1.312e-08	654	-0.126241	0.200736	0.971477	0.372233	0.350543	-1	0	0	1	
1.316e-08	656	0.00137325	-0.157942	0.987447	0.342589	0.327555	-1	0	0	1	
1.32e-08	658	0.0228649	-0.0414163	0.99888	0.358008	0.340434	-1	0	0	1	
1.324e-08	660	-0.19274	-0.0412842	0.980381	0.331373	0.333756	-1	0	0	1	
1.328e-08	662	0.0998738	0.114749	0.988361	0.338129	0.318804	-1	0	0	1	
1.332e-08	664	-0.110335	0.0402112	0.993081	0.315569	0.312359	-1	0	0	1	
1.336e-08	666	0.0749979	-0.0938933	0.992753	0.306318	0.300238	-1	0	0	1	
1.34e-08	668	-0.146337	-0.0836769	0.985689	0.295955	0.271862	-1	0	0	1	
1.344e-08	670	-0.185868	0.234212	0.954253	0.265001	0.287515	-1	0	0	1	
1.348e-08	672	-0.120948	0.135597	0.983354	0.299155	0.284309	-1	0	0	1	
1.352e-08	674	-0.0809754	-0.0470763	-0.995604	0.331455	0.317306	-1	0	0	1	
1.356e-08	676	-0.0396343	-0.209164	-0.977077	0.317279	0.323712	-1	0	0	1	
1.36e-08	678	-0.00723967	-0.0134869	-0.999883	0.341721	0.317657	-1	0	0	1	
1.364e-08	680	-0.0185424	-0.0145755	-0.999722	0.312281	0.306809	-1	0	0	1	
1.368e-08	682	0.0410237	-0.0967031	-0.994467	0.276373	0.2896	-1	0	0	1	
1.372e-08	684	-0.0597593	0.0157963	-0.998088	0.33162	0.303833	-1	0	0	1	
1.376e-08	686	0.0661811	0.063761	-0.995768	0.26565	0.274439	-1	0	0	1	
1.38e-08	688	0.23875	0.0870224	-0.967174	0.253952	0.270612	-1	0	0	1	
1.384e-08	690	-0.227635	0.101651	-0.968426	0.292547	0.267843	-1	0	0	1	
1.388e-08	692	0.192019	-0.207399	-0.959226	0.268411	0.258508	-1	0	0	1	
1.392e-08	694	0.10176	0.11375	-0.988284	0.231872	0.239153	-1	0	0	1	
1.396e-08	696	-0.186594	0.106417	-0.976657	0.235173	0.242003	-1	0	0	1	
1.4e-08	698	-0.0729507	0.139524	-0.987528	0.184675	0.229108	-1	0	0	1	
1.404e-08	700	-0.142902	0.12136	-0.982268	0.221318	0.222526	-1	0	0	1	
1.408e-08	702	-0.134262	-0.137114	-0.981414	0.220283	0.2146	-1	0	0	1	
1.412e-08	704	0.158749	0.0448233	-0.986301	0.168612	0.207602	-1	0	0	1	
1.416e-08	706	-0.129712	-0.0574967	-0.989883	0.164708	0.176849	-1	0	0	1	
1.42e-08	708	-0.18414	0.201298	-0.962066	0.19161	0.179891	-1	0	0	1	
1.424e-08	710	0.0788538	0.294533	-0.952382	0.208925	0.18712	-1	0	0	1	
1.428e-08	712	0.0694361	0.102213	-0.992336	0.1655	0.180018	-1	0	0	1	
1.432e-08	714	-0.121758	0.410358	-0.90376	0.0758094	0.140368	-1	0	0	1	
1.436e-08	716	0.0746487	0.00754631	-0.997181	0.182187	0.149166	-1	0	0	1	
1.44e-08	718	-0.169957	-0.291356	-0.941396	0.10709	0.112024	-1	0	0	1	
1.444e-08	720	0.119836	-0.261897	-0.957627	0.121817	0.122211	-1	0	0	1	
1.448e-08	722	0.0354428	-0.361227	-0.931804	0.118287	0.123292	-1	0	0	1	
1.452e-08	724	0.0546402	0.245273	-0.967913	0.0728605	0.0885973	-1	0	0	1	
1.456e-08	726	0.297575	-0.22287	-0.92832	0.0790771	0.0858309	-1	0	0	1	
1.46e-08	728	0.0649002	-0.399523	-0.914423	0.0400719	0.0745699	-1	0	0	1	
1.464e-08	730	0.310137	0.0531303	-0.949206	0.0818415	0.0981287	-1	0	0	1	
1.468e-08	732	0.154964	-0.0958697	-0.983257	0.115888	0.0849286	-1	0	0	1	
1.472e-08	734	0.124967	-0.235504	-0.963806	0.117938	0.0834182	-1	0	0	1	
1.476e-08	736	0.928417	0.155322	-0.337516	0.0552926	0.0561452	-1	0	0	1	
1.48e-08	738	-0.129314	-0.324286	-0.937079	0.0843385	0.078085	-1	0	0	1	
1.484e-08	740	-0.243895	0.109992	-0.963544	0.0461801	0.0652956	-1	0	0	1	
1.488e-08	742	0.418606	0.619924	-0.663674	0.047291	0.057853	-1	0	0	1	
1.492e-08	744	0.729149	0.250523	-0.636852	0.00926153	0.0503194	-1	0	0	1	
1.496e-08	746	-0.488292	-0.253292	-0.835113	0.0798818	0.0578836	-1	0	0	1	
1.5e-08	748	-0.716197	0.00506804	-0.69788	0.0406041	0.0480439	-1	0	0	1	
1.504e-08	750	-0.282425	0.0324223	-0.958741	0.063017	0.0597947	-1	0	0	1	
1.508e-08	752	0.33391	0.660003	-0.672978	0.0404579	0.0738773	-1	0	0	1	
1.512e-08	754	0.331817	0.69556	-0.637255	0.038792	0.0404868	-1	0	0	1	
1.516e-08	756	0.359995	-0.864265	-0.351353	0.027723	0.0399988	-1	0	0	1	
1.52e-08	758	-0.954456	0.0804924	-0.287289	0.0373835	0.0438078	-1	0	0	1	
1.524e-08	760	-0.466479	-0.680431	-0.565164	0.0574673	0.0407818	-1	0	0	1	
1.528e-08	762	0.241855	-0.111383	-0.963898	0.0358012	0.0360482	-1	0	0	1	
1.532e-08	764	-0.316368	0.0764021	-0.945555	0.0368832	0.0337234	-1	0	0	1	
1.536e-08	766	0.333645	0.752075	-0.568387	0.0437365	0.034823	-1	0	0	1	
1.54e-08	768	0.279018	-0.747019	-0.603416	0.0692403	0.0441348	-1	0	0	1	
1.544e-08	770	-0.0139341	-0.23964	-0.970762	0.0351846	0.0402226	-1	0	0	1	
1.548e-08	772	0.217467	0.610528	-0.761554	0.060326	0.0500724	-1	0	0	1	
1.552e-08	774	-0.654396	-0.684732	-0.320793	0.00966893	0.031679	-1	0	0	1	
1.556e-08	776	0.172301	0.359708	0.917018	0.0126645	0.034748	-1	0	0	1	
1.56e-08	778	-0.614848	-0.354039	-0.704711	0.0725374	0.0409142	-1	0	0	1	
1.564e-08	780	0.101713	0.81726	-0.567222	0.0152246	0.0375933	-1	0	0	1	
1.568e-08	782	0.1287	0.77902	-0.613648	0.0581053	0.0399229	-1	0	0	1	
1.572e-08	784	0.579879	0.318146	-0.750016	0.0318947	0.0383689	-1	0	0	1	
1.576e-08	786	-0.244269	-0.328646	-0.912318	0.057061	0.0307929	-1	0	0	1	
1.58e-08	788	0.640004	0.74525	-0.187077	0.0264412	0.0320604	-1	0	0	1	
1.584e-08	790	0.134199	-0.255506	-0.957449	0.0677555	0.0285819	-1	0	0	1	
1.588e-08	792	-0.380258	-0.92382	0.0442806	0.0248691	0.0285609	-1	0	0	1	
1.592e-08	794	-0.365684	0.626485	-0.688325	0.0292203	0.0245395	-1	0	0	1	
1.596e-08	796	0.510457	0.842681	-0.171239	0.0112839	0.0265928	-1	0	0	1	
1.6e-08	798	0.624946	-0.608402	0.489172	0.0396972	0.0267558	-1	0	0	1	
1.604e-08	800	0.103783	-0.480236	-0.870978	0.0326415	0.0350437	-1	0	0	1	
1.608e-08	802	0.650406	0.557733	-0.515661	0.0457696	0.0236921	-1	0	0	1	
1.612e-08	804	-0.818057	0.564137	-0.111944	0.0399126	0.024361	-1	0	0	1	
1.616e-08	806	0.290782	-0.907031	-0.304534	0.0296061	0.0366883	-1	0	0	1	
1.62e-08	808	0.136527	0.291014	0.946927	0.0215896	0.0226021	-1	0	0	1	
1.624e-08	810	-0.0598075	0.921801	0.383021	0.0154473	0.0183156	-1	0	0	1	
1.628e-08	812	0.738311	0.234369	-0.632431	0.0232799	0.0190515	-1	0	0	1	
1.632e-08	814	-0.168431	-0.119483	-0.978445	0.0356642	0.0227771	-1	0	0	1	
1.636e-08	816	-0.36882	-0.26848	-0.889882	0.019834	0.0227852	-1	0	0	1	
1.64e-08	818	0.195046	-0.647341	-0.736822	0.0421361	0.0300482	-1	0	0	1	
1.644e-08	820	-0.132691	-0.806841	0.575674	0.0343322	0.0252821	-1	0	0	1	
1.648e-08	822	0.96046	0.268889	-0.0722131	0.0170884	0.025496	-1	0	0	1	
1.652e-08	824	-0.333449	-0.0751283	-0.93977	0.0172312	0.0219618	-1	0	0	1	
1.656e-08	826	0.252292	-0.0772249	-0.964565	0.011281	0.0211107	-1	0	0	1	
1.66e-08	828	-0.686929	0.670334	-0.280679	0.0523066	0.0246908	-1	0	0	1	
1.664e-08	830	0.693269	0.692986	0.19786	0.0322762	0.0271505	-1	0	0	1	
1.668e-08	832	-0.262417	-0.894253	-0.362559	0.00385945	0.0203858	-1	0	0	1	
1.672e-08	834	-0.589145	-0.21122	-0.779932	0.0237068	0.0216366	-1	0	0	1	
1.676e-08	836	-0.0939356	0.235974	0.967209	0.0177017	0.0246987	-1	0	0	1	
1.68e-08	838	0.0903276	-0.984829	0.148165	0.0190035	0.0208606	-1	0	0	1	
1.684e-08	840	0.350931	0.934723	-0.0560441	0.0157641	0.0197446	-1	0	0	1	
1.688e-08	842	0.213738	-0.272195	-0.938204	0.0203287	0.0256582	-1	0	0	1	
1.692e-08	844	-0.493222	-0.503271	-0.709542	0.0281439	0.0186031	-1	0	0	1	
1.696e-08	846	0.183282	0.12963	-0.974476	0.0199585	0.0232698	-1	0	0	1	
1.7e-08	848	0.204915	0.724118	-0.658531	0.0173916	0.0197055	-1	0	0	1	
1.704e-08	850	0.369981	-0.0477096	-0.927814	0.0333472	0.0259201	-1	0	0	1	
1.708e-08	852	0.188791	-0.0729556	-0.979304	0.0246125	0.0197044	-1	0	0	1	
1.712e-08	854	-0.0496633	-0.208211	-0.976822	0.0199868	0.0232087	-1	0	0	1	
1.716e-08	856	0.446232	0.765221	-0.464019	0.0196365	0.0196989	-1	0	0	1	
1.72e-08	858	0.665405	-0.714047	-0.217652	0.0161111	0.0198988	-1	0	0	1	
1.724e-08	860	-0.865747	-0.323818	-0.381606	0.0144577	0.0215212	-1	0	0	1	
1.728e-08	862	0.308389	0.941854	-0.133443	0.017529	0.0217729	-1	0	0	1	
1.732e-08	864	0.474549	-0.236781	-0.847784	0.0397566	0.0224857	-1	0	0	1	
1.736e-08	866	0.885859	-0.125046	0.446785	0.0236814	0.0240614	-1	0	0	1	
1.74e-08	868	0.890357	0.177114	-0.419398	0.0233858	0.0230257	-1	0	0	1	
1.744e-08	870	-0.686179	-0.259926	-0.679409	0.00923397	0.0161912	-1	0	0	1	
1.748e-08	872	0.446354	0.216644	-0.868236	0.0156751	0.019879	-1	0	0	1	
1.752e-08	874	0.77014	0.0512317	-0.635814	0.0183829	0.0179385	-1	0	0	1	
1.756e-08	876	-0.252777	0.381356	-0.889197	0.0108642	0.0195991	-1	0	0	1	
1.76e-08	878	-0.410775	0.122047	0.903531	0.0186075	0.0176412	-1	0	0	1	
1.764e-08	880	0.70862	0.68572	-0.16627	0.0353783	0.0196761	-1	0	0	1	
1.768e-08	882	-0.15914	0.986862	-0.0278964	0.0115336	0.0220252	-1	0	0	1	
1.772e-08	884	0.631966	0.662337	-0.402405	0.0198112	0.020369	-1	0	0	1	
1.776e-08	886	-0.904365	6.40386e-05	-0.42676	0.0095933	0.0153167	-1	0	0	1	
1.78e-08	888	0.425786	0.0195729	0.904612	0.0295246	0.0209577	-1	0	0	1	
1.784e-08	890	-0.691896	-0.155441	-0.705066	0.0116546	0.0183253	-1	0	0	1	
1.788e-08	892	-0.786184	0.400193	-0.470914	0.0198344	0.018925	-1	0	0	1	
1.792e-08	894	0.476401	0.496112	-0.725889	0.010407	0.0185478	-1	0	0	1	
1.796e-08	896	-0.397169	-0.227832	-0.889016	0.0123114	0.0175842	-1	0	0	1	
1.8e-08	898	0.199871	0.902114	-0.382415	0.0160099	0.0156666	-1	0	0	1	
1.804e-08	900	-0.522898	0.324037	-0.788402	0.0282432	0.0186894	-1	0	0	1	
