#----------------------------------------------------------------------------------------------------------------------------------------------------------
# Output file for vampire simulation
#   time       : 2022-02-09 13:02:50     process id : 315248
#   hostname   : compute-0-5.local
#   path       : /home/MINT_WS/luknam/WS_dia5/Thickness5/size_10.0_10.0_5nm/Temp_900/random_1
#----------------------------------------------------------------------------------------------------------------------------------------------------------
4e-11	0	0	0	1	1	1	-1	0	0	1	
8e-11	2	-0.00239247	0.00217026	0.999995	0.998966	0.998942	-1	0	0	1	
1.2e-10	4	0.00487195	-0.000960077	0.999988	0.997872	0.997892	-1	0	0	1	
1.6e-10	6	0.00500972	0.00402691	0.999979	0.996847	0.996863	-1	0	0	1	
2e-10	8	-1.66501e-05	-0.000810222	1	0.995823	0.995807	-1	0	0	1	
2.4e-10	10	-0.00243645	0.00384705	0.99999	0.994694	0.994708	-1	0	0	1	
2.8e-10	12	-0.00100995	0.00598803	0.999982	0.993725	0.99368	-1	0	0	1	
3.2e-10	14	0.000347864	-0.000846858	1	0.992753	0.992627	-1	0	0	1	
3.6e-10	16	0.00274131	0.00606738	0.999978	0.991455	0.991576	-1	0	0	1	
4e-10	18	-0.00269793	-0.00028729	0.999996	0.990222	0.990413	-1	0	0	1	
4.4e-10	20	-0.0091913	0.0116719	0.99989	0.989144	0.989587	-1	0	0	1	
4.8e-10	22	-0.00702905	-0.00383313	0.999968	0.988251	0.988491	-1	0	0	1	
5.2e-10	24	0.0146582	0.00703297	0.999868	0.987054	0.987384	-1	0	0	1	
5.6e-10	26	0.0105812	-0.00305041	0.999939	0.986845	0.986303	-1	0	0	1	
6e-10	28	-0.00335079	0.00250676	0.999991	0.984995	0.985144	-1	0	0	1	
6.4e-10	30	-0.00308767	-0.0015788	0.999994	0.984316	0.984172	-1	0	0	1	
6.8e-10	32	-0.0106047	-0.00817447	0.99991	0.983159	0.983074	-1	0	0	1	
7.2e-10	34	-0.00138183	-0.000581766	0.999999	0.981859	0.981934	-1	0	0	1	
7.6e-10	36	-0.00113104	0.00158287	0.999998	0.980818	0.98084	-1	0	0	1	
8e-10	38	0.00655314	-4.67745e-05	0.999979	0.979995	0.979788	-1	0	0	1	
8.4e-10	40	0.0202391	-0.0184533	0.999625	0.97882	0.978686	-1	0	0	1	
8.8e-10	42	0.00703676	0.00946415	0.99993	0.977885	0.97741	-1	0	0	1	
9.2e-10	44	-0.00766094	0.0124429	0.999893	0.976475	0.976335	-1	0	0	1	
9.6e-10	46	0.000814054	0.00336685	0.999994	0.975032	0.975504	-1	0	0	1	
1e-09	48	0.0100571	0.0075197	0.999921	0.974611	0.974551	-1	0	0	1	
1.04e-09	50	-0.0194026	-0.00963137	0.999765	0.973338	0.973281	-1	0	0	1	
1.08e-09	52	0.00402446	-0.00145095	0.999991	0.971946	0.972222	-1	0	0	1	
1.12e-09	54	-0.009688	0.0218742	0.999714	0.970449	0.970846	-1	0	0	1	
1.16e-09	56	-0.00954553	0.00765325	0.999925	0.970654	0.970127	-1	0	0	1	
1.2e-09	58	-0.00375124	-0.00282169	0.999989	0.968501	0.968752	-1	0	0	1	
1.24e-09	60	-0.00624062	0.0086534	0.999943	0.968405	0.967837	-1	0	0	1	
1.28e-09	62	0.00330956	0.0229503	0.999731	0.968254	0.96658	-1	0	0	1	
1.32e-09	64	0.00879794	-0.0258179	0.999628	0.965078	0.965298	-1	0	0	1	
1.36e-09	66	0.00379892	-0.0271533	0.999624	0.963744	0.964153	-1	0	0	1	
1.4e-09	68	0.00382721	0.00858548	0.999956	0.962742	0.963304	-1	0	0	1	
1.44e-09	70	-0.0163704	-0.00515945	0.999853	0.963169	0.962147	-1	0	0	1	
1.48e-09	72	-0.00782472	-0.0179178	0.999809	0.959959	0.960837	-1	0	0	1	
1.52e-09	74	-0.0212736	0.0173188	0.999624	0.959217	0.960026	-1	0	0	1	
1.56e-09	76	-0.0127306	0.00526571	0.999905	0.959118	0.959033	-1	0	0	1	
1.6e-09	78	0.00759911	0.000598029	0.999971	0.958865	0.957717	-1	0	0	1	
1.64e-09	80	-0.00664149	-0.0123234	0.999902	0.957254	0.95691	-1	0	0	1	
1.68e-09	82	-0.013821	-0.0144804	0.9998	0.955698	0.955167	-1	0	0	1	
1.72e-09	84	-0.00105588	0.00128136	0.999999	0.95489	0.95461	-1	0	0	1	
1.76e-09	86	-9.27844e-05	0.0199929	0.9998	0.953055	0.953315	-1	0	0	1	
1.8e-09	88	-0.00451846	-0.0199283	0.999791	0.95105	0.952207	-1	0	0	1	
1.84e-09	90	-0.0107353	-0.0099595	0.999893	0.951678	0.951441	-1	0	0	1	
1.88e-09	92	0.00103168	0.0232045	0.99973	0.948744	0.949833	-1	0	0	1	
1.92e-09	94	-0.0106556	0.00719185	0.999917	0.948496	0.948627	-1	0	0	1	
1.96e-09	96	0.0096324	0.000104561	0.999954	0.947819	0.947605	-1	0	0	1	
2e-09	98	0.0142633	0.0042101	0.999889	0.948076	0.946658	-1	0	0	1	
2.04e-09	100	-0.00351022	0.0137329	0.9999	0.94448	0.945328	-1	0	0	1	
2.08e-09	102	0.00509161	-0.00680797	0.999964	0.945728	0.94443	-1	0	0	1	
2.12e-09	104	-0.013844	9.12606e-05	0.999904	0.942308	0.942904	-1	0	0	1	
2.16e-09	106	0.00676015	-0.000724913	0.999977	0.942489	0.942342	-1	0	0	1	
2.2e-09	108	0.00550662	-0.0253554	0.999663	0.941339	0.940759	-1	0	0	1	
2.24e-09	110	0.00182523	0.00945691	0.999954	0.93765	0.938728	-1	0	0	1	
2.28e-09	112	-0.0136503	-0.00231911	0.999904	0.938403	0.93822	-1	0	0	1	
2.32e-09	114	0.0159347	0.00170367	0.999872	0.935969	0.936888	-1	0	0	1	
2.36e-09	116	0.000800028	0.00479201	0.999988	0.93666	0.936235	-1	0	0	1	
2.4e-09	118	0.00221818	0.00843499	0.999962	0.935715	0.935006	-1	0	0	1	
2.44e-09	120	-0.0126724	0.0116938	0.999851	0.933827	0.933787	-1	0	0	1	
2.48e-09	122	0.0223914	0.00663793	0.999727	0.931087	0.931823	-1	0	0	1	
2.52e-09	124	0.0101827	-0.0210803	0.999726	0.933353	0.930818	-1	0	0	1	
2.56e-09	126	0.0351437	-0.00202178	0.99938	0.930065	0.930082	-1	0	0	1	
2.6e-09	128	0.00148502	-0.0108947	0.99994	0.927496	0.929232	-1	0	0	1	
2.64e-09	130	0.00148001	-0.00685872	0.999975	0.928202	0.927462	-1	0	0	1	
2.68e-09	132	-0.00725576	0.0169135	0.999831	0.928091	0.9264	-1	0	0	1	
2.72e-09	134	0.00803506	0.0219727	0.999726	0.925662	0.925819	-1	0	0	1	
2.76e-09	136	0.00479606	0.00422377	0.99998	0.923143	0.923936	-1	0	0	1	
2.8e-09	138	0.0116596	-0.00728408	0.999905	0.922735	0.922932	-1	0	0	1	
2.84e-09	140	0.0212374	0.0303964	0.999312	0.922013	0.921838	-1	0	0	1	
2.88e-09	142	0.00247167	0.00809511	0.999964	0.919841	0.92039	-1	0	0	1	
2.92e-09	144	-0.00499307	0.00529671	0.999974	0.919306	0.919947	-1	0	0	1	
2.96e-09	146	-0.0322561	-0.0116472	0.999412	0.919996	0.918473	-1	0	0	1	
3e-09	148	-0.021832	-0.0166836	0.999622	0.917721	0.916316	-1	0	0	1	
3.04e-09	150	0.0569539	-0.0164495	0.998241	0.915935	0.916201	-1	0	0	1	
3.08e-09	152	0.0140839	-0.0110198	0.99984	0.916725	0.91559	-1	0	0	1	
3.12e-09	154	-0.00637652	0.0167848	0.999839	0.912972	0.913668	-1	0	0	1	
3.16e-09	156	0.0051952	0.0421666	0.999097	0.909451	0.911311	-1	0	0	1	
3.2e-09	158	0.015367	-0.00324217	0.999877	0.907714	0.911264	-1	0	0	1	
3.24e-09	160	-0.0525487	0.0202908	0.998412	0.908487	0.909119	-1	0	0	1	
3.28e-09	162	-0.000384162	-0.000743818	1	0.910514	0.908846	-1	0	0	1	
3.32e-09	164	0.0246967	0.00449712	0.999685	0.906624	0.906551	-1	0	0	1	
3.36e-09	166	0.00528763	-0.00258593	0.999983	0.905584	0.905528	-1	0	0	1	
3.4e-09	168	0.00796488	-0.0182023	0.999803	0.905584	0.903955	-1	0	0	1	
3.44e-09	170	0.0164971	0.0231206	0.999597	0.900066	0.902945	-1	0	0	1	
3.48e-09	172	0.0104007	0.00898482	0.999906	0.9041	0.902901	-1	0	0	1	
3.52e-09	174	-0.0266594	-0.0207821	0.999429	0.899367	0.900902	-1	0	0	1	
3.56e-09	176	-0.0013921	0.00959717	0.999953	0.898561	0.90003	-1	0	0	1	
3.6e-09	178	0.0228547	0.00723626	0.999713	0.89906	0.899198	-1	0	0	1	
3.64e-09	180	-0.00292019	-0.0351555	0.999378	0.896531	0.89669	-1	0	0	1	
3.68e-09	182	0.00702215	-0.020547	0.999764	0.898074	0.897322	-1	0	0	1	
3.72e-09	184	0.0114614	-0.0250556	0.99962	0.896484	0.895021	-1	0	0	1	
3.76e-09	186	-0.0179354	-0.0122747	0.999764	0.891057	0.89342	-1	0	0	1	
3.8e-09	188	0.0345063	0.00837067	0.999369	0.893092	0.892495	-1	0	0	1	
3.84e-09	190	0.0210199	-0.0369304	0.999097	0.887644	0.890623	-1	0	0	1	
3.88e-09	192	0.035583	-0.0100013	0.999317	0.890573	0.890686	-1	0	0	1	
3.92e-09	194	0.0199141	-0.00638991	0.999781	0.886074	0.88857	-1	0	0	1	
3.96e-09	196	0.0149316	0.00112802	0.999888	0.886671	0.88715	-1	0	0	1	
4e-09	198	-0.0512089	0.0178172	0.998529	0.887929	0.886856	-1	0	0	1	
4.04e-09	200	-0.00579396	0.00909047	0.999942	0.88651	0.885798	-1	0	0	1	
4.08e-09	202	0.0203346	0.0287085	0.999381	0.884649	0.883604	-1	0	0	1	
4.12e-09	204	0.0368053	0.0423966	0.998423	0.883219	0.881971	-1	0	0	1	
4.16e-09	206	-0.0301241	0.00754982	0.999518	0.879028	0.880981	-1	0	0	1	
4.2e-09	208	0.0107428	0.00221576	0.99994	0.881438	0.879121	-1	0	0	1	
4.24e-09	210	-0.0260865	0.00549893	0.999645	0.877932	0.877413	-1	0	0	1	
4.28e-09	212	0.0134985	-0.00193478	0.999907	0.875445	0.876098	-1	0	0	1	
4.32e-09	214	-0.00695522	-0.00566682	0.99996	0.875115	0.876373	-1	0	0	1	
4.36e-09	216	-0.0135606	-0.0234651	0.999633	0.873503	0.873567	-1	0	0	1	
4.4e-09	218	0.00884142	0.00620815	0.999942	0.873131	0.871501	-1	0	0	1	
4.44e-09	220	0.0105362	0.0295419	0.999508	0.872477	0.872947	-1	0	0	1	
4.48e-09	222	0.000102364	-0.0377149	0.999289	0.869985	0.869559	-1	0	0	1	
4.52e-09	224	-0.00484793	0.0189816	0.999808	0.869643	0.86874	-1	0	0	1	
4.56e-09	226	0.013701	0.0366257	0.999235	0.867424	0.868019	-1	0	0	1	
4.6e-09	228	0.0437803	-0.0484369	0.997866	0.867785	0.866758	-1	0	0	1	
4.64e-09	230	-0.000129613	0.0117173	0.999931	0.86912	0.865325	-1	0	0	1	
4.68e-09	232	0.0234072	-0.0398207	0.998933	0.862464	0.864828	-1	0	0	1	
4.72e-09	234	-0.00548296	-0.0271674	0.999616	0.860482	0.861966	-1	0	0	1	
4.76e-09	236	-0.0290359	0.021491	0.999347	0.854304	0.859988	-1	0	0	1	
4.8e-09	238	-0.00851852	0.00383198	0.999956	0.861191	0.861295	-1	0	0	1	
4.84e-09	240	0.0075991	-0.0639799	0.997922	0.856555	0.859538	-1	0	0	1	
4.88e-09	242	0.0135127	0.0325655	0.999378	0.857718	0.856684	-1	0	0	1	
4.92e-09	244	-0.0510988	-0.0114824	0.998628	0.856724	0.856603	-1	0	0	1	
4.96e-09	246	0.0223911	-0.0156069	0.999627	0.852851	0.853898	-1	0	0	1	
5e-09	248	-0.0447756	0.000732712	0.998997	0.856298	0.853591	-1	0	0	1	
5.04e-09	250	0.0298897	-0.0459987	0.998494	0.84961	0.851393	-1	0	0	1	
5.08e-09	252	-0.0270387	-0.0536114	0.998196	0.853284	0.852169	-1	0	0	1	
5.12e-09	254	0.0592342	0.0596399	0.996461	0.849332	0.848249	-1	0	0	1	
5.16e-09	256	0.00655881	-0.0110233	0.999918	0.849094	0.846955	-1	0	0	1	
5.2e-09	258	-0.040045	0.00539207	0.999183	0.848851	0.846179	-1	0	0	1	
5.24e-09	260	-0.000328843	-0.0353445	0.999375	0.846471	0.84468	-1	0	0	1	
5.28e-09	262	0.0034235	-0.0239561	0.999707	0.844741	0.84305	-1	0	0	1	
5.32e-09	264	0.0829944	-0.00527707	0.996536	0.842991	0.842609	-1	0	0	1	
5.36e-09	266	0.00957808	0.0393563	0.999179	0.842814	0.840758	-1	0	0	1	
5.4e-09	268	-0.0226645	-0.0035824	0.999737	0.839189	0.83898	-1	0	0	1	
5.44e-09	270	0.043756	-0.035152	0.998424	0.839286	0.837503	-1	0	0	1	
5.48e-09	272	-0.0342461	-0.0349243	0.998803	0.833562	0.835749	-1	0	0	1	
5.52e-09	274	0.00937457	0.0237272	0.999675	0.839687	0.834661	-1	0	0	1	
5.56e-09	276	0.0438222	-0.0910571	0.994881	0.833169	0.833423	-1	0	0	1	
5.6e-09	278	0.00181782	-0.0019095	0.999997	0.829743	0.831867	-1	0	0	1	
5.64e-09	280	-0.0108405	0.046674	0.998851	0.829877	0.831631	-1	0	0	1	
5.68e-09	282	-0.0185253	-0.0399592	0.99903	0.830188	0.827863	-1	0	0	1	
5.72e-09	284	0.0538869	-0.0130155	0.998462	0.823862	0.827071	-1	0	0	1	
5.76e-09	286	0.0336537	-0.0272597	0.999062	0.824399	0.827118	-1	0	0	1	
5.8e-09	288	-0.016562	-0.0165575	0.999726	0.824895	0.823128	-1	0	0	1	
5.84e-09	290	-0.0197288	-0.030668	0.999335	0.823889	0.823141	-1	0	0	1	
5.88e-09	292	-0.0547567	0.0559666	0.99693	0.825287	0.82372	-1	0	0	1	
5.92e-09	294	0.0149207	0.0390599	0.999125	0.827147	0.821481	-1	0	0	1	
5.96e-09	296	-0.00886754	0.0341869	0.999376	0.819211	0.819331	-1	0	0	1	
6e-09	298	0.0894266	-0.0287225	0.995579	0.815987	0.817678	-1	0	0	1	
6.04e-09	300	-0.0550261	0.0824661	0.995074	0.816547	0.817653	-1	0	0	1	
6.08e-09	302	0.0511599	0.0253852	0.998368	0.816017	0.814968	-1	0	0	1	
6.12e-09	304	0.0172188	-0.0303427	0.999391	0.808241	0.815398	-1	0	0	1	
6.16e-09	306	0.00718301	0.00506984	0.999961	0.811343	0.812967	-1	0	0	1	
6.2e-09	308	-0.0385852	-0.0330636	0.998708	0.812774	0.809279	-1	0	0	1	
6.24e-09	310	0.0115858	-0.0283592	0.999531	0.807345	0.809444	-1	0	0	1	
6.28e-09	312	0.0231091	0.029778	0.999289	0.809635	0.808351	-1	0	0	1	
6.32e-09	314	-0.0122911	-0.0124249	0.999847	0.807363	0.806031	-1	0	0	1	
6.36e-09	316	0.00416905	0.00943599	0.999947	0.807621	0.806623	-1	0	0	1	
6.4e-09	318	0.0644693	0.0415098	0.997056	0.802153	0.802399	-1	0	0	1	
6.44e-09	320	-0.0434329	-0.0194162	0.998868	0.80192	0.801724	-1	0	0	1	
6.48e-09	322	0.048421	0.00444781	0.998817	0.79896	0.799117	-1	0	0	1	
6.52e-09	324	0.0306674	0.0153305	0.999412	0.799494	0.798132	-1	0	0	1	
6.56e-09	326	-0.0649133	-0.0582185	0.996191	0.800592	0.796545	-1	0	0	1	
6.6e-09	328	-0.00388497	-0.0251255	0.999677	0.790527	0.795378	-1	0	0	1	
6.64e-09	330	0.00969195	0.0246269	0.99965	0.793579	0.795295	-1	0	0	1	
6.68e-09	332	0.0598086	0.0176548	0.998054	0.800556	0.791289	-1	0	0	1	
6.72e-09	334	-0.00422359	0.0198421	0.999794	0.791345	0.790857	-1	0	0	1	
6.76e-09	336	-0.060588	0.00282979	0.998159	0.791046	0.788482	-1	0	0	1	
6.8e-09	338	-0.0211372	0.0259541	0.99944	0.782901	0.788349	-1	0	0	1	
6.84e-09	340	0.007775	-0.0770958	0.996993	0.779482	0.785514	-1	0	0	1	
6.88e-09	342	0.0247786	0.0470343	0.998586	0.78343	0.783258	-1	0	0	1	
6.92e-09	344	0.0456891	-0.0294352	0.998522	0.779322	0.782944	-1	0	0	1	
6.96e-09	346	-0.090892	-0.00867064	0.995823	0.783856	0.782744	-1	0	0	1	
7e-09	348	0.0153042	-0.0132824	0.999795	0.782952	0.778989	-1	0	0	1	
7.04e-09	350	-0.043836	-0.00244573	0.999036	0.772091	0.776063	-1	0	0	1	
7.08e-09	352	-0.00348388	-0.0483398	0.998825	0.781439	0.775862	-1	0	0	1	
7.12e-09	354	0.00799511	0.00361331	0.999962	0.770394	0.775207	-1	0	0	1	
7.16e-09	356	-0.00548673	-0.0232809	0.999714	0.772917	0.77006	-1	0	0	1	
7.2e-09	358	0.00171576	0.00777532	0.999968	0.768714	0.771711	-1	0	0	1	
7.24e-09	360	0.117316	0.0195679	0.992902	0.770804	0.769291	-1	0	0	1	
7.28e-09	362	-0.0538032	0.0192375	0.998366	0.761001	0.768341	-1	0	0	1	
7.32e-09	364	-0.00395599	0.0141021	0.999893	0.769192	0.766357	-1	0	0	1	
7.36e-09	366	0.0441367	0.0432139	0.99809	0.768492	0.76548	-1	0	0	1	
7.4e-09	368	-0.0825359	-0.0403892	0.995769	0.756824	0.762962	-1	0	0	1	
7.44e-09	370	0.06668	0.0115757	0.997707	0.751502	0.759184	-1	0	0	1	
7.48e-09	372	0.0408432	-0.0467158	0.998073	0.763065	0.762073	-1	0	0	1	
7.52e-09	374	-0.0140238	0.0297945	0.999458	0.754995	0.757903	-1	0	0	1	
7.56e-09	376	0.062331	-0.0213235	0.997828	0.761883	0.75726	-1	0	0	1	
7.6e-09	378	0.100261	-0.0018571	0.994959	0.759829	0.754035	-1	0	0	1	
7.64e-09	380	-0.0983257	0.00383477	0.995147	0.753889	0.752746	-1	0	0	1	
7.68e-09	382	-0.0215825	-0.0490088	0.998565	0.749084	0.751009	-1	0	0	1	
7.72e-09	384	-0.00910912	0.00584423	0.999941	0.735301	0.747813	-1	0	0	1	
7.76e-09	386	-0.0359462	0.051643	0.998018	0.750858	0.747996	-1	0	0	1	
7.8e-09	388	-0.0170497	-0.0436435	0.998902	0.752027	0.747347	-1	0	0	1	
7.84e-09	390	-0.0147664	-0.0397544	0.9991	0.74826	0.743068	-1	0	0	1	
7.88e-09	392	-0.0230299	0.0300015	0.999285	0.735311	0.742784	-1	0	0	1	
7.92e-09	394	-0.0192856	0.0365869	0.999144	0.73877	0.740679	-1	0	0	1	
7.96e-09	396	-0.0697404	0.0554843	0.996021	0.740771	0.735254	-1	0	0	1	
8e-09	398	-0.0679275	-0.112605	0.991315	0.72887	0.736567	-1	0	0	1	
8.04e-09	400	-0.0324821	-0.0495765	0.998242	0.735771	0.735157	-1	0	0	1	
8.08e-09	402	-0.0312689	0.0355471	0.998879	0.738882	0.734585	-1	0	0	1	
8.12e-09	404	0.0761544	-0.0318704	0.996587	0.723974	0.732241	-1	0	0	1	
8.16e-09	406	0.0637935	-0.0876874	0.994103	0.731841	0.731348	-1	0	0	1	
8.2e-09	408	-0.0500609	-0.0122221	0.998671	0.723253	0.725811	-1	0	0	1	
8.24e-09	410	-0.00538797	0.048572	0.998805	0.72813	0.728743	-1	0	0	1	
8.28e-09	412	0.100048	0.0216393	0.994747	0.733491	0.725238	-1	0	0	1	
8.32e-09	414	-0.0507176	-0.0212849	0.998486	0.715723	0.71931	-1	0	0	1	
8.36e-09	416	0.0356361	-0.00331891	0.999359	0.720491	0.722021	-1	0	0	1	
8.4e-09	418	-0.0384176	-0.0551212	0.99774	0.721318	0.716922	-1	0	0	1	
8.44e-09	420	-0.0428977	0.0311887	0.998593	0.723685	0.715781	-1	0	0	1	
8.48e-09	422	0.00447536	-0.0465791	0.998905	0.715743	0.716821	-1	0	0	1	
8.52e-09	424	-0.0378501	0.0395411	0.998501	0.707166	0.711419	-1	0	0	1	
8.56e-09	426	0.0494053	-0.0173034	0.998629	0.707055	0.710756	-1	0	0	1	
8.6e-09	428	0.0332886	-0.0539846	0.997987	0.702171	0.708039	-1	0	0	1	
8.64e-09	430	-0.0150975	-0.0271796	0.999517	0.694418	0.703558	-1	0	0	1	
8.68e-09	432	0.0659224	0.0570502	0.996193	0.689864	0.703338	-1	0	0	1	
8.72e-09	434	-0.0269026	-0.0709502	0.997117	0.697352	0.703584	-1	0	0	1	
8.76e-09	436	-0.0324513	-0.0354442	0.998845	0.692903	0.698033	-1	0	0	1	
8.8e-09	438	0.060046	0.0310816	0.997712	0.692399	0.699348	-1	0	0	1	
8.84e-09	440	-0.0233243	0.00394988	0.99972	0.694715	0.698417	-1	0	0	1	
8.88e-09	442	-0.026764	-0.0144133	0.999538	0.699915	0.697276	-1	0	0	1	
8.92e-09	444	-0.0692653	0.0240306	0.997309	0.68625	0.688877	-1	0	0	1	
8.96e-09	446	0.0241413	-0.0237866	0.999426	0.693436	0.688294	-1	0	0	1	
9e-09	448	0.0425374	0.0276299	0.998713	0.696494	0.689351	-1	0	0	1	
9.04e-09	450	-0.00612644	-0.0545008	0.998495	0.68988	0.688363	-1	0	0	1	
9.08e-09	452	-0.0271518	-0.0781257	0.996574	0.69153	0.68473	-1	0	0	1	
9.12e-09	454	-0.0245023	-0.0441421	0.998725	0.683892	0.684724	-1	0	0	1	
9.16e-09	456	0.0328697	0.0170771	0.999314	0.679214	0.678643	-1	0	0	1	
9.2e-09	458	0.101207	-0.0321591	0.994345	0.682113	0.676911	-1	0	0	1	
9.24e-09	460	0.0741169	-0.043399	0.996305	0.680894	0.672903	-1	0	0	1	
9.28e-09	462	0.0160581	0.00622668	0.999852	0.670969	0.674413	-1	0	0	1	
9.32e-09	464	-0.0197838	-0.0528296	0.998408	0.667171	0.671401	-1	0	0	1	
9.36e-09	466	-0.0330087	-0.0278377	0.999067	0.674217	0.671705	-1	0	0	1	
9.4e-09	468	-0.00803658	0.0452356	0.998944	0.660631	0.666033	-1	0	0	1	
9.44e-09	470	-0.0774585	-0.0645837	0.994902	0.669693	0.665736	-1	0	0	1	
9.48e-09	472	0.00259422	0.018643	0.999823	0.655736	0.66129	-1	0	0	1	
9.52e-09	474	-0.0526009	0.0536553	0.997173	0.664575	0.658563	-1	0	0	1	
9.56e-09	476	-0.0135623	-0.0152517	0.999792	0.653336	0.660927	-1	0	0	1	
9.6e-09	478	-0.00254644	0.0517489	0.998657	0.653422	0.652238	-1	0	0	1	
9.64e-09	480	-0.020603	0.0211664	0.999564	0.657326	0.655342	-1	0	0	1	
9.68e-09	482	-0.0150729	-0.0515601	0.998556	0.651032	0.651166	-1	0	0	1	
9.72e-09	484	-0.00676177	0.148843	0.988838	0.635399	0.648759	-1	0	0	1	
9.76e-09	486	-0.0736015	-0.0723869	0.994657	0.639934	0.641527	-1	0	0	1	
9.8e-09	488	-0.000512506	0.140051	0.990144	0.637915	0.64261	-1	0	0	1	
9.84e-09	490	-0.0309259	-0.044714	0.998521	0.647003	0.644192	-1	0	0	1	
9.88e-09	492	0.0340446	0.0474224	0.998295	0.646138	0.638276	-1	0	0	1	
9.92e-09	494	0.0597763	-0.0479272	0.997061	0.62883	0.638217	-1	0	0	1	
9.96e-09	496	0.0121215	0.0316056	0.999427	0.626102	0.628827	-1	0	0	1	
1e-08	498	-0.0730779	0.0320669	0.996811	0.627261	0.632039	-1	0	0	1	
1.004e-08	500	-0.0144618	-0.0379184	0.999176	0.643206	0.629521	-1	0	0	1	
1.008e-08	502	0.136123	-0.0242429	0.990395	0.625572	0.628464	-1	0	0	1	
1.012e-08	504	0.0117046	-0.0381489	0.999204	0.641498	0.623017	-1	0	0	1	
1.016e-08	506	0.0311227	-0.0143795	0.999412	0.611588	0.616667	-1	0	0	1	
1.02e-08	508	-0.10336	-0.0808534	0.991352	0.608528	0.621694	-1	0	0	1	
1.024e-08	510	0.161888	0.0515359	0.985462	0.609005	0.613483	-1	0	0	1	
1.028e-08	512	-0.0277301	0.0274415	0.999239	0.622479	0.611499	-1	0	0	1	
1.032e-08	514	-0.00877955	0.116652	0.993134	0.631718	0.613149	-1	0	0	1	
1.036e-08	516	-0.0464721	0.090014	0.994856	0.607156	0.61163	-1	0	0	1	
1.04e-08	518	-0.0544772	0.0966571	0.993826	0.616708	0.600815	-1	0	0	1	
1.044e-08	520	0.0360152	-0.0437659	0.998392	0.601995	0.595958	-1	0	0	1	
1.048e-08	522	-0.00807321	-0.00266275	0.999964	0.603409	0.603067	-1	0	0	1	
1.052e-08	524	-0.0425041	-0.0418343	0.99822	0.588987	0.600327	-1	0	0	1	
1.056e-08	526	-0.0157935	0.081463	0.996551	0.61119	0.594923	-1	0	0	1	
1.06e-08	528	0.0304051	0.0842556	0.99598	0.578994	0.594199	-1	0	0	1	
1.064e-08	530	0.0152365	0.0160234	0.999756	0.596074	0.586085	-1	0	0	1	
1.068e-08	532	-0.0430109	-0.123067	0.991466	0.577469	0.585425	-1	0	0	1	
1.072e-08	534	0.0374689	0.0424625	0.998395	0.588511	0.581915	-1	0	0	1	
1.076e-08	536	-0.0546464	-0.108484	0.992595	0.583492	0.582509	-1	0	0	1	
1.08e-08	538	0.0400256	0.00242147	0.999196	0.58144	0.578136	-1	0	0	1	
1.084e-08	540	-0.0276191	0.0523343	0.998248	0.580316	0.56857	-1	0	0	1	
1.088e-08	542	-0.0662298	0.0430602	0.996875	0.573837	0.574865	-1	0	0	1	
1.092e-08	544	0.0588057	0.069429	0.995852	0.580115	0.570388	-1	0	0	1	
1.096e-08	546	-0.0717476	-0.0697915	0.994978	0.564555	0.570515	-1	0	0	1	
1.1e-08	548	-0.0559908	-0.188685	0.98044	0.550619	0.561977	-1	0	0	1	
1.104e-08	550	-0.0479912	0.231441	0.971665	0.539729	0.556005	-1	0	0	1	
1.108e-08	552	-0.222227	-0.0076372	0.974965	0.543899	0.554286	-1	0	0	1	
1.112e-08	554	-0.0327253	-0.028349	0.999062	0.547618	0.551893	-1	0	0	1	
1.116e-08	556	-0.145907	0.0854155	0.985604	0.557414	0.552601	-1	0	0	1	
1.12e-08	558	0.0470868	0.112398	0.992547	0.535149	0.543548	-1	0	0	1	
1.124e-08	560	-0.0163187	0.130036	0.991375	0.542769	0.54224	-1	0	0	1	
1.128e-08	562	0.151034	0.07057	0.986006	0.527196	0.54352	-1	0	0	1	
1.132e-08	564	0.0503923	0.142632	0.988492	0.516948	0.535181	-1	0	0	1	
1.136e-08	566	0.00369572	0.0595069	0.998221	0.512223	0.530027	-1	0	0	1	
1.14e-08	568	0.0152945	-0.00364021	0.999876	0.514377	0.525354	-1	0	0	1	
1.144e-08	570	0.0455074	0.165053	0.985234	0.536423	0.521145	-1	0	0	1	
1.148e-08	572	0.223015	-0.10359	0.969295	0.516631	0.515378	-1	0	0	1	
1.152e-08	574	0.264388	-0.00414209	0.964407	0.499608	0.51439	-1	0	0	1	
1.156e-08	576	0.128713	0.0655741	0.989511	0.522337	0.523746	-1	0	0	1	
1.16e-08	578	-0.0914473	-0.0102304	0.995757	0.511699	0.517873	-1	0	0	1	
1.164e-08	580	0.0558435	-0.015071	0.998326	0.495369	0.512062	-1	0	0	1	
1.168e-08	582	-0.0473951	0.0105088	0.998821	0.496997	0.510313	-1	0	0	1	
1.172e-08	584	-0.123438	-0.140896	0.982299	0.507366	0.495894	-1	0	0	1	
1.176e-08	586	-0.0692959	0.0843646	0.994022	0.495364	0.498032	-1	0	0	1	
1.18e-08	588	0.0926471	-0.00787286	0.995668	0.489275	0.489434	-1	0	0	1	
1.184e-08	590	-0.0250145	-0.0545377	0.998198	0.492376	0.494394	-1	0	0	1	
1.188e-08	592	-0.00336796	0.0639576	0.997947	0.472515	0.481438	-1	0	0	1	
1.192e-08	594	-0.0751755	0.0582395	0.995468	0.495429	0.475854	-1	0	0	1	
1.196e-08	596	0.0555937	0.203512	0.977493	0.45853	0.47425	-1	0	0	1	
1.2e-08	598	-0.0975429	-0.132357	0.986391	0.477156	0.473039	-1	0	0	1	
1.204e-08	600	0.0498183	0.00408643	0.99875	0.494361	0.472467	-1	0	0	1	
1.208e-08	602	0.145939	0.0878419	0.985386	0.441239	0.469099	-1	0	0	1	
1.212e-08	604	0.0679055	-0.0525718	0.996306	0.469807	0.458552	-1	0	0	1	
1.216e-08	606	-0.0878116	0.287962	0.953607	0.477812	0.460324	-1	0	0	1	
1.22e-08	608	-0.0527035	0.0635758	0.996584	0.460691	0.449168	-1	0	0	1	
1.224e-08	610	0.0427182	0.275721	0.960288	0.466186	0.441425	-1	0	0	1	
1.228e-08	612	0.0361155	0.135928	0.99006	0.435307	0.440124	-1	0	0	1	
1.232e-08	614	0.24732	-0.0566251	0.967278	0.432426	0.436882	-1	0	0	1	
1.236e-08	616	0.0723747	0.169812	0.982815	0.44106	0.436617	-1	0	0	1	
1.24e-08	618	-0.115692	0.117718	0.986285	0.401362	0.418049	-1	0	0	1	
1.244e-08	620	0.034506	-0.0771349	0.996423	0.414276	0.413282	-1	0	0	1	
1.248e-08	622	-0.135716	0.064965	0.988615	0.391995	0.420257	-1	0	0	1	
1.252e-08	624	-0.106627	0.0621866	0.992352	0.407508	0.405786	-1	0	0	1	
1.256e-08	626	0.134206	0.0924636	0.98663	0.383484	0.410251	-1	0	0	1	
1.26e-08	628	0.138188	0.120037	0.983105	0.417755	0.403927	-1	0	0	1	
1.264e-08	630	0.0763373	0.0818214	0.993719	0.389001	0.396994	-1	0	0	1	
1.268e-08	632	0.0622654	0.151381	0.986512	0.405266	0.397979	-1	0	0	1	
1.272e-08	634	0.13289	0.130637	0.982484	0.410626	0.382981	-1	0	0	1	
1.276e-08	636	0.00890034	-0.130234	0.991443	0.410403	0.386277	-1	0	0	1	
1.28e-08	638	0.1348	0.088922	0.986875	0.398282	0.373272	-1	0	0	1	
1.284e-08	640	-0.122869	0.260553	0.957609	0.331992	0.346297	-1	0	0	1	
1.288e-08	642	-0.0854807	0.0282478	0.995939	0.349717	0.353215	-1	0	0	1	
1.292e-08	644	-0.246331	-0.224883	0.942735	0.338192	0.340234	-1	0	0	1	
1.296e-08	646	-0.023707	0.133166	0.99081	0.36539	0.353098	-1	0	0	1	
1.3e-08	648	0.238471	-0.00935648	0.971104	0.297029	0.295501	-1	0	0	1	
1.304e-08	650	-0.0954906	0.0669117	-0.993179	0.349565	0.363561	-1	0	0	1	
1.308e-08	652	0.216532	-0.0523675	-0.97487	0.351613	0.360581	-1	0	0	1	
1.312e-08	654	-0.183836	-0.0698378	-0.980473	0.379137	0.3665	-1	0	0	1	
1.316e-08	656	0.156103	0.0672228	-0.985451	0.362726	0.35741	-1	0	0	1	
1.32e-08	658	-0.0585327	-0.0343253	-0.997695	0.361806	0.340969	-1	0	0	1	
1.324e-08	660	0.0718329	0.139741	-0.987579	0.317263	0.339188	-1	0	0	1	
1.328e-08	662	0.201067	-0.215726	-0.955528	0.338434	0.323763	-1	0	0	1	
1.332e-08	664	0.326456	0.00303817	-0.945208	0.3189	0.32532	-1	0	0	1	
1.336e-08	666	0.193564	0.0263798	-0.980733	0.3224	0.322104	-1	0	0	1	
1.34e-08	668	0.0503968	-0.0889727	-0.994758	0.342695	0.321662	-1	0	0	1	
1.344e-08	670	-0.0829653	0.14126	-0.98649	0.323281	0.307723	-1	0	0	1	
1.348e-08	672	-0.178946	-0.181251	-0.967019	0.282502	0.300648	-1	0	0	1	
1.352e-08	674	-0.0141637	-0.113169	-0.993475	0.285369	0.2848	-1	0	0	1	
1.356e-08	676	0.0309157	0.0549961	-0.998008	0.298033	0.294203	-1	0	0	1	
1.36e-08	678	-0.0943677	-0.0677171	-0.993232	0.27529	0.280204	-1	0	0	1	
1.364e-08	680	-0.292219	-0.353712	-0.888536	0.268129	0.274558	-1	0	0	1	
1.368e-08	682	-0.0708708	0.131875	-0.98873	0.294042	0.254923	-1	0	0	1	
1.372e-08	684	-0.181852	-0.256697	-0.949229	0.257727	0.263312	-1	0	0	1	
1.376e-08	686	-0.253421	-0.382017	-0.88873	0.212516	0.222993	-1	0	0	1	
1.38e-08	688	-0.0039384	-0.141113	-0.989986	0.221376	0.225184	-1	0	0	1	
1.384e-08	690	-0.0680149	0.0195595	-0.997493	0.219059	0.222715	-1	0	0	1	
1.388e-08	692	-0.468319	-0.0841391	-0.879544	0.197118	0.222451	-1	0	0	1	
1.392e-08	694	-0.0511123	-0.04303	-0.997765	0.201131	0.180825	-1	0	0	1	
1.396e-08	696	0.0850754	-0.384075	-0.919374	0.176141	0.191091	-1	0	0	1	
1.4e-08	698	-0.421831	0.0712356	-0.903872	0.173449	0.185793	-1	0	0	1	
1.404e-08	700	-0.0636965	-0.370677	-0.926575	0.197697	0.191807	-1	0	0	1	
1.408e-08	702	0.0232493	0.383765	-0.923138	0.171789	0.169892	-1	0	0	1	
1.412e-08	704	0.0174659	-0.113283	-0.993409	0.184318	0.163995	-1	0	0	1	
1.416e-08	706	0.00682044	-0.174388	-0.984653	0.153502	0.157656	-1	0	0	1	
1.42e-08	708	-0.642275	-0.352482	-0.680617	0.0807616	0.135904	-1	0	0	1	
1.424e-08	710	0.276822	0.112851	-0.954272	0.0992426	0.114334	-1	0	0	1	
1.428e-08	712	-0.26485	0.343324	-0.901101	0.111806	0.119634	-1	0	0	1	
1.432e-08	714	0.373844	-0.342252	-0.862035	0.16161	0.122878	-1	0	0	1	
1.436e-08	716	0.661519	0.681144	-0.313745	0.0451003	0.0906847	-1	0	0	1	
1.44e-08	718	-0.42966	0.653553	-0.623106	0.0331165	0.0935841	-1	0	0	1	
1.444e-08	720	-0.827925	-0.154074	-0.53926	0.115614	0.066395	-1	0	0	1	
1.448e-08	722	-0.442273	0.581711	-0.682647	0.08689	0.0842015	-1	0	0	1	
1.452e-08	724	0.114673	0.166985	-0.979268	0.117127	0.0934888	-1	0	0	1	
1.456e-08	726	0.0547476	0.659363	-0.749829	0.104527	0.0746713	-1	0	0	1	
1.46e-08	728	0.237681	-0.311885	-0.919911	0.0691726	0.0729194	-1	0	0	1	
1.464e-08	730	-0.0980946	0.286287	-0.953109	0.12995	0.0735906	-1	0	0	1	
1.468e-08	732	-0.0749977	-0.290684	-0.953875	0.0734281	0.0781965	-1	0	0	1	
1.472e-08	734	-0.86422	0.239072	-0.442683	0.0564163	0.067015	-1	0	0	1	
1.476e-08	736	0.123586	0.227136	-0.96599	0.0589309	0.0682727	-1	0	0	1	
1.48e-08	738	-0.330158	-0.0379412	-0.943163	0.0973616	0.065963	-1	0	0	1	
1.484e-08	740	0.056295	-0.0582167	-0.996715	0.0248626	0.0519625	-1	0	0	1	
1.488e-08	742	0.0175573	0.633869	-0.773241	0.0203986	0.0674313	-1	0	0	1	
1.492e-08	744	0.958893	0.262963	0.106653	0.0294174	0.0510957	-1	0	0	1	
1.496e-08	746	-0.174423	-0.828233	-0.532548	0.0791589	0.0540472	-1	0	0	1	
1.5e-08	748	0.134671	0.340553	-0.930531	0.0368512	0.0569483	-1	0	0	1	
1.504e-08	750	0.0485966	-0.306088	-0.950762	0.0445103	0.0512758	-1	0	0	1	
1.508e-08	752	-0.340282	0.557217	-0.757441	0.0103795	0.0434425	-1	0	0	1	
1.512e-08	754	0.406154	-0.027737	-0.913384	0.0311798	0.0497171	-1	0	0	1	
1.516e-08	756	-0.14118	0.267185	0.953247	0.0281185	0.0500728	-1	0	0	1	
1.52e-08	758	-0.304452	-0.791423	-0.530055	0.033943	0.0502618	-1	0	0	1	
1.524e-08	760	-0.653717	0.375297	-0.657119	0.0332502	0.0309728	-1	0	0	1	
1.528e-08	762	-0.463168	-0.0446079	-0.885147	0.0375305	0.0433542	-1	0	0	1	
1.532e-08	764	-0.646947	-0.664235	-0.374501	0.0255605	0.0391854	-1	0	0	1	
1.536e-08	766	0.0244453	0.151828	-0.988105	0.042862	0.0431689	-1	0	0	1	
1.54e-08	768	-0.156899	-0.987613	0.0020642	0.0289225	0.0346364	-1	0	0	1	
1.544e-08	770	0.0636554	-0.306029	-0.949892	0.020962	0.0391972	-1	0	0	1	
1.548e-08	772	0.230722	0.57897	-0.782024	0.0256719	0.0396929	-1	0	0	1	
1.552e-08	774	0.375945	-0.257727	-0.89008	0.0518261	0.0459421	-1	0	0	1	
1.556e-08	776	-0.0277852	-0.946591	-0.321237	0.0240689	0.0355219	-1	0	0	1	
1.56e-08	778	-0.151559	0.561065	-0.813779	0.035341	0.0347484	-1	0	0	1	
1.564e-08	780	0.278361	-0.407467	-0.869762	0.0387939	0.0438064	-1	0	0	1	
1.568e-08	782	-0.661791	-0.615936	-0.427382	0.0345998	0.04016	-1	0	0	1	
1.572e-08	784	-0.418591	0.885725	-0.200679	0.0457301	0.0328396	-1	0	0	1	
1.576e-08	786	-0.433457	-0.524266	-0.73298	0.0241363	0.0278812	-1	0	0	1	
1.58e-08	788	0.821602	-0.371953	0.431996	0.0130527	0.030709	-1	0	0	1	
1.584e-08	790	-0.0843722	0.715838	0.693151	0.0141557	0.0315511	-1	0	0	1	
1.588e-08	792	-0.248532	-0.911129	-0.328749	0.0447509	0.0416406	-1	0	0	1	
1.592e-08	794	-0.647271	0.55466	-0.52287	0.0702952	0.0413759	-1	0	0	1	
1.596e-08	796	0.807029	-0.572559	0.144501	0.0345866	0.0348115	-1	0	0	1	
1.6e-08	798	0.0376386	-0.0959133	-0.994678	0.0418452	0.0360476	-1	0	0	1	
1.604e-08	800	0.399197	0.793545	-0.459269	0.0516499	0.0318761	-1	0	0	1	
1.608e-08	802	0.948645	-0.179915	-0.260199	0.0404558	0.0292442	-1	0	0	1	
1.612e-08	804	0.149012	0.91533	-0.374121	0.0466455	0.0298618	-1	0	0	1	
1.616e-08	806	-0.349143	0.694322	-0.629298	0.046719	0.0353137	-1	0	0	1	
1.62e-08	808	-0.975154	0.139134	0.172387	0.0322668	0.0314593	-1	0	0	1	
1.624e-08	810	-0.0333572	-0.0756492	-0.996576	0.0484351	0.0329047	-1	0	0	1	
1.628e-08	812	0.578845	0.53507	-0.615336	0.0218801	0.0272589	-1	0	0	1	
1.632e-08	814	-0.230983	0.792887	-0.563894	0.00600292	0.0212872	-1	0	0	1	
1.636e-08	816	0.155321	-0.301137	-0.940847	0.0562919	0.0383497	-1	0	0	1	
1.64e-08	818	0.901603	0.372516	-0.219874	0.0271596	0.0283877	-1	0	0	1	
1.644e-08	820	-0.111936	-0.174323	-0.978306	0.0360955	0.0328337	-1	0	0	1	
1.648e-08	822	0.495707	-0.510806	-0.70239	0.0327001	0.0268652	-1	0	0	1	
1.652e-08	824	-0.229157	0.0755755	-0.970451	0.0602567	0.0253478	-1	0	0	1	
1.656e-08	826	0.672072	-0.738365	-0.0560083	0.0335253	0.0350348	-1	0	0	1	
1.66e-08	828	-0.903531	-0.051929	-0.425365	0.0102332	0.0239516	-1	0	0	1	
1.664e-08	830	-0.552053	0.677475	-0.48607	0.0294504	0.0229972	-1	0	0	1	
1.668e-08	832	-0.78492	0.0038757	0.619585	0.0463676	0.0291447	-1	0	0	1	
1.672e-08	834	0.831362	0.430615	0.351295	0.0289257	0.0245303	-1	0	0	1	
1.676e-08	836	0.712541	-0.65534	0.250628	0.0110519	0.0292791	-1	0	0	1	
1.68e-08	838	0.351865	0.577817	-0.736423	0.0269003	0.0215979	-1	0	0	1	
1.684e-08	840	0.591926	0.658503	-0.464755	0.016892	0.0283448	-1	0	0	1	
1.688e-08	842	0.0903675	0.887064	-0.452715	0.0200276	0.0274762	-1	0	0	1	
1.692e-08	844	0.230178	-0.610996	0.757431	0.0457947	0.0286841	-1	0	0	1	
1.696e-08	846	-0.792845	0.523356	0.312242	0.0339179	0.0261365	-1	0	0	1	
1.7e-08	848	-0.351242	-0.430644	-0.831369	0.0274761	0.0190539	-1	0	0	1	
1.704e-08	850	-0.648738	0.0772483	-0.757081	0.0185533	0.0222577	-1	0	0	1	
1.708e-08	852	0.0356344	-0.58067	0.813359	0.0213133	0.0244365	-1	0	0	1	
1.712e-08	854	-0.359249	-0.794371	0.489811	0.0276979	0.0195109	-1	0	0	1	
1.716e-08	856	0.464216	-0.568136	0.679504	0.0213137	0.0253757	-1	0	0	1	
1.72e-08	858	-0.656555	-0.0311091	-0.753637	0.0556234	0.0281529	-1	0	0	1	
1.724e-08	860	0.266738	0.742739	0.614158	0.0123102	0.0211739	-1	0	0	1	
1.728e-08	862	-0.386575	-0.111816	-0.915455	0.0248237	0.0191211	-1	0	0	1	
1.732e-08	864	0.265554	-0.427167	-0.864297	0.0198291	0.0237497	-1	0	0	1	
1.736e-08	866	-0.810327	0.585844	0.0125128	0.0144111	0.0240001	-1	0	0	1	
1.74e-08	868	-0.449618	-0.0434747	-0.892162	0.00796229	0.0202229	-1	0	0	1	
1.744e-08	870	-0.333199	0.791426	-0.512468	0.016795	0.0256312	-1	0	0	1	
1.748e-08	872	-0.207514	-0.819466	0.534241	0.0156403	0.0207443	-1	0	0	1	
1.752e-08	874	-0.876275	0.366569	0.312681	0.0225021	0.0259338	-1	0	0	1	
1.756e-08	876	-0.598523	0.347129	-0.721992	0.0436977	0.0256838	-1	0	0	1	
1.76e-08	878	0.279989	0.405886	-0.869979	0.016528	0.0206077	-1	0	0	1	
1.764e-08	880	-0.986574	0.141291	0.0819066	0.0383123	0.0264887	-1	0	0	1	
1.768e-08	882	0.553001	-0.311986	-0.772563	0.044143	0.030582	-1	0	0	1	
1.772e-08	884	-0.175713	0.623428	-0.761881	0.0427453	0.0258795	-1	0	0	1	
1.776e-08	886	-0.906906	-0.32457	0.268656	0.0302009	0.0233354	-1	0	0	1	
1.78e-08	888	0.136273	0.793764	-0.592763	0.0202032	0.0203638	-1	0	0	1	
1.784e-08	890	-0.644137	0.589379	-0.487564	0.013742	0.0225715	-1	0	0	1	
1.788e-08	892	-0.483671	0.754898	-0.442935	0.0228547	0.0191149	-1	0	0	1	
1.792e-08	894	0.544497	0.813138	-0.205741	0.0213201	0.0248573	-1	0	0	1	
1.796e-08	896	-0.0841025	0.857121	-0.508203	0.00591925	0.0295135	-1	0	0	1	
1.8e-08	898	0.00897847	-0.657937	-0.753019	0.0103865	0.0163619	-1	0	0	1	
1.804e-08	900	-0.36619	0.479785	-0.797315	0.0217806	0.0157011	-1	0	0	1	
