#----------------------------------------------------------------------------------------------------------------------------------------------------------
# Output file for vampire simulation
#   time       : 2022-02-09 13:01:19     process id : 36133
#   hostname   : compute-0-1.local
#   path       : /home/MINT_WS/luknam/WS_dia5/Thickness5/size_2.0_2.0_5nm/Temp_900/random_1
#----------------------------------------------------------------------------------------------------------------------------------------------------------
4e-11	0	0	0	1	1	1	-1	0	0	1	
8e-11	2	-0.00277453	0.00398794	0.999988	0.998857	0.998832	-1	0	0	1	
1.2e-10	4	-0.00754963	0.000954893	0.999971	0.997902	0.997516	-1	0	0	1	
1.6e-10	6	-0.000199437	0.0271657	0.999631	0.996362	0.99642	-1	0	0	1	
2e-10	8	-0.0168993	0.0137305	0.999763	0.995793	0.995211	-1	0	0	1	
2.4e-10	10	-0.022692	-0.0123207	0.999667	0.993671	0.993916	-1	0	0	1	
2.8e-10	12	-0.00791412	0.00391269	0.999961	0.992499	0.992567	-1	0	0	1	
3.2e-10	14	0.00857775	-0.0178464	0.999804	0.991643	0.991209	-1	0	0	1	
3.6e-10	16	-0.0143614	0.0182224	0.999731	0.990047	0.990186	-1	0	0	1	
4e-10	18	-0.00509216	0.0254254	0.999664	0.989869	0.989156	-1	0	0	1	
4.4e-10	20	-0.010913	0.0278444	0.999553	0.989459	0.988072	-1	0	0	1	
4.8e-10	22	-0.0121473	0.015401	0.999808	0.985521	0.986357	-1	0	0	1	
5.2e-10	24	0.0474972	0.0402601	0.99806	0.984481	0.986114	-1	0	0	1	
5.6e-10	26	-0.0575051	0.0520434	0.996988	0.98462	0.984162	-1	0	0	1	
6e-10	28	0.0130153	0.00436942	0.999906	0.983541	0.983184	-1	0	0	1	
6.4e-10	30	0.0503089	-0.0131046	0.998648	0.982492	0.981241	-1	0	0	1	
6.8e-10	32	0.0606821	0.0854466	0.994493	0.98147	0.980532	-1	0	0	1	
7.2e-10	34	-0.0191105	-0.0629776	0.997832	0.97943	0.979107	-1	0	0	1	
7.6e-10	36	-0.086572	0.0193275	0.996058	0.979053	0.977591	-1	0	0	1	
8e-10	38	0.0147772	-0.0189964	0.99971	0.979055	0.977177	-1	0	0	1	
8.4e-10	40	0.0160561	-0.04335	0.998931	0.976897	0.974729	-1	0	0	1	
8.8e-10	42	0.0286238	-0.0208409	0.999373	0.969099	0.9741	-1	0	0	1	
9.2e-10	44	-0.0468165	0.0259719	0.998566	0.973833	0.972334	-1	0	0	1	
9.6e-10	46	0.034136	-0.033892	0.998842	0.972886	0.971996	-1	0	0	1	
1e-09	48	0.0222727	0.0232612	0.999481	0.969777	0.969968	-1	0	0	1	
1.04e-09	50	0.0443264	0.0324123	0.998491	0.970019	0.968919	-1	0	0	1	
1.08e-09	52	0.00851741	0.017352	0.999813	0.969209	0.969201	-1	0	0	1	
1.12e-09	54	0.10696	0.0625056	0.992297	0.965767	0.965366	-1	0	0	1	
1.16e-09	56	-0.0234795	0.000786861	0.999724	0.967942	0.964471	-1	0	0	1	
1.2e-09	58	0.0116226	0.0284531	0.999528	0.961673	0.963986	-1	0	0	1	
1.24e-09	60	0.000445682	0.0111773	0.999937	0.958627	0.962435	-1	0	0	1	
1.28e-09	62	0.0595536	-0.0335141	0.997662	0.961173	0.958715	-1	0	0	1	
1.32e-09	64	-0.0482864	-0.043567	0.997883	0.961749	0.960113	-1	0	0	1	
1.36e-09	66	-0.0301651	-0.0214823	0.999314	0.959088	0.959663	-1	0	0	1	
1.4e-09	68	-0.0299018	-0.0512395	0.998239	0.953075	0.957188	-1	0	0	1	
1.44e-09	70	0.0508896	-0.062299	0.996759	0.955905	0.956066	-1	0	0	1	
1.48e-09	72	-0.0489641	0.0301123	0.998347	0.953634	0.955627	-1	0	0	1	
1.52e-09	74	-0.025794	0.0133058	0.999579	0.953009	0.951895	-1	0	0	1	
1.56e-09	76	-0.0129093	-0.0775402	0.996906	0.95316	0.952973	-1	0	0	1	
1.6e-09	78	-0.00248786	-0.00548721	0.999982	0.948372	0.951107	-1	0	0	1	
1.64e-09	80	-0.0178151	0.0301311	0.999387	0.945755	0.94996	-1	0	0	1	
1.68e-09	82	0.0118375	-0.0489973	0.998729	0.9509	0.951046	-1	0	0	1	
1.72e-09	84	0.0557578	-0.040609	0.997618	0.952086	0.946782	-1	0	0	1	
1.76e-09	86	-0.0692663	-0.016094	0.997468	0.949251	0.947681	-1	0	0	1	
1.8e-09	88	-0.0547814	-0.0670944	0.996242	0.948378	0.946559	-1	0	0	1	
1.84e-09	90	-0.069488	0.0811802	0.994274	0.941905	0.943197	-1	0	0	1	
1.88e-09	92	0.030156	0.0842688	0.995987	0.944746	0.942761	-1	0	0	1	
1.92e-09	94	0.0175185	0.000941032	0.999846	0.942605	0.941752	-1	0	0	1	
1.96e-09	96	-0.0504837	-0.00385102	0.998717	0.940705	0.939367	-1	0	0	1	
2e-09	98	0.0684063	-0.0937731	0.993241	0.930154	0.937469	-1	0	0	1	
2.04e-09	100	0.0257973	-0.0440752	0.998695	0.934989	0.936138	-1	0	0	1	
2.08e-09	102	0.152588	-0.0609579	0.986408	0.939605	0.935472	-1	0	0	1	
2.12e-09	104	-0.0423341	0.0538924	0.997649	0.931104	0.933813	-1	0	0	1	
2.16e-09	106	-0.0791851	0.0426077	0.995949	0.934522	0.931675	-1	0	0	1	
2.2e-09	108	-0.198204	0.114908	0.973402	0.919819	0.933196	-1	0	0	1	
2.24e-09	110	0.0895478	0.00463799	0.995972	0.931464	0.930088	-1	0	0	1	
2.28e-09	112	0.019214	-0.159417	0.987024	0.920754	0.925623	-1	0	0	1	
2.32e-09	114	-0.0900821	0.00502711	0.995922	0.920438	0.927041	-1	0	0	1	
2.36e-09	116	-0.106331	-0.0427121	0.993413	0.925124	0.925239	-1	0	0	1	
2.4e-09	118	0.0642031	0.0740358	0.995187	0.920253	0.927657	-1	0	0	1	
2.44e-09	120	0.0243779	-0.0865953	0.995945	0.908277	0.923633	-1	0	0	1	
2.48e-09	122	-0.066488	-0.0511021	0.996478	0.923916	0.923859	-1	0	0	1	
2.52e-09	124	0.0970416	0.200261	0.974925	0.922059	0.921282	-1	0	0	1	
2.56e-09	126	0.0349601	0.0399256	0.998591	0.923553	0.919523	-1	0	0	1	
2.6e-09	128	-0.106282	0.0883817	0.9904	0.910773	0.91531	-1	0	0	1	
2.64e-09	130	0.144628	0.0320117	0.988968	0.913761	0.916044	-1	0	0	1	
2.68e-09	132	0.0141033	0.0429747	0.998977	0.913695	0.908045	-1	0	0	1	
2.72e-09	134	0.0564065	0.0304511	0.997943	0.913869	0.913547	-1	0	0	1	
2.76e-09	136	0.11367	0.0600414	0.991703	0.90217	0.909313	-1	0	0	1	
2.8e-09	138	0.054573	-0.0575108	0.996852	0.911614	0.909148	-1	0	0	1	
2.84e-09	140	0.00800173	-0.00718198	0.999942	0.914245	0.907168	-1	0	0	1	
2.88e-09	142	0.0976734	-0.0106809	0.995161	0.901531	0.901324	-1	0	0	1	
2.92e-09	144	-0.0164783	-0.00519573	0.999851	0.913481	0.906306	-1	0	0	1	
2.96e-09	146	-0.162415	-0.0285889	0.986308	0.89678	0.905625	-1	0	0	1	
3e-09	148	0.00645774	0.147196	0.989086	0.913676	0.902743	-1	0	0	1	
3.04e-09	150	-0.00210351	-0.021597	0.999765	0.911796	0.907372	-1	0	0	1	
3.08e-09	152	0.0147304	-0.0638521	0.997851	0.905015	0.904407	-1	0	0	1	
3.12e-09	154	-0.156782	-0.00538398	0.987619	0.900901	0.899568	-1	0	0	1	
3.16e-09	156	-0.231114	0.254829	0.938961	0.88948	0.896109	-1	0	0	1	
3.2e-09	158	0.0502059	-0.00647395	0.998718	0.906592	0.899949	-1	0	0	1	
3.24e-09	160	-0.0795811	0.0187022	0.996653	0.897386	0.896541	-1	0	0	1	
3.28e-09	162	0.0486864	0.0106774	0.998757	0.894638	0.89267	-1	0	0	1	
3.32e-09	164	-0.00640925	0.162624	0.986667	0.893872	0.889723	-1	0	0	1	
3.36e-09	166	0.0953572	0.0465715	0.994353	0.89309	0.889354	-1	0	0	1	
3.4e-09	168	0.160938	0.0855453	0.98325	0.882115	0.887859	-1	0	0	1	
3.44e-09	170	-0.154217	-0.0550048	0.986505	0.885794	0.885907	-1	0	0	1	
3.48e-09	172	0.0587109	-0.164869	0.984567	0.898166	0.888942	-1	0	0	1	
3.52e-09	174	-0.0198154	-0.243514	0.969695	0.892763	0.884833	-1	0	0	1	
3.56e-09	176	-0.216228	0.0580429	0.974616	0.894949	0.883693	-1	0	0	1	
3.6e-09	178	0.183621	0.0773503	0.979949	0.877141	0.881994	-1	0	0	1	
3.64e-09	180	0.0263548	-0.0920844	0.995402	0.86222	0.8789	-1	0	0	1	
3.68e-09	182	-0.162952	0.080562	0.983339	0.887216	0.878589	-1	0	0	1	
3.72e-09	184	-0.136779	0.0771963	0.987589	0.863044	0.868752	-1	0	0	1	
3.76e-09	186	0.00155486	0.042471	0.999096	0.882751	0.877965	-1	0	0	1	
3.8e-09	188	-0.0674649	0.250413	0.965786	0.858107	0.871883	-1	0	0	1	
3.84e-09	190	0.118759	0.0564956	0.991315	0.888221	0.874162	-1	0	0	1	
3.88e-09	192	-0.203331	-0.0437656	0.978131	0.875395	0.871524	-1	0	0	1	
3.92e-09	194	0.136672	-0.195949	0.971043	0.870043	0.867438	-1	0	0	1	
3.96e-09	196	0.204074	0.00843276	0.978919	0.847675	0.862387	-1	0	0	1	
4e-09	198	0.0657178	-0.00918648	0.997796	0.868086	0.865423	-1	0	0	1	
4.04e-09	200	0.0298396	-0.0770588	0.99658	0.863587	0.863038	-1	0	0	1	
4.08e-09	202	-0.0770777	-0.0382563	0.996291	0.863804	0.860905	-1	0	0	1	
4.12e-09	204	0.0663234	-0.117582	0.990846	0.855519	0.865509	-1	0	0	1	
4.16e-09	206	-0.0235374	-0.18706	0.982066	0.855044	0.867022	-1	0	0	1	
4.2e-09	208	0.150871	0.239813	0.959024	0.862111	0.863796	-1	0	0	1	
4.24e-09	210	-0.218327	-0.126226	0.967678	0.841592	0.85656	-1	0	0	1	
4.28e-09	212	0.0179586	-0.0309946	0.999358	0.861813	0.861535	-1	0	0	1	
4.32e-09	214	-0.196752	-0.0146649	0.980344	0.846593	0.852973	-1	0	0	1	
4.36e-09	216	0.0803534	0.0376388	0.996056	0.856759	0.846804	-1	0	0	1	
4.4e-09	218	-0.168826	0.0808935	0.982321	0.869422	0.85149	-1	0	0	1	
4.44e-09	220	0.155825	0.161846	0.974435	0.859253	0.854031	-1	0	0	1	
4.48e-09	222	0.138989	-0.0169214	0.990149	0.848732	0.851053	-1	0	0	1	
4.52e-09	224	0.195138	-0.0768527	0.97776	0.859149	0.851356	-1	0	0	1	
4.56e-09	226	-0.128368	0.087547	0.987855	0.832351	0.83983	-1	0	0	1	
4.6e-09	228	-0.192543	-0.105831	0.975565	0.84284	0.838588	-1	0	0	1	
4.64e-09	230	0.0775093	-0.166193	0.983042	0.826041	0.841432	-1	0	0	1	
4.68e-09	232	0.0714667	-0.0848606	0.993827	0.854967	0.84461	-1	0	0	1	
4.72e-09	234	0.148674	-0.229657	0.961849	0.844643	0.838637	-1	0	0	1	
4.76e-09	236	-0.106271	0.0180106	0.994174	0.819186	0.83409	-1	0	0	1	
4.8e-09	238	-0.0911198	0.110669	0.989671	0.853508	0.841487	-1	0	0	1	
4.84e-09	240	0.101043	-0.169125	0.980401	0.84755	0.831764	-1	0	0	1	
4.88e-09	242	0.0421073	0.198872	0.979121	0.824683	0.832328	-1	0	0	1	
4.92e-09	244	-0.176807	0.311181	0.933759	0.846409	0.834649	-1	0	0	1	
4.96e-09	246	0.334533	-0.00452573	0.942373	0.832829	0.818389	-1	0	0	1	
5e-09	248	-0.138223	-0.0161915	0.990269	0.830856	0.824144	-1	0	0	1	
5.04e-09	250	-0.302742	0.0922075	0.948602	0.838211	0.82764	-1	0	0	1	
5.08e-09	252	0.0871008	0.411337	0.907312	0.804483	0.82337	-1	0	0	1	
5.12e-09	254	-0.0639644	-0.105024	0.99241	0.811154	0.823121	-1	0	0	1	
5.16e-09	256	-0.168673	0.128289	0.977288	0.837816	0.822579	-1	0	0	1	
5.2e-09	258	0.237553	-0.316995	0.918195	0.804453	0.814554	-1	0	0	1	
5.24e-09	260	0.179284	0.188814	0.965508	0.813303	0.816199	-1	0	0	1	
5.28e-09	262	-0.126719	-0.323413	0.937735	0.812071	0.815193	-1	0	0	1	
5.32e-09	264	0.206871	0.00362964	0.978361	0.824687	0.812597	-1	0	0	1	
5.36e-09	266	0.0228964	0.0248965	0.999428	0.808683	0.809753	-1	0	0	1	
5.4e-09	268	-0.149542	-0.105879	0.98307	0.779315	0.809719	-1	0	0	1	
5.44e-09	270	0.00991192	-0.153695	0.988069	0.812287	0.811757	-1	0	0	1	
5.48e-09	272	0.132377	0.111078	0.984956	0.791557	0.804002	-1	0	0	1	
5.52e-09	274	-0.228372	0.161196	0.960136	0.807413	0.799179	-1	0	0	1	
5.56e-09	276	0.0699754	0.2052	0.976215	0.820515	0.794669	-1	0	0	1	
5.6e-09	278	0.0238771	0.118788	0.992632	0.794724	0.81285	-1	0	0	1	
5.64e-09	280	-0.101952	-0.0277843	0.994401	0.808071	0.807005	-1	0	0	1	
5.68e-09	282	-0.0939101	-0.144602	0.985023	0.775358	0.801965	-1	0	0	1	
5.72e-09	284	0.107981	0.0265263	0.993799	0.792827	0.805988	-1	0	0	1	
5.76e-09	286	0.0611014	-0.212259	0.975301	0.792035	0.795156	-1	0	0	1	
5.8e-09	288	-0.0295842	0.203961	0.978532	0.810555	0.805026	-1	0	0	1	
5.84e-09	290	0.288785	-0.0150601	0.957276	0.8121	0.787496	-1	0	0	1	
5.88e-09	292	-0.0254722	-0.164199	0.986098	0.792272	0.790229	-1	0	0	1	
5.92e-09	294	0.0534131	0.0175425	0.998418	0.799001	0.784786	-1	0	0	1	
5.96e-09	296	-0.0859686	-0.10512	0.990737	0.807328	0.792415	-1	0	0	1	
6e-09	298	0.0725443	0.290475	0.954129	0.797634	0.774013	-1	0	0	1	
6.04e-09	300	-0.124556	-0.14011	0.98227	0.802142	0.778155	-1	0	0	1	
6.08e-09	302	-0.283527	0.0610443	0.957019	0.774146	0.790214	-1	0	0	1	
6.12e-09	304	0.106368	-0.0661349	0.992125	0.79299	0.775645	-1	0	0	1	
6.16e-09	306	0.195012	-0.0872982	0.976908	0.78001	0.775561	-1	0	0	1	
6.2e-09	308	0.0512397	-0.0641523	0.996624	0.768346	0.776992	-1	0	0	1	
6.24e-09	310	-0.0718011	0.101745	0.992216	0.756828	0.769121	-1	0	0	1	
6.28e-09	312	-0.0852644	0.0658095	0.994183	0.778309	0.766989	-1	0	0	1	
6.32e-09	314	0.237043	-0.172922	0.955986	0.76556	0.771037	-1	0	0	1	
6.36e-09	316	-0.303224	0.137629	0.942928	0.795031	0.763348	-1	0	0	1	
6.4e-09	318	0.285762	0.138672	0.948214	0.800267	0.776757	-1	0	0	1	
6.44e-09	320	0.166776	-0.104281	0.980465	0.75147	0.770252	-1	0	0	1	
6.48e-09	322	0.0829127	0.180545	0.980066	0.793057	0.764734	-1	0	0	1	
6.52e-09	324	0.151742	-0.161147	0.975195	0.777048	0.76557	-1	0	0	1	
6.56e-09	326	-0.417579	0.0352867	0.907955	0.772225	0.755539	-1	0	0	1	
6.6e-09	328	-0.17601	-0.3403	0.923697	0.749139	0.737153	-1	0	0	1	
6.64e-09	330	-0.281629	-0.251955	0.925853	0.774777	0.757159	-1	0	0	1	
6.68e-09	332	-0.0454319	0.323737	0.945056	0.765272	0.750895	-1	0	0	1	
6.72e-09	334	-0.101942	0.0816218	0.991436	0.74025	0.752293	-1	0	0	1	
6.76e-09	336	0.0259384	0.328664	0.944091	0.761386	0.745356	-1	0	0	1	
6.8e-09	338	0.14557	0.128249	0.981	0.733674	0.740567	-1	0	0	1	
6.84e-09	340	0.415594	0.328053	0.84833	0.773623	0.745616	-1	0	0	1	
6.88e-09	342	0.0751759	0.0380235	0.996445	0.758543	0.739022	-1	0	0	1	
6.92e-09	344	-0.112402	-0.480642	0.869683	0.698936	0.739478	-1	0	0	1	
6.96e-09	346	-0.256286	-0.281022	0.924848	0.771019	0.734176	-1	0	0	1	
7e-09	348	0.252253	0.206621	0.945345	0.739927	0.727784	-1	0	0	1	
7.04e-09	350	0.129089	0.0321298	0.991112	0.715044	0.741129	-1	0	0	1	
7.08e-09	352	-0.137729	-0.0620699	0.988523	0.736701	0.726157	-1	0	0	1	
7.12e-09	354	-0.0346168	-0.140647	0.989454	0.773023	0.73537	-1	0	0	1	
7.16e-09	356	0.186713	0.051619	0.981057	0.707361	0.726675	-1	0	0	1	
7.2e-09	358	-0.124672	0.10801	0.986302	0.762641	0.728432	-1	0	0	1	
7.24e-09	360	0.264969	-0.155801	0.951587	0.709723	0.72661	-1	0	0	1	
7.28e-09	362	-0.0174165	0.367247	0.92996	0.724212	0.724201	-1	0	0	1	
7.32e-09	364	0.170585	0.120252	0.977978	0.735296	0.737277	-1	0	0	1	
7.36e-09	366	-0.0222113	-0.368943	0.929187	0.714164	0.718446	-1	0	0	1	
7.4e-09	368	-0.0863346	-0.585512	0.806053	0.719957	0.6951	-1	0	0	1	
7.44e-09	370	0.28991	-0.0199371	0.956846	0.753872	0.728155	-1	0	0	1	
7.48e-09	372	-0.486399	0.164938	0.858028	0.714794	0.696089	-1	0	0	1	
7.52e-09	374	0.00840113	0.324423	0.945875	0.727868	0.711564	-1	0	0	1	
7.56e-09	376	0.0487785	-0.263869	0.963324	0.743855	0.723208	-1	0	0	1	
7.6e-09	378	0.0419896	-0.382863	0.92285	0.715995	0.703064	-1	0	0	1	
7.64e-09	380	-0.435693	0.0779646	-0.896713	0.630333	0.70607	-1	0	0	1	
7.68e-09	382	0.0535799	-0.0799569	-0.995357	0.742912	0.708321	-1	0	0	1	
7.72e-09	384	0.373227	0.239033	-0.896418	0.698331	0.71017	-1	0	0	1	
7.76e-09	386	-0.148167	-0.329176	-0.932572	0.706029	0.713054	-1	0	0	1	
7.8e-09	388	-0.133134	-0.122762	-0.983466	0.739661	0.700371	-1	0	0	1	
7.84e-09	390	0.477136	0.123144	-0.870159	0.75059	0.702466	-1	0	0	1	
7.88e-09	392	0.179504	-0.446534	-0.876576	0.625478	0.682104	-1	0	0	1	
7.92e-09	394	-0.0719436	-0.0957356	-0.992804	0.672929	0.678963	-1	0	0	1	
7.96e-09	396	0.0418993	0.0899045	-0.995069	0.679484	0.696942	-1	0	0	1	
8e-09	398	0.401125	0.103384	-0.910171	0.665051	0.690158	-1	0	0	1	
8.04e-09	400	0.133013	0.00156586	-0.991113	0.715553	0.693811	-1	0	0	1	
8.08e-09	402	-0.048688	0.0941731	-0.994365	0.684424	0.666022	-1	0	0	1	
8.12e-09	404	0.251468	0.0941302	-0.963277	0.661663	0.67492	-1	0	0	1	
8.16e-09	406	-0.0403184	0.307949	-0.950548	0.674217	0.669566	-1	0	0	1	
8.2e-09	408	-0.00807715	0.0908269	-0.995834	0.683573	0.666045	-1	0	0	1	
8.24e-09	410	-0.173629	-0.364688	-0.914798	0.64066	0.666778	-1	0	0	1	
8.28e-09	412	0.314718	-0.393431	-0.863808	0.692424	0.660745	-1	0	0	1	
8.32e-09	414	0.036894	-0.257053	-0.965693	0.655387	0.653189	-1	0	0	1	
8.36e-09	416	0.161352	0.0104286	-0.986842	0.632095	0.654936	-1	0	0	1	
8.4e-09	418	-0.188821	-0.478102	-0.857768	0.61892	0.658776	-1	0	0	1	
8.44e-09	420	0.15336	-0.401385	-0.902979	0.594277	0.657342	-1	0	0	1	
8.48e-09	422	-0.0215648	0.0383324	-0.999032	0.684437	0.662109	-1	0	0	1	
8.52e-09	424	-0.0939361	-0.0759569	-0.992676	0.651166	0.661816	-1	0	0	1	
8.56e-09	426	-0.117298	-0.0930712	-0.988726	0.679013	0.646886	-1	0	0	1	
8.6e-09	428	-0.208565	0.0377635	-0.977279	0.644254	0.618923	-1	0	0	1	
8.64e-09	430	0.150942	-0.218786	-0.964028	0.646485	0.645752	-1	0	0	1	
8.68e-09	432	-0.440489	-0.0161533	-0.897613	0.632927	0.644734	-1	0	0	1	
8.72e-09	434	-0.0641639	0.605772	0.793047	0.591818	0.640867	-1	0	0	1	
8.76e-09	436	-0.617711	-0.592567	0.517008	0.672883	0.633335	-1	0	0	1	
8.8e-09	438	-0.149192	-0.306577	0.940081	0.6601	0.631494	-1	0	0	1	
8.84e-09	440	-0.242895	-0.223235	0.944017	0.650665	0.651173	-1	0	0	1	
8.88e-09	442	-0.254155	0.354308	-0.899928	0.690314	0.65213	-1	0	0	1	
8.92e-09	444	-0.10531	0.213568	-0.971236	0.650959	0.628565	-1	0	0	1	
8.96e-09	446	0.30598	-0.222929	-0.92557	0.591268	0.633574	-1	0	0	1	
9e-09	448	-0.160264	0.0443807	-0.986076	0.637933	0.614072	-1	0	0	1	
9.04e-09	450	-0.0109997	0.0572468	-0.998299	0.676678	0.634424	-1	0	0	1	
9.08e-09	452	0.309889	0.176913	-0.934168	0.672998	0.627529	-1	0	0	1	
9.12e-09	454	0.270344	-0.0734304	-0.959959	0.654406	0.615164	-1	0	0	1	
9.16e-09	456	-0.0997581	-0.206358	-0.973378	0.625944	0.629133	-1	0	0	1	
9.2e-09	458	-0.0197762	0.125336	-0.991917	0.674174	0.610104	-1	0	0	1	
9.24e-09	460	-0.182518	0.187987	-0.965064	0.664461	0.612539	-1	0	0	1	
9.28e-09	462	0.0980714	0.361821	-0.927075	0.608534	0.590771	-1	0	0	1	
9.32e-09	464	-0.485577	0.119544	-0.865981	0.598384	0.606203	-1	0	0	1	
9.36e-09	466	0.126126	0.0108467	-0.991955	0.568154	0.611471	-1	0	0	1	
9.4e-09	468	-0.013874	-0.453117	-0.891343	0.627461	0.621443	-1	0	0	1	
9.44e-09	470	-0.243332	0.12732	-0.96155	0.557351	0.597635	-1	0	0	1	
9.48e-09	472	-0.13722	-0.295034	-0.945582	0.604517	0.596503	-1	0	0	1	
9.52e-09	474	-0.049526	-0.247248	-0.967686	0.621779	0.590676	-1	0	0	1	
9.56e-09	476	-0.470981	-0.198828	-0.859444	0.608369	0.589855	-1	0	0	1	
9.6e-09	478	-0.0745327	-0.326312	-0.942319	0.560027	0.574056	-1	0	0	1	
9.64e-09	480	0.198973	0.0555426	-0.97843	0.563517	0.577644	-1	0	0	1	
9.68e-09	482	-0.197108	0.0592664	-0.978589	0.608724	0.580043	-1	0	0	1	
9.72e-09	484	0.121066	0.469088	-0.874814	0.534973	0.570501	-1	0	0	1	
9.76e-09	486	0.236198	-0.0900389	-0.967525	0.566913	0.589047	-1	0	0	1	
9.8e-09	488	0.00549068	-0.367045	-0.930187	0.600968	0.559079	-1	0	0	1	
9.84e-09	490	-0.567857	0.271584	-0.777033	0.534163	0.55957	-1	0	0	1	
9.88e-09	492	-0.475969	0.338385	-0.811757	0.410833	0.557646	-1	0	0	1	
9.92e-09	494	-0.0727136	0.241544	-0.967662	0.561642	0.564347	-1	0	0	1	
9.96e-09	496	0.368032	-0.576303	-0.729676	0.539197	0.5466	-1	0	0	1	
1e-08	498	-0.834935	0.225353	-0.502095	0.59745	0.541745	-1	0	0	1	
1.004e-08	500	-0.203912	-0.0783283	-0.975851	0.62551	0.555722	-1	0	0	1	
1.008e-08	502	0.48049	-0.160822	-0.862128	0.487686	0.561058	-1	0	0	1	
1.012e-08	504	0.698932	-0.18656	-0.690427	0.559361	0.535658	-1	0	0	1	
1.016e-08	506	0.0980913	-0.0900782	-0.991092	0.540886	0.549138	-1	0	0	1	
1.02e-08	508	0.491534	-0.513206	-0.703573	0.318225	0.523721	-1	0	0	1	
1.024e-08	510	0.458112	-0.159285	-0.874506	0.577385	0.515303	-1	0	0	1	
1.028e-08	512	-0.121852	0.382141	0.916035	0.485262	0.493934	-1	0	0	1	
1.032e-08	514	-0.540684	0.616165	-0.572715	0.532327	0.517608	-1	0	0	1	
1.036e-08	516	0.277577	0.639565	-0.716874	0.54009	0.52944	-1	0	0	1	
1.04e-08	518	-0.371214	-0.26704	-0.88932	0.489487	0.508128	-1	0	0	1	
1.044e-08	520	-0.0448368	0.375673	-0.925667	0.564035	0.509349	-1	0	0	1	
1.048e-08	522	-0.313263	0.727638	0.610254	0.534494	0.531912	-1	0	0	1	
1.052e-08	524	-0.215551	-0.814658	-0.538395	0.473941	0.496929	-1	0	0	1	
1.056e-08	526	0.298295	0.0541069	-0.952939	0.488709	0.497456	-1	0	0	1	
1.06e-08	528	0.560659	0.0408875	-0.827036	0.460301	0.49128	-1	0	0	1	
1.064e-08	530	0.937179	-0.333905	-0.101006	0.351914	0.48932	-1	0	0	1	
1.068e-08	532	0.027537	0.207786	-0.977787	0.521794	0.509442	-1	0	0	1	
1.072e-08	534	-0.111727	0.845877	-0.521545	0.505548	0.474681	-1	0	0	1	
1.076e-08	536	-0.361887	0.673342	-0.644708	0.490746	0.490265	-1	0	0	1	
1.08e-08	538	-0.278252	0.399794	0.87335	0.528108	0.47973	-1	0	0	1	
1.084e-08	540	0.139477	-0.436927	-0.888618	0.453655	0.428161	-1	0	0	1	
1.088e-08	542	-0.323286	0.942306	0.086863	0.322701	0.461132	-1	0	0	1	
1.092e-08	544	0.286378	0.480362	-0.829	0.433014	0.457297	-1	0	0	1	
1.096e-08	546	0.62932	-0.00191845	-0.777144	0.506759	0.448651	-1	0	0	1	
1.1e-08	548	-0.373094	0.191048	-0.90791	0.407157	0.463068	-1	0	0	1	
1.104e-08	550	-0.0903612	-0.794415	-0.600616	0.481017	0.47781	-1	0	0	1	
1.108e-08	552	0.231427	0.303419	-0.924326	0.484334	0.447259	-1	0	0	1	
1.112e-08	554	0.728201	0.452268	-0.514954	0.343586	0.41659	-1	0	0	1	
1.116e-08	556	0.590483	-0.3309	-0.736095	0.506913	0.422821	-1	0	0	1	
1.12e-08	558	-0.871986	-0.125736	0.473107	0.523453	0.422077	-1	0	0	1	
1.124e-08	560	0.724554	0.363081	-0.585827	0.451878	0.435415	-1	0	0	1	
1.128e-08	562	0.68156	-0.134767	0.719245	0.497221	0.446013	-1	0	0	1	
1.132e-08	564	0.498104	-0.231969	-0.835513	0.463342	0.395412	-1	0	0	1	
1.136e-08	566	0.212431	-0.723885	-0.656402	0.323964	0.398783	-1	0	0	1	
1.14e-08	568	-0.189677	0.489713	0.851002	0.378359	0.396884	-1	0	0	1	
1.144e-08	570	0.188108	0.56107	-0.806112	0.400094	0.405893	-1	0	0	1	
1.148e-08	572	-0.215104	0.405914	-0.888237	0.251076	0.384881	-1	0	0	1	
1.152e-08	574	0.866253	-0.185762	-0.463787	0.378029	0.394422	-1	0	0	1	
1.156e-08	576	-0.385003	0.126387	-0.91422	0.44992	0.385498	-1	0	0	1	
1.16e-08	578	-0.36808	0.917601	-0.150085	0.378436	0.357836	-1	0	0	1	
1.164e-08	580	-0.5655	0.348792	-0.747364	0.347532	0.377289	-1	0	0	1	
1.168e-08	582	0.224346	-0.55368	-0.80194	0.311008	0.385836	-1	0	0	1	
1.172e-08	584	-0.487907	0.16688	-0.856795	0.360942	0.380619	-1	0	0	1	
1.176e-08	586	-0.134704	-0.0681505	-0.98854	0.416935	0.369973	-1	0	0	1	
1.18e-08	588	0.102309	0.490745	-0.865276	0.399572	0.345318	-1	0	0	1	
1.184e-08	590	0.268576	0.945329	0.184986	0.269533	0.371016	-1	0	0	1	
1.188e-08	592	0.973793	-0.197721	-0.112399	0.433308	0.354359	-1	0	0	1	
1.192e-08	594	-0.559753	-0.574878	0.596818	0.236909	0.38796	-1	0	0	1	
1.196e-08	596	-0.517286	-0.542158	-0.662178	0.295038	0.331537	-1	0	0	1	
1.2e-08	598	0.570693	0.59433	0.56664	0.283678	0.302698	-1	0	0	1	
1.204e-08	600	0.568424	-0.534932	-0.625094	0.420867	0.289084	-1	0	0	1	
1.208e-08	602	0.915009	-0.149217	-0.374823	0.25904	0.34433	-1	0	0	1	
1.212e-08	604	-0.150924	0.831838	-0.534104	0.483448	0.357833	-1	0	0	1	
1.216e-08	606	0.393547	0.405661	-0.82496	0.299488	0.326745	-1	0	0	1	
1.22e-08	608	-0.863906	0.183084	-0.469199	0.202757	0.296542	-1	0	0	1	
1.224e-08	610	0.492108	-0.865056	0.0975087	0.393291	0.314595	-1	0	0	1	
1.228e-08	612	-0.991892	-0.0842906	-0.0951086	0.280867	0.309603	-1	0	0	1	
1.232e-08	614	0.0365444	-0.596064	-0.802105	0.332613	0.27675	-1	0	0	1	
1.236e-08	616	0.650562	-0.667339	0.36253	0.210525	0.314905	-1	0	0	1	
1.24e-08	618	0.314356	-0.811352	-0.492837	0.368785	0.322695	-1	0	0	1	
1.244e-08	620	0.257784	0.953928	-0.15352	0.195498	0.266615	-1	0	0	1	
1.248e-08	622	0.37396	0.63104	-0.679664	0.398268	0.298656	-1	0	0	1	
1.252e-08	624	0.526475	0.823336	0.211994	0.394557	0.288187	-1	0	0	1	
1.256e-08	626	0.697628	-0.696213	0.169123	0.391564	0.294524	-1	0	0	1	
1.26e-08	628	0.765031	-0.493528	-0.413712	0.341288	0.279986	-1	0	0	1	
1.264e-08	630	0.129813	0.0493722	-0.990309	0.332142	0.254054	-1	0	0	1	
1.268e-08	632	0.756681	-0.0297252	-0.653108	0.314636	0.263715	-1	0	0	1	
1.272e-08	634	-0.777185	0.281648	-0.562723	0.216278	0.250123	-1	0	0	1	
1.276e-08	636	-0.204471	0.594882	-0.777372	0.275131	0.228432	-1	0	0	1	
1.28e-08	638	-0.18041	0.815454	0.549988	0.257744	0.279635	-1	0	0	1	
1.284e-08	640	-0.608248	0.192297	0.770102	0.182904	0.250325	-1	0	0	1	
1.288e-08	642	-0.0250303	-0.492221	-0.87011	0.246155	0.246942	-1	0	0	1	
1.292e-08	644	-0.30109	0.266936	-0.915473	0.225382	0.206113	-1	0	0	1	
1.296e-08	646	-0.990593	0.136	0.0151645	0.220579	0.197847	-1	0	0	1	
1.3e-08	648	-0.485392	0.0408082	0.873344	0.137428	0.230749	-1	0	0	1	
1.304e-08	650	0.111903	0.819212	-0.562467	0.257531	0.213612	-1	0	0	1	
1.308e-08	652	0.135272	-0.620244	-0.772657	0.348148	0.210623	-1	0	0	1	
1.312e-08	654	-0.457662	-0.523897	0.718385	0.245654	0.227917	-1	0	0	1	
1.316e-08	656	-0.868201	-0.417575	0.268064	0.11228	0.211834	-1	0	0	1	
1.32e-08	658	0.361302	0.581276	-0.729095	0.17421	0.182661	-1	0	0	1	
1.324e-08	660	0.165057	-0.462984	-0.870863	0.274611	0.18698	-1	0	0	1	
1.328e-08	662	0.121168	0.921342	-0.369386	0.262088	0.216018	-1	0	0	1	
1.332e-08	664	-0.498382	-0.591415	-0.633911	0.239084	0.233261	-1	0	0	1	
1.336e-08	666	-0.591733	-0.806099	-0.0074873	0.193849	0.252547	-1	0	0	1	
1.34e-08	668	0.690756	-0.524856	-0.497375	0.248638	0.200876	-1	0	0	1	
1.344e-08	670	0.504076	0.464114	0.728358	0.302918	0.174277	-1	0	0	1	
1.348e-08	672	0.132167	-0.652976	0.745758	0.193024	0.170056	-1	0	0	1	
1.352e-08	674	0.52321	-0.167181	-0.835645	0.0706647	0.1723	-1	0	0	1	
1.356e-08	676	-0.244097	-0.0101044	-0.969698	0.0707004	0.161607	-1	0	0	1	
1.36e-08	678	-0.698504	-0.265738	-0.664437	0.216297	0.182764	-1	0	0	1	
1.364e-08	680	0.705989	-0.43161	0.561509	0.197019	0.183054	-1	0	0	1	
1.368e-08	682	0.583951	-0.795216	-0.163195	0.196627	0.194296	-1	0	0	1	
1.372e-08	684	0.672532	-0.663575	0.327672	0.141122	0.182075	-1	0	0	1	
1.376e-08	686	-0.254839	-0.232795	-0.938543	0.248319	0.176695	-1	0	0	1	
1.38e-08	688	-0.587335	-0.113392	0.801362	0.0852645	0.17512	-1	0	0	1	
1.384e-08	690	0.650449	0.0888631	-0.754334	0.210834	0.199083	-1	0	0	1	
1.388e-08	692	0.702771	-0.224122	-0.675191	0.258465	0.136326	-1	0	0	1	
1.392e-08	694	-0.331218	0.221974	-0.917072	0.180912	0.162937	-1	0	0	1	
1.396e-08	696	-0.0801285	-0.978023	0.192486	0.246419	0.185941	-1	0	0	1	
1.4e-08	698	0.111209	0.340564	-0.933621	0.193822	0.113658	-1	0	0	1	
1.404e-08	700	-0.80083	0.593056	0.0834083	0.100497	0.150187	-1	0	0	1	
1.408e-08	702	-0.173849	0.780936	0.599929	0.224474	0.167975	-1	0	0	1	
1.412e-08	704	-0.759351	-0.371397	-0.534276	0.130156	0.182628	-1	0	0	1	
1.416e-08	706	-0.21342	-0.574941	0.78987	0.146316	0.154908	-1	0	0	1	
1.42e-08	708	-0.165271	-0.0125844	-0.986168	0.133353	0.161426	-1	0	0	1	
1.424e-08	710	0.186422	0.246017	-0.951169	0.149848	0.147513	-1	0	0	1	
1.428e-08	712	-0.047865	0.860364	0.507427	0.214001	0.133815	-1	0	0	1	
1.432e-08	714	0.0238668	0.985057	0.170565	0.152984	0.146748	-1	0	0	1	
1.436e-08	716	-0.938583	0.295404	0.17832	0.0851779	0.120238	-1	0	0	1	
1.44e-08	718	-0.515907	0.0204432	-0.856401	0.0754994	0.163452	-1	0	0	1	
1.444e-08	720	-0.738823	0.429385	-0.519393	0.0365711	0.121189	-1	0	0	1	
1.448e-08	722	0.572683	-0.298376	0.763549	0.166865	0.141603	-1	0	0	1	
1.452e-08	724	-0.42566	0.46296	-0.777484	0.109723	0.136629	-1	0	0	1	
1.456e-08	726	-0.125607	-0.913062	0.387995	0.0601328	0.120303	-1	0	0	1	
1.46e-08	728	-0.641099	-0.628509	-0.440418	0.239548	0.122259	-1	0	0	1	
1.464e-08	730	0.646494	-0.739438	-0.187821	0.217741	0.165562	-1	0	0	1	
1.468e-08	732	0.406854	0.542167	-0.735203	0.113395	0.132692	-1	0	0	1	
1.472e-08	734	-0.43824	0.8699	0.226317	0.146714	0.165074	-1	0	0	1	
1.476e-08	736	0.398132	0.642098	0.655135	0.134143	0.137788	-1	0	0	1	
1.48e-08	738	0.681847	0.422111	-0.597416	0.26975	0.143274	-1	0	0	1	
1.484e-08	740	0.498779	0.641801	-0.582504	0.159944	0.128536	-1	0	0	1	
1.488e-08	742	-0.426647	0.589791	0.685652	0.130247	0.146128	-1	0	0	1	
1.492e-08	744	0.71235	-0.284435	-0.641603	0.0792942	0.112273	-1	0	0	1	
1.496e-08	746	0.673518	0.738992	0.0162831	0.122384	0.12851	-1	0	0	1	
1.5e-08	748	-0.534604	-0.84212	-0.0709386	0.107314	0.111754	-1	0	0	1	
1.504e-08	750	0.408483	-0.911689	-0.0443237	0.116945	0.120161	-1	0	0	1	
1.508e-08	752	-0.932823	0.117534	0.340627	0.0819263	0.102351	-1	0	0	1	
1.512e-08	754	0.282969	0.729492	-0.622712	0.0806266	0.13026	-1	0	0	1	
1.516e-08	756	0.158525	0.923909	0.348227	0.198885	0.102025	-1	0	0	1	
1.52e-08	758	0.343981	0.403676	0.847775	0.0999779	0.173998	-1	0	0	1	
1.524e-08	760	0.493855	0.78948	-0.364456	0.179559	0.126871	-1	0	0	1	
1.528e-08	762	-0.790427	-0.277821	0.545931	0.187284	0.124654	-1	0	0	1	
1.532e-08	764	-0.423059	-0.839788	0.34026	0.105863	0.120967	-1	0	0	1	
1.536e-08	766	-0.789996	0.129852	0.599204	0.0817658	0.113172	-1	0	0	1	
1.54e-08	768	-0.713296	-0.0874898	-0.695381	0.0733822	0.102569	-1	0	0	1	
1.544e-08	770	-0.374228	0.161987	0.913079	0.0823487	0.112358	-1	0	0	1	
1.548e-08	772	-0.286554	-0.692048	0.662538	0.0378945	0.121363	-1	0	0	1	
1.552e-08	774	0.118644	0.424514	0.897614	0.0741422	0.0959572	-1	0	0	1	
1.556e-08	776	-0.650975	-0.585504	0.483133	0.0873911	0.117358	-1	0	0	1	
1.56e-08	778	0.207725	-0.71131	0.671482	0.114758	0.128789	-1	0	0	1	
1.564e-08	780	0.911681	-0.408733	0.0421363	0.174998	0.134387	-1	0	0	1	
1.568e-08	782	-0.619993	-0.772166	-0.139169	0.136269	0.0927431	-1	0	0	1	
1.572e-08	784	0.114474	-0.577647	-0.80822	0.0721842	0.115393	-1	0	0	1	
1.576e-08	786	0.383543	-0.302976	-0.87241	0.13601	0.11257	-1	0	0	1	
1.58e-08	788	0.678621	0.375972	-0.630967	0.0674649	0.121469	-1	0	0	1	
1.584e-08	790	-0.053268	-0.494893	0.867319	0.182242	0.10574	-1	0	0	1	
1.588e-08	792	-0.566498	-0.477757	-0.671438	0.119486	0.106685	-1	0	0	1	
1.592e-08	794	-0.904117	0.424154	-0.0516297	0.162602	0.124025	-1	0	0	1	
1.596e-08	796	-0.586056	-0.79934	0.132644	0.132336	0.117787	-1	0	0	1	
1.6e-08	798	-0.992644	0.0947071	-0.075424	0.116871	0.0960396	-1	0	0	1	
1.604e-08	800	0.822778	0.553228	0.130287	0.142191	0.106679	-1	0	0	1	
1.608e-08	802	-0.763808	-0.311956	0.56505	0.110732	0.113258	-1	0	0	1	
1.612e-08	804	-0.451904	0.880091	0.145681	0.120011	0.116099	-1	0	0	1	
1.616e-08	806	-0.811844	-0.564889	0.147681	0.227099	0.0839203	-1	0	0	1	
1.62e-08	808	-0.649697	-0.426878	-0.629022	0.145787	0.0877935	-1	0	0	1	
1.624e-08	810	0.344169	0.676467	-0.651106	0.167537	0.124736	-1	0	0	1	
1.628e-08	812	0.78221	0.220035	-0.582866	0.112446	0.114819	-1	0	0	1	
1.632e-08	814	0.779914	-0.465076	0.418854	0.0784101	0.0844138	-1	0	0	1	
1.636e-08	816	0.963449	-0.254421	0.0838872	0.05609	0.0884539	-1	0	0	1	
1.64e-08	818	-0.186794	0.23196	0.954622	0.112611	0.128564	-1	0	0	1	
1.644e-08	820	0.11179	0.981615	0.154707	0.139862	0.0941601	-1	0	0	1	
1.648e-08	822	0.478316	0.841116	-0.252464	0.101719	0.0896916	-1	0	0	1	
1.652e-08	824	-0.212979	-0.0500767	0.975773	0.0555572	0.0841525	-1	0	0	1	
1.656e-08	826	0.382042	0.4744	-0.793088	0.0520377	0.0729466	-1	0	0	1	
1.66e-08	828	0.247072	-0.733371	-0.633343	0.132364	0.100194	-1	0	0	1	
1.664e-08	830	0.476158	0.421267	0.771885	0.102927	0.111452	-1	0	0	1	
1.668e-08	832	-0.742301	0.654699	0.14268	0.0297679	0.0924663	-1	0	0	1	
1.672e-08	834	0.639719	0.000286739	0.768609	0.0403174	0.133592	-1	0	0	1	
1.676e-08	836	0.813722	-0.482724	0.323782	0.101194	0.086405	-1	0	0	1	
1.68e-08	838	-0.48359	0.135051	-0.864813	0.0992759	0.118676	-1	0	0	1	
1.684e-08	840	-0.628625	0.397806	-0.668267	0.0708343	0.0937292	-1	0	0	1	
1.688e-08	842	0.595901	-0.369437	0.713035	0.156682	0.0906672	-1	0	0	1	
1.692e-08	844	0.254609	-0.911473	0.323096	0.0763661	0.0783545	-1	0	0	1	
1.696e-08	846	-0.251826	-0.753065	-0.607846	0.0696453	0.11554	-1	0	0	1	
1.7e-08	848	-0.154673	-0.551761	-0.819534	0.0595976	0.0870772	-1	0	0	1	
1.704e-08	850	0.770391	-0.522158	-0.365853	0.160884	0.113824	-1	0	0	1	
1.708e-08	852	-0.670149	-0.718675	0.185492	0.0414636	0.0697722	-1	0	0	1	
1.712e-08	854	0.694159	0.635985	-0.337144	0.0970928	0.0894322	-1	0	0	1	
1.716e-08	856	-0.449953	-0.763261	-0.463653	0.106365	0.0963772	-1	0	0	1	
1.72e-08	858	0.211365	0.123741	-0.969543	0.0985291	0.0692423	-1	0	0	1	
1.724e-08	860	0.949336	0.0673735	0.306957	0.0471922	0.103072	-1	0	0	1	
1.728e-08	862	-0.740177	0.614418	0.273182	0.110944	0.104966	-1	0	0	1	
1.732e-08	864	-0.657899	-0.730958	0.181298	0.101475	0.0886339	-1	0	0	1	
1.736e-08	866	0.801115	-0.53203	0.274151	0.104073	0.0985525	-1	0	0	1	
1.74e-08	868	0.226669	0.965421	0.12878	0.0833669	0.102742	-1	0	0	1	
1.744e-08	870	-0.482504	-0.631771	0.606675	0.0794221	0.0888157	-1	0	0	1	
1.748e-08	872	-0.0355769	-0.452476	0.891066	0.078991	0.088346	-1	0	0	1	
1.752e-08	874	0.655082	0.182453	-0.733198	0.0602699	0.0765274	-1	0	0	1	
1.756e-08	876	-0.574778	-0.449702	0.683666	0.0620277	0.0859857	-1	0	0	1	
1.76e-08	878	0.166313	-0.918706	-0.358217	0.0371626	0.0812681	-1	0	0	1	
1.764e-08	880	-0.817761	-0.246591	0.520058	0.116848	0.0931672	-1	0	0	1	
1.768e-08	882	-0.365655	-0.0657819	-0.928423	0.0997724	0.083129	-1	0	0	1	
1.772e-08	884	-0.32354	-0.925795	0.195513	0.162728	0.0786987	-1	0	0	1	
1.776e-08	886	-0.0481103	0.553913	0.831183	0.0610908	0.0730321	-1	0	0	1	
1.78e-08	888	-0.806293	0.586605	0.076064	0.0364898	0.072512	-1	0	0	1	
1.784e-08	890	-0.373747	-0.154397	-0.91459	0.0830422	0.0921495	-1	0	0	1	
1.788e-08	892	0.333636	-0.391655	0.857493	0.0934426	0.102694	-1	0	0	1	
1.792e-08	894	0.528075	0.844747	0.0868305	0.019868	0.081879	-1	0	0	1	
1.796e-08	896	-0.159395	0.972047	-0.172388	0.0616974	0.0748394	-1	0	0	1	
1.8e-08	898	-0.794115	-0.589928	0.146171	0.0890889	0.0888966	-1	0	0	1	
1.804e-08	900	0.783098	-0.214122	0.583874	0.0981293	0.0744004	-1	0	0	1	
