#----------------------------------------------------------------------------------------------------------------------------------------------------------
# Output file for vampire simulation
#   time       : 2022-02-09 13:01:23     process id : 36140
#   hostname   : compute-0-1.local
#   path       : /home/MINT_WS/luknam/WS_dia5/Thickness5/size_3.0_3.0_5nm/Temp_900/random_1
#----------------------------------------------------------------------------------------------------------------------------------------------------------
4e-11	0	0	0	1	1	1	-1	0	0	1	
8e-11	2	-0.00434103	0.00850969	0.999954	0.998703	0.998814	-1	0	0	1	
1.2e-10	4	-0.00674107	0.0155824	0.999856	0.997719	0.997659	-1	0	0	1	
1.6e-10	6	0.00455318	-0.0097684	0.999942	0.996465	0.996479	-1	0	0	1	
2e-10	8	0.0231773	-0.00537725	0.999717	0.995082	0.995308	-1	0	0	1	
2.4e-10	10	0.0316931	0.0019878	0.999496	0.99404	0.994266	-1	0	0	1	
2.8e-10	12	0.00691611	0.0197978	0.99978	0.992769	0.993019	-1	0	0	1	
3.2e-10	14	0.00961766	0.00748192	0.999926	0.99178	0.991754	-1	0	0	1	
3.6e-10	16	-0.0364331	0.0308038	0.998861	0.990279	0.990706	-1	0	0	1	
4e-10	18	0.0399039	0.0212389	0.998978	0.989838	0.989754	-1	0	0	1	
4.4e-10	20	-0.0583035	-0.0243569	0.998002	0.987597	0.988213	-1	0	0	1	
4.8e-10	22	0.0402212	0.0191571	0.999007	0.987135	0.987167	-1	0	0	1	
5.2e-10	24	-0.00453084	0.0326698	0.999456	0.985432	0.985657	-1	0	0	1	
5.6e-10	26	0.00655767	-0.0116238	0.999911	0.984784	0.984455	-1	0	0	1	
6e-10	28	0.000987916	-0.00732255	0.999973	0.983715	0.983659	-1	0	0	1	
6.4e-10	30	0.0396218	-0.029563	0.998777	0.982849	0.98246	-1	0	0	1	
6.8e-10	32	0.0189757	-0.0166774	0.999681	0.98133	0.981248	-1	0	0	1	
7.2e-10	34	-0.0237845	0.000474142	0.999717	0.980666	0.979521	-1	0	0	1	
7.6e-10	36	0.0216626	0.0260988	0.999425	0.978506	0.978426	-1	0	0	1	
8e-10	38	-0.0390932	0.012759	0.999154	0.98105	0.977921	-1	0	0	1	
8.4e-10	40	0.00685032	-0.041567	0.999112	0.976916	0.975963	-1	0	0	1	
8.8e-10	42	0.000858505	-0.0294135	0.999567	0.975751	0.974996	-1	0	0	1	
9.2e-10	44	-0.0196827	0.0318109	0.9993	0.974032	0.973482	-1	0	0	1	
9.6e-10	46	-0.0342085	0.030903	0.998937	0.973607	0.97325	-1	0	0	1	
1e-09	48	0.0490562	-0.0114162	0.998731	0.97052	0.971783	-1	0	0	1	
1.04e-09	50	-0.0236	0.0380759	0.998996	0.972489	0.971785	-1	0	0	1	
1.08e-09	52	0.0566036	0.00266853	0.998393	0.971147	0.968816	-1	0	0	1	
1.12e-09	54	0.090303	0.0223502	0.995664	0.96814	0.967648	-1	0	0	1	
1.16e-09	56	-0.0347409	-0.00388476	0.999389	0.967487	0.966993	-1	0	0	1	
1.2e-09	58	0.0265026	0.0175957	0.999494	0.964245	0.965142	-1	0	0	1	
1.24e-09	60	0.0413445	-0.00764899	0.999116	0.966236	0.964707	-1	0	0	1	
1.28e-09	62	0.0393506	-0.0433434	0.998285	0.964868	0.963935	-1	0	0	1	
1.32e-09	64	0.0121458	0.000495007	0.999926	0.960045	0.961467	-1	0	0	1	
1.36e-09	66	0.00239298	-0.0103905	0.999943	0.963056	0.960612	-1	0	0	1	
1.4e-09	68	0.0345649	-0.0107711	0.999344	0.958727	0.959773	-1	0	0	1	
1.44e-09	70	0.0256455	0.0251855	0.999354	0.956974	0.957935	-1	0	0	1	
1.48e-09	72	-0.0216685	-0.0524345	0.998389	0.957758	0.958467	-1	0	0	1	
1.52e-09	74	0.0534131	-0.0252598	0.998253	0.956582	0.955251	-1	0	0	1	
1.56e-09	76	0.114561	0.0235853	0.993136	0.948665	0.954848	-1	0	0	1	
1.6e-09	78	-0.00712083	-0.00372185	0.999968	0.954105	0.953013	-1	0	0	1	
1.64e-09	80	0.00631109	-0.0181952	0.999815	0.951479	0.951353	-1	0	0	1	
1.68e-09	82	-0.0398023	-0.0595825	0.99743	0.947563	0.951263	-1	0	0	1	
1.72e-09	84	-0.0152103	-0.055063	0.998367	0.949733	0.949598	-1	0	0	1	
1.76e-09	86	-0.0302221	0.0262825	0.999198	0.945277	0.946132	-1	0	0	1	
1.8e-09	88	-0.0202947	0.0872653	0.995978	0.947795	0.947353	-1	0	0	1	
1.84e-09	90	-0.0360946	0.0617978	0.997436	0.950355	0.946666	-1	0	0	1	
1.88e-09	92	-0.0621277	0.109513	0.992042	0.940564	0.942428	-1	0	0	1	
1.92e-09	94	-0.0032863	-0.0248117	0.999687	0.947029	0.943656	-1	0	0	1	
1.96e-09	96	-0.028866	0.0521169	0.998224	0.936641	0.940695	-1	0	0	1	
2e-09	98	-0.049372	-0.121135	0.991407	0.943763	0.941026	-1	0	0	1	
2.04e-09	100	0.066241	-0.0517871	0.996459	0.942803	0.939516	-1	0	0	1	
2.08e-09	102	0.0415401	-0.00218572	0.999134	0.935349	0.936981	-1	0	0	1	
2.12e-09	104	-0.0131184	0.0521377	0.998554	0.940202	0.938188	-1	0	0	1	
2.16e-09	106	0.0521691	-0.0384265	0.997899	0.940286	0.937514	-1	0	0	1	
2.2e-09	108	0.0463849	0.0838311	0.9954	0.929903	0.934159	-1	0	0	1	
2.24e-09	110	0.101319	0.0144883	0.994748	0.934292	0.933252	-1	0	0	1	
2.28e-09	112	-0.0758481	-0.118096	0.990101	0.927788	0.931984	-1	0	0	1	
2.32e-09	114	-0.0426346	-0.00253531	0.999088	0.934888	0.931209	-1	0	0	1	
2.36e-09	116	0.0145942	0.006021	0.999875	0.930089	0.927888	-1	0	0	1	
2.4e-09	118	0.0399829	0.0452969	0.998173	0.930151	0.927187	-1	0	0	1	
2.44e-09	120	-0.0475513	-0.0660166	0.996685	0.926437	0.927731	-1	0	0	1	
2.48e-09	122	-0.114625	-0.00251041	0.993406	0.927493	0.92531	-1	0	0	1	
2.52e-09	124	0.00780981	-0.0609736	0.998109	0.926364	0.922436	-1	0	0	1	
2.56e-09	126	0.0222246	-0.0217905	0.999516	0.922563	0.925249	-1	0	0	1	
2.6e-09	128	-0.00741112	-0.0478454	0.998827	0.925997	0.920699	-1	0	0	1	
2.64e-09	130	0.0016262	0.0099569	0.999949	0.925791	0.921202	-1	0	0	1	
2.68e-09	132	0.000782087	0.0286042	0.999591	0.909835	0.916995	-1	0	0	1	
2.72e-09	134	0.00423433	-0.0586324	0.998271	0.92138	0.918643	-1	0	0	1	
2.76e-09	136	0.0299945	0.0905394	0.995441	0.911792	0.913245	-1	0	0	1	
2.8e-09	138	-0.0219324	-0.102052	0.994537	0.912575	0.911999	-1	0	0	1	
2.84e-09	140	-0.181909	-0.0247629	0.983004	0.914403	0.915426	-1	0	0	1	
2.88e-09	142	0.124094	0.0581892	0.990563	0.914377	0.91011	-1	0	0	1	
2.92e-09	144	0.0277988	-0.0180186	0.999451	0.909463	0.911154	-1	0	0	1	
2.96e-09	146	0.0072746	-0.0166731	0.999835	0.912834	0.909726	-1	0	0	1	
3e-09	148	0.0549151	-0.0115747	0.998424	0.90556	0.908211	-1	0	0	1	
3.04e-09	150	-0.0537985	-0.0456167	0.997509	0.91255	0.907011	-1	0	0	1	
3.08e-09	152	-0.0264725	-0.0579826	0.997967	0.905376	0.90607	-1	0	0	1	
3.12e-09	154	0.0332551	-0.0509147	0.998149	0.905536	0.907225	-1	0	0	1	
3.16e-09	156	0.0603394	0.0988228	0.993274	0.894912	0.900028	-1	0	0	1	
3.2e-09	158	-0.0217207	0.076051	0.996867	0.893958	0.902556	-1	0	0	1	
3.24e-09	160	-0.0223669	-0.125182	0.991882	0.892221	0.900243	-1	0	0	1	
3.28e-09	162	-0.059569	0.0518344	0.996877	0.89842	0.902097	-1	0	0	1	
3.32e-09	164	-0.00178773	-0.056827	0.998382	0.901627	0.89849	-1	0	0	1	
3.36e-09	166	-0.0518827	0.0363958	0.99799	0.897657	0.892951	-1	0	0	1	
3.4e-09	168	-0.156164	-0.0914698	0.983487	0.882611	0.89333	-1	0	0	1	
3.44e-09	170	-0.039238	-0.0694185	0.996816	0.893708	0.893688	-1	0	0	1	
3.48e-09	172	-0.0578299	0.0746942	0.995528	0.882202	0.891522	-1	0	0	1	
3.52e-09	174	0.0452525	0.057313	0.99733	0.880005	0.886653	-1	0	0	1	
3.56e-09	176	0.0315127	0.0653645	0.997364	0.883909	0.887398	-1	0	0	1	
3.6e-09	178	0.0804843	0.0848325	0.993139	0.891848	0.889211	-1	0	0	1	
3.64e-09	180	0.0634716	-0.0165093	0.997847	0.891633	0.887345	-1	0	0	1	
3.68e-09	182	0.0161731	-0.0644358	0.997791	0.892397	0.884938	-1	0	0	1	
3.72e-09	184	0.137849	-0.0217935	0.990213	0.890142	0.881235	-1	0	0	1	
3.76e-09	186	-0.0811623	0.0527595	0.995304	0.889334	0.883602	-1	0	0	1	
3.8e-09	188	0.125287	-0.0662195	0.989908	0.883625	0.881381	-1	0	0	1	
3.84e-09	190	-0.114322	-0.0232824	0.993171	0.875889	0.878734	-1	0	0	1	
3.88e-09	192	-0.104654	0.0719728	0.991901	0.874703	0.87566	-1	0	0	1	
3.92e-09	194	0.0912777	0.0810235	0.992524	0.87466	0.878048	-1	0	0	1	
3.96e-09	196	-0.034025	0.0099387	0.999372	0.855464	0.871477	-1	0	0	1	
4e-09	198	-0.0870862	0.0361341	0.995545	0.880627	0.872054	-1	0	0	1	
4.04e-09	200	0.125143	-0.0164799	0.992002	0.873957	0.869776	-1	0	0	1	
4.08e-09	202	0.0800692	0.101203	0.991638	0.873251	0.869426	-1	0	0	1	
4.12e-09	204	0.0624792	0.0595649	0.996267	0.86531	0.870417	-1	0	0	1	
4.16e-09	206	0.0631889	0.143143	0.987683	0.867469	0.86638	-1	0	0	1	
4.2e-09	208	0.112957	-0.0174551	0.993447	0.841662	0.864677	-1	0	0	1	
4.24e-09	210	-0.024287	0.0788626	0.99659	0.862639	0.867497	-1	0	0	1	
4.28e-09	212	0.0448408	-0.0201399	0.998791	0.866512	0.864742	-1	0	0	1	
4.32e-09	214	-0.158542	0.00673038	0.987329	0.864928	0.85934	-1	0	0	1	
4.36e-09	216	0.0594833	0.0958772	0.993614	0.862922	0.856491	-1	0	0	1	
4.4e-09	218	-0.0813584	0.0547404	0.995181	0.861662	0.862353	-1	0	0	1	
4.44e-09	220	0.0755739	-0.0400478	0.996336	0.854459	0.853374	-1	0	0	1	
4.48e-09	222	0.0596104	-0.0638157	0.99618	0.852548	0.855166	-1	0	0	1	
4.52e-09	224	-0.0557301	-0.0893283	0.994442	0.851513	0.856106	-1	0	0	1	
4.56e-09	226	0.107231	0.0194484	0.994044	0.856538	0.856265	-1	0	0	1	
4.6e-09	228	-0.0377731	0.131581	0.990585	0.853583	0.851298	-1	0	0	1	
4.64e-09	230	-0.0848028	-0.0627396	0.994421	0.83251	0.847086	-1	0	0	1	
4.68e-09	232	0.0580023	0.0422349	0.997423	0.848267	0.847741	-1	0	0	1	
4.72e-09	234	-0.133151	0.165894	0.977113	0.853243	0.847423	-1	0	0	1	
4.76e-09	236	-0.0200415	0.0713388	0.997251	0.839498	0.841723	-1	0	0	1	
4.8e-09	238	0.0747162	-0.0796197	0.994021	0.855863	0.841779	-1	0	0	1	
4.84e-09	240	-0.0259671	0.0712693	0.997119	0.839544	0.843009	-1	0	0	1	
4.88e-09	242	-0.0254607	-0.0527153	0.998285	0.852687	0.838302	-1	0	0	1	
4.92e-09	244	-0.101875	-0.158506	0.982088	0.847286	0.83749	-1	0	0	1	
4.96e-09	246	-0.129017	0.0633046	0.98962	0.82986	0.838759	-1	0	0	1	
5e-09	248	0.126166	-0.0170274	0.991863	0.8524	0.832613	-1	0	0	1	
5.04e-09	250	-0.0753561	0.0201558	0.996953	0.840923	0.841136	-1	0	0	1	
5.08e-09	252	-0.109748	0.00233824	0.993957	0.835917	0.838574	-1	0	0	1	
5.12e-09	254	-0.111827	0.0683775	0.991372	0.834605	0.834195	-1	0	0	1	
5.16e-09	256	0.0215694	0.204111	0.97871	0.833696	0.829617	-1	0	0	1	
5.2e-09	258	-0.0536452	0.0944017	0.994088	0.821381	0.829962	-1	0	0	1	
5.24e-09	260	-0.132678	0.0380555	0.990428	0.821811	0.82346	-1	0	0	1	
5.28e-09	262	0.109943	-0.0463799	0.992855	0.829642	0.828199	-1	0	0	1	
5.32e-09	264	0.128312	-0.0316535	0.991229	0.823582	0.825155	-1	0	0	1	
5.36e-09	266	0.0851927	-0.0261545	0.996021	0.812068	0.822747	-1	0	0	1	
5.4e-09	268	0.0628992	-0.188287	0.980098	0.814889	0.817234	-1	0	0	1	
5.44e-09	270	-0.199281	-0.194281	0.960491	0.805378	0.817733	-1	0	0	1	
5.48e-09	272	-0.0840772	-0.217848	0.972354	0.803237	0.821319	-1	0	0	1	
5.52e-09	274	0.0925374	-0.0825214	0.992284	0.819552	0.815671	-1	0	0	1	
5.56e-09	276	-0.102517	0.0823876	0.991314	0.832614	0.814826	-1	0	0	1	
5.6e-09	278	0.00127514	-0.13788	0.990448	0.800747	0.811146	-1	0	0	1	
5.64e-09	280	-0.249684	0.0137521	0.96823	0.803249	0.808659	-1	0	0	1	
5.68e-09	282	-0.172657	-0.111006	0.978707	0.819439	0.813124	-1	0	0	1	
5.72e-09	284	0.135853	0.033202	0.990172	0.812198	0.808231	-1	0	0	1	
5.76e-09	286	0.0271012	-0.0653134	0.997497	0.809287	0.808481	-1	0	0	1	
5.8e-09	288	0.0480353	0.178476	0.982771	0.807536	0.80961	-1	0	0	1	
5.84e-09	290	0.0581374	0.0882927	0.994397	0.8146	0.805075	-1	0	0	1	
5.88e-09	292	-0.0698625	0.125223	0.989666	0.810915	0.801093	-1	0	0	1	
5.92e-09	294	-0.0378969	-0.174182	0.983984	0.792912	0.794397	-1	0	0	1	
5.96e-09	296	-0.0530439	0.098621	0.99371	0.786344	0.795298	-1	0	0	1	
6e-09	298	0.257574	0.0242467	0.965954	0.796332	0.795328	-1	0	0	1	
6.04e-09	300	-0.0162134	-0.0736344	0.997153	0.806421	0.793545	-1	0	0	1	
6.08e-09	302	-0.0489135	-0.13794	0.989232	0.803669	0.797855	-1	0	0	1	
6.12e-09	304	0.109396	-0.0998201	0.988973	0.802609	0.795179	-1	0	0	1	
6.16e-09	306	0.301663	0.0865124	0.949481	0.796832	0.791031	-1	0	0	1	
6.2e-09	308	0.0556419	-0.101804	0.993247	0.776509	0.783305	-1	0	0	1	
6.24e-09	310	0.166595	0.114596	0.979344	0.768909	0.782466	-1	0	0	1	
6.28e-09	312	-0.159104	-0.0546222	0.98575	0.77147	0.786673	-1	0	0	1	
6.32e-09	314	-0.0732544	0.00618884	0.997294	0.761292	0.778815	-1	0	0	1	
6.36e-09	316	-0.185514	-0.110207	0.976442	0.795781	0.781444	-1	0	0	1	
6.4e-09	318	0.331797	-0.146933	0.931838	0.757771	0.772218	-1	0	0	1	
6.44e-09	320	0.105592	-0.187161	0.976638	0.774608	0.769093	-1	0	0	1	
6.48e-09	322	0.0156393	0.00711201	0.999852	0.776104	0.775371	-1	0	0	1	
6.52e-09	324	0.10561	0.199511	0.974188	0.770142	0.780673	-1	0	0	1	
6.56e-09	326	0.202233	3.92905e-05	0.979337	0.77832	0.774177	-1	0	0	1	
6.6e-09	328	-0.106382	-0.0367884	0.993645	0.772915	0.772595	-1	0	0	1	
6.64e-09	330	0.163455	-0.171028	0.971613	0.78829	0.772323	-1	0	0	1	
6.68e-09	332	0.000124483	-0.157408	0.987534	0.755316	0.761513	-1	0	0	1	
6.72e-09	334	-0.142785	-0.0770433	0.986751	0.764247	0.758555	-1	0	0	1	
6.76e-09	336	-0.245452	-0.272712	0.930259	0.783368	0.767699	-1	0	0	1	
6.8e-09	338	0.0664725	-0.233936	0.969977	0.766667	0.761484	-1	0	0	1	
6.84e-09	340	0.366736	-0.0195114	0.93012	0.722623	0.754981	-1	0	0	1	
6.88e-09	342	-0.0982686	-0.0289851	0.994738	0.77025	0.753819	-1	0	0	1	
6.92e-09	344	0.154481	0.112051	0.981621	0.748219	0.749258	-1	0	0	1	
6.96e-09	346	-0.0667858	-0.0635761	0.99574	0.755127	0.745033	-1	0	0	1	
7e-09	348	0.164092	0.0323442	0.985915	0.726012	0.748521	-1	0	0	1	
7.04e-09	350	-0.0395103	-0.0366963	0.998545	0.735481	0.741978	-1	0	0	1	
7.08e-09	352	0.0415759	-0.0883586	0.995221	0.733558	0.746155	-1	0	0	1	
7.12e-09	354	-0.185868	0.106699	0.976764	0.773513	0.745333	-1	0	0	1	
7.16e-09	356	-0.119572	0.000476055	0.992825	0.753027	0.757385	-1	0	0	1	
7.2e-09	358	-0.371879	-0.294068	0.880472	0.735221	0.740023	-1	0	0	1	
7.24e-09	360	0.115787	0.0192051	0.993088	0.74843	0.738889	-1	0	0	1	
7.28e-09	362	0.18479	0.0313783	0.982277	0.735158	0.744448	-1	0	0	1	
7.32e-09	364	-0.0385226	0.0971751	0.994521	0.727892	0.736329	-1	0	0	1	
7.36e-09	366	-0.0423769	0.0708299	0.996588	0.74228	0.734858	-1	0	0	1	
7.4e-09	368	0.165477	-0.0549271	0.984683	0.711465	0.724609	-1	0	0	1	
7.44e-09	370	-0.0968222	-0.10779	0.989448	0.762834	0.728392	-1	0	0	1	
7.48e-09	372	-0.191996	-0.105214	0.975739	0.708125	0.725571	-1	0	0	1	
7.52e-09	374	0.145651	0.320286	0.936057	0.727822	0.732421	-1	0	0	1	
7.56e-09	376	0.0549478	-0.00678413	0.998466	0.731749	0.713142	-1	0	0	1	
7.6e-09	378	-0.192434	0.286323	0.93861	0.73887	0.723126	-1	0	0	1	
7.64e-09	380	-0.0460534	-0.00629971	0.998919	0.716952	0.715933	-1	0	0	1	
7.68e-09	382	-0.0556318	0.16389	0.984909	0.728231	0.714226	-1	0	0	1	
7.72e-09	384	-0.403418	-0.15426	0.901919	0.711579	0.717832	-1	0	0	1	
7.76e-09	386	0.0616129	0.0989957	0.993179	0.672713	0.715353	-1	0	0	1	
7.8e-09	388	0.300778	-0.0981853	0.948626	0.71752	0.719649	-1	0	0	1	
7.84e-09	390	-0.261914	0.0956149	0.960343	0.727218	0.706317	-1	0	0	1	
7.88e-09	392	0.0410527	-0.0191736	0.998973	0.712399	0.706436	-1	0	0	1	
7.92e-09	394	0.244869	-0.0536389	0.968071	0.736277	0.703149	-1	0	0	1	
7.96e-09	396	-0.0475416	0.0700733	0.996408	0.715509	0.705739	-1	0	0	1	
8e-09	398	-0.161322	-0.322797	0.932618	0.717237	0.70532	-1	0	0	1	
8.04e-09	400	0.0459241	-0.174176	0.983643	0.681787	0.69451	-1	0	0	1	
8.08e-09	402	-0.0298959	0.0296211	0.999114	0.714461	0.702109	-1	0	0	1	
8.12e-09	404	0.00630573	0.025392	0.999658	0.737883	0.706253	-1	0	0	1	
8.16e-09	406	0.375151	-0.300254	0.876989	0.708507	0.698726	-1	0	0	1	
8.2e-09	408	-0.0460657	0.214404	0.975658	0.700283	0.698892	-1	0	0	1	
8.24e-09	410	0.0599688	-0.00405461	0.998192	0.688008	0.682831	-1	0	0	1	
8.28e-09	412	0.152986	0.187985	0.970184	0.685388	0.692313	-1	0	0	1	
8.32e-09	414	0.215752	0.150595	0.964765	0.666144	0.68732	-1	0	0	1	
8.36e-09	416	0.0812613	0.302188	0.949778	0.685216	0.676588	-1	0	0	1	
8.4e-09	418	0.0545382	0.256917	0.964893	0.653026	0.688381	-1	0	0	1	
8.44e-09	420	-0.169847	0.315453	0.933617	0.680968	0.68027	-1	0	0	1	
8.48e-09	422	0.245697	0.214995	0.945204	0.705382	0.677583	-1	0	0	1	
8.52e-09	424	-0.29243	-0.124252	0.94818	0.658941	0.672604	-1	0	0	1	
8.56e-09	426	-0.216746	0.0120843	0.976153	0.656712	0.670748	-1	0	0	1	
8.6e-09	428	0.0845155	0.0101064	0.996371	0.676894	0.672424	-1	0	0	1	
8.64e-09	430	0.0913287	0.00187458	0.995819	0.668958	0.670977	-1	0	0	1	
8.68e-09	432	-0.038511	0.131268	0.990599	0.676074	0.670594	-1	0	0	1	
8.72e-09	434	-0.126795	0.0903522	0.987805	0.69751	0.653382	-1	0	0	1	
8.76e-09	436	0.0408232	0.1894	0.981051	0.692803	0.665243	-1	0	0	1	
8.8e-09	438	0.109238	0.206647	0.972298	0.662853	0.661073	-1	0	0	1	
8.84e-09	440	-0.355273	-0.291039	0.8883	0.648012	0.647794	-1	0	0	1	
8.88e-09	442	0.195375	-0.244954	0.949645	0.660799	0.65815	-1	0	0	1	
8.92e-09	444	0.0778219	-0.200212	0.976657	0.656528	0.642404	-1	0	0	1	
8.96e-09	446	-0.164771	-0.108537	0.980342	0.617848	0.649984	-1	0	0	1	
9e-09	448	0.0616796	0.449189	0.891305	0.685067	0.643038	-1	0	0	1	
9.04e-09	450	-0.31517	-0.045686	0.947935	0.631741	0.644066	-1	0	0	1	
9.08e-09	452	-0.132603	0.126728	0.983034	0.650142	0.636464	-1	0	0	1	
9.12e-09	454	-0.31733	-0.633868	0.705346	0.624359	0.642043	-1	0	0	1	
9.16e-09	456	0.147647	-0.258469	0.95467	0.630511	0.628953	-1	0	0	1	
9.2e-09	458	0.429805	0.123425	0.894446	0.631181	0.628239	-1	0	0	1	
9.24e-09	460	0.109821	0.191865	0.975257	0.619115	0.625287	-1	0	0	1	
9.28e-09	462	0.104622	-0.170384	0.979808	0.64203	0.635437	-1	0	0	1	
9.32e-09	464	-0.230689	0.0463216	0.971924	0.63567	0.623286	-1	0	0	1	
9.36e-09	466	0.00886054	-0.161561	0.986823	0.610456	0.608414	-1	0	0	1	
9.4e-09	468	-0.274103	0.292366	0.916182	0.649561	0.632289	-1	0	0	1	
9.44e-09	470	0.101565	0.0487106	0.993636	0.580679	0.581582	-1	0	0	1	
9.48e-09	472	-0.350548	-0.0300647	0.936062	0.590423	0.60513	-1	0	0	1	
9.52e-09	474	0.0365313	0.216242	0.975656	0.59648	0.602871	-1	0	0	1	
9.56e-09	476	-0.354091	0.276775	0.893317	0.613948	0.596232	-1	0	0	1	
9.6e-09	478	0.13622	0.250189	0.958566	0.613072	0.603421	-1	0	0	1	
9.64e-09	480	0.0836609	0.217884	0.972382	0.602152	0.595696	-1	0	0	1	
9.68e-09	482	-0.118392	0.0721131	0.990345	0.58342	0.596578	-1	0	0	1	
9.72e-09	484	-0.188221	0.255831	0.948221	0.57473	0.591333	-1	0	0	1	
9.76e-09	486	-0.12493	-0.00513596	0.992152	0.603842	0.583849	-1	0	0	1	
9.8e-09	488	0.34661	-0.430596	0.833336	0.570665	0.600879	-1	0	0	1	
9.84e-09	490	0.188126	-0.0694747	0.979685	0.592464	0.599146	-1	0	0	1	
9.88e-09	492	0.245901	0.112324	0.962765	0.600401	0.585434	-1	0	0	1	
9.92e-09	494	-0.182157	-0.152391	0.971389	0.572081	0.581005	-1	0	0	1	
9.96e-09	496	-0.259604	0.230878	0.937711	0.594074	0.565886	-1	0	0	1	
1e-08	498	0.439849	-0.287512	0.850805	0.606663	0.568633	-1	0	0	1	
1.004e-08	500	-0.219267	-0.241487	0.945307	0.598104	0.580111	-1	0	0	1	
1.008e-08	502	-0.313829	0.266299	0.911371	0.538278	0.564374	-1	0	0	1	
1.012e-08	504	0.255295	0.103638	0.961293	0.585564	0.54803	-1	0	0	1	
1.016e-08	506	0.103614	-0.249754	0.96275	0.512348	0.557306	-1	0	0	1	
1.02e-08	508	-0.435211	0.163971	0.885271	0.586741	0.578089	-1	0	0	1	
1.024e-08	510	0.39389	0.0819636	0.915496	0.579422	0.576682	-1	0	0	1	
1.028e-08	512	0.381955	0.0354631	0.9235	0.559185	0.536164	-1	0	0	1	
1.032e-08	514	0.458844	0.517459	0.722286	0.558298	0.555194	-1	0	0	1	
1.036e-08	516	0.334857	-0.237557	0.911832	0.554898	0.547178	-1	0	0	1	
1.04e-08	518	0.149435	0.288116	0.945864	0.577711	0.554583	-1	0	0	1	
1.044e-08	520	-0.0481512	0.0283496	-0.998438	0.58365	0.545221	-1	0	0	1	
1.048e-08	522	-0.224781	0.165724	-0.960213	0.536162	0.548131	-1	0	0	1	
1.052e-08	524	0.604656	0.102983	-0.789801	0.562771	0.554512	-1	0	0	1	
1.056e-08	526	0.0463644	-0.0755724	-0.996062	0.498448	0.536996	-1	0	0	1	
1.06e-08	528	-0.263146	-0.0774665	0.961641	0.536189	0.527027	-1	0	0	1	
1.064e-08	530	-0.331937	0.707315	0.624118	0.546343	0.514794	-1	0	0	1	
1.068e-08	532	-0.122373	0.0625235	0.990513	0.529223	0.522533	-1	0	0	1	
1.072e-08	534	-0.584754	0.367873	0.723003	0.492362	0.517132	-1	0	0	1	
1.076e-08	536	-0.468462	0.167531	0.867454	0.549077	0.505046	-1	0	0	1	
1.08e-08	538	-0.223153	-0.0482781	-0.973587	0.568248	0.526575	-1	0	0	1	
1.084e-08	540	-0.00351664	-0.31212	-0.950036	0.502839	0.517507	-1	0	0	1	
1.088e-08	542	-0.0311358	-0.461597	-0.886543	0.554746	0.497258	-1	0	0	1	
1.092e-08	544	0.239608	-0.144714	-0.960024	0.525565	0.505245	-1	0	0	1	
1.096e-08	546	0.214207	-0.0699681	-0.974279	0.49591	0.528362	-1	0	0	1	
1.1e-08	548	-0.175256	-0.169919	-0.969749	0.511861	0.512238	-1	0	0	1	
1.104e-08	550	-0.594823	-0.0229649	-0.803529	0.454364	0.482625	-1	0	0	1	
1.108e-08	552	0.0223556	0.256193	-0.966367	0.509313	0.53013	-1	0	0	1	
1.112e-08	554	0.142945	0.211805	-0.966802	0.544243	0.515766	-1	0	0	1	
1.116e-08	556	-0.429891	0.438384	-0.789312	0.475376	0.504068	-1	0	0	1	
1.12e-08	558	-0.473609	-0.138116	-0.869838	0.489111	0.484456	-1	0	0	1	
1.124e-08	560	-0.412187	0.290482	-0.863552	0.456519	0.480054	-1	0	0	1	
1.128e-08	562	0.0903458	0.42868	-0.898928	0.469004	0.473557	-1	0	0	1	
1.132e-08	564	0.478807	0.184597	-0.858294	0.451555	0.483364	-1	0	0	1	
1.136e-08	566	-0.151837	0.138807	-0.97861	0.4924	0.477875	-1	0	0	1	
1.14e-08	568	0.131156	0.0178792	-0.9912	0.361653	0.462785	-1	0	0	1	
1.144e-08	570	0.0075122	0.328444	-0.944493	0.499804	0.459043	-1	0	0	1	
1.148e-08	572	-0.0366303	0.0392259	-0.998559	0.445608	0.445465	-1	0	0	1	
1.152e-08	574	-0.373018	0.204038	-0.905111	0.433014	0.447761	-1	0	0	1	
1.156e-08	576	-0.0418118	0.0138646	-0.999029	0.489251	0.467696	-1	0	0	1	
1.16e-08	578	-0.0525266	0.089749	-0.994578	0.404945	0.446191	-1	0	0	1	
1.164e-08	580	-0.373769	-0.061841	-0.925458	0.476832	0.466775	-1	0	0	1	
1.168e-08	582	0.119726	0.293362	-0.948475	0.469779	0.449645	-1	0	0	1	
1.172e-08	584	0.224597	0.324374	-0.918878	0.37797	0.453912	-1	0	0	1	
1.176e-08	586	-0.12731	0.67297	-0.728632	0.481422	0.440632	-1	0	0	1	
1.18e-08	588	-0.493661	-0.323484	-0.807253	0.511292	0.442249	-1	0	0	1	
1.184e-08	590	-0.577343	0.0779103	-0.812776	0.433112	0.412759	-1	0	0	1	
1.188e-08	592	0.310911	0.287384	0.90595	0.407793	0.387387	-1	0	0	1	
1.192e-08	594	-0.389125	-0.663931	-0.638575	0.466761	0.422977	-1	0	0	1	
1.196e-08	596	0.293731	-0.0757603	-0.952881	0.393431	0.386862	-1	0	0	1	
1.2e-08	598	-0.0941531	-0.282803	-0.954546	0.430539	0.41705	-1	0	0	1	
1.204e-08	600	0.156087	0.197188	-0.96786	0.355889	0.384103	-1	0	0	1	
1.208e-08	602	0.0696054	-0.192917	-0.978743	0.389801	0.370078	-1	0	0	1	
1.212e-08	604	0.131787	0.229023	-0.964459	0.283003	0.372003	-1	0	0	1	
1.216e-08	606	0.0310972	0.375804	-0.926177	0.394541	0.39406	-1	0	0	1	
1.22e-08	608	-0.0528277	-0.326363	-0.943767	0.34557	0.353376	-1	0	0	1	
1.224e-08	610	-0.70638	-0.426887	0.564619	0.350411	0.370912	-1	0	0	1	
1.228e-08	612	0.493719	0.0962527	-0.864278	0.362752	0.375667	-1	0	0	1	
1.232e-08	614	-0.114251	0.444675	-0.888376	0.340002	0.360535	-1	0	0	1	
1.236e-08	616	0.954908	0.287881	0.0726303	0.228805	0.379752	-1	0	0	1	
1.24e-08	618	0.0521441	0.0555581	-0.997093	0.358304	0.344793	-1	0	0	1	
1.244e-08	620	0.494539	0.702607	-0.511639	0.403146	0.316875	-1	0	0	1	
1.248e-08	622	-0.425472	0.718007	-0.550854	0.32336	0.333911	-1	0	0	1	
1.252e-08	624	0.598063	-0.511389	-0.617091	0.252148	0.300393	-1	0	0	1	
1.256e-08	626	0.316359	-0.724323	-0.612595	0.373292	0.299531	-1	0	0	1	
1.26e-08	628	0.694879	0.0633403	-0.716332	0.353866	0.314286	-1	0	0	1	
1.264e-08	630	0.211262	-0.79721	-0.565531	0.325279	0.316472	-1	0	0	1	
1.268e-08	632	0.359042	-0.237483	-0.902602	0.373432	0.309299	-1	0	0	1	
1.272e-08	634	0.511593	0.0667715	0.85663	0.241082	0.266777	-1	0	0	1	
1.276e-08	636	0.0930139	-0.103171	-0.990305	0.344829	0.296362	-1	0	0	1	
1.28e-08	638	-0.88282	0.055011	-0.46648	0.278069	0.30173	-1	0	0	1	
1.284e-08	640	-0.214615	-0.0493944	-0.975449	0.250889	0.292048	-1	0	0	1	
1.288e-08	642	-0.920242	-0.103195	-0.377499	0.333409	0.265157	-1	0	0	1	
1.292e-08	644	0.157535	-0.109158	-0.981462	0.206775	0.269103	-1	0	0	1	
1.296e-08	646	-0.0580618	0.191277	-0.979817	0.0890852	0.231993	-1	0	0	1	
1.3e-08	648	0.285226	-0.110257	-0.952098	0.371691	0.280859	-1	0	0	1	
1.304e-08	650	-0.0187807	-0.00857584	-0.999787	0.358151	0.245676	-1	0	0	1	
1.308e-08	652	0.3173	0.472526	-0.822217	0.305376	0.225732	-1	0	0	1	
1.312e-08	654	-0.421943	0.264194	-0.867275	0.293369	0.297762	-1	0	0	1	
1.316e-08	656	-0.563579	-0.0015507	-0.826061	0.251936	0.234191	-1	0	0	1	
1.32e-08	658	0.485992	0.523991	-0.69946	0.27803	0.253301	-1	0	0	1	
1.324e-08	660	-0.750963	-0.658903	0.0436159	0.245162	0.241671	-1	0	0	1	
1.328e-08	662	-0.645313	0.0947954	-0.758013	0.271937	0.194788	-1	0	0	1	
1.332e-08	664	0.703748	-0.526404	0.477114	0.153539	0.166458	-1	0	0	1	
1.336e-08	666	-0.835227	0.431718	0.340609	0.343318	0.253696	-1	0	0	1	
1.34e-08	668	0.13149	0.601496	-0.78798	0.188553	0.178372	-1	0	0	1	
1.344e-08	670	0.990592	0.0865126	-0.10603	0.177786	0.201664	-1	0	0	1	
1.348e-08	672	0.917228	0.212194	0.337144	0.153791	0.185062	-1	0	0	1	
1.352e-08	674	-0.400999	0.782995	-0.47552	0.213553	0.230824	-1	0	0	1	
1.356e-08	676	0.902561	0.243067	-0.35539	0.0933153	0.175029	-1	0	0	1	
1.36e-08	678	-0.74398	-0.334396	0.57851	0.211891	0.187033	-1	0	0	1	
1.364e-08	680	-0.807969	0.186165	-0.559042	0.268192	0.20318	-1	0	0	1	
1.368e-08	682	0.138286	0.40975	-0.901655	0.198197	0.178841	-1	0	0	1	
1.372e-08	684	-0.290369	0.765254	-0.57452	0.239914	0.20035	-1	0	0	1	
1.376e-08	686	-0.912913	-0.387985	-0.126716	0.154139	0.188233	-1	0	0	1	
1.38e-08	688	-0.315464	0.339024	-0.88631	0.108109	0.181144	-1	0	0	1	
1.384e-08	690	0.760616	-0.592897	-0.264455	0.150277	0.163596	-1	0	0	1	
1.388e-08	692	-0.189377	0.542196	-0.818633	0.17717	0.144622	-1	0	0	1	
1.392e-08	694	-0.100661	0.957876	-0.268962	0.212865	0.188856	-1	0	0	1	
1.396e-08	696	-0.994821	-0.0109214	-0.101057	0.187357	0.162224	-1	0	0	1	
1.4e-08	698	-0.812594	-0.519777	-0.263674	0.0596023	0.114313	-1	0	0	1	
1.404e-08	700	-0.131959	0.962189	-0.238284	0.0695308	0.165655	-1	0	0	1	
1.408e-08	702	0.389569	0.720342	0.573884	0.0982736	0.157495	-1	0	0	1	
1.412e-08	704	0.713399	0.2187	0.665757	0.137461	0.146746	-1	0	0	1	
1.416e-08	706	0.0734938	-0.457903	-0.885959	0.149688	0.130679	-1	0	0	1	
1.42e-08	708	0.842734	0.530002	0.0943213	0.169805	0.151215	-1	0	0	1	
1.424e-08	710	0.717034	0.52684	0.456401	0.183338	0.134272	-1	0	0	1	
1.428e-08	712	-0.344046	0.821884	-0.454025	0.0939418	0.142129	-1	0	0	1	
1.432e-08	714	0.430614	-0.900291	0.0636207	0.133326	0.128985	-1	0	0	1	
1.436e-08	716	-0.929959	0.145345	-0.337714	0.161628	0.155675	-1	0	0	1	
1.44e-08	718	0.406141	0.853188	-0.327292	0.118449	0.140486	-1	0	0	1	
1.444e-08	720	0.424949	-0.79962	0.424295	0.170042	0.12252	-1	0	0	1	
1.448e-08	722	-0.364028	0.0513494	-0.929972	0.143225	0.119174	-1	0	0	1	
1.452e-08	724	0.218543	-0.395163	-0.892236	0.0827952	0.133096	-1	0	0	1	
1.456e-08	726	-0.571267	0.0277125	0.820296	0.0696254	0.147048	-1	0	0	1	
1.46e-08	728	-0.539228	0.640444	0.546868	0.238513	0.111336	-1	0	0	1	
1.464e-08	730	0.771163	0.338029	-0.539486	0.245111	0.112997	-1	0	0	1	
1.468e-08	732	-0.885297	-0.463111	-0.0421625	0.124221	0.132649	-1	0	0	1	
1.472e-08	734	0.626972	0.770087	-0.117783	0.048214	0.120237	-1	0	0	1	
1.476e-08	736	-0.21453	0.959092	-0.184714	0.0705151	0.132419	-1	0	0	1	
1.48e-08	738	-0.722135	0.587831	0.364659	0.0220523	0.0923354	-1	0	0	1	
1.484e-08	740	0.511163	0.834208	-0.206905	0.117603	0.103919	-1	0	0	1	
1.488e-08	742	0.591318	-0.786997	0.176009	0.141141	0.114955	-1	0	0	1	
1.492e-08	744	0.90545	0.423661	-0.0259059	0.164706	0.132636	-1	0	0	1	
1.496e-08	746	0.133191	-0.784497	-0.60566	0.112965	0.101563	-1	0	0	1	
1.5e-08	748	0.267111	-0.378258	0.886325	0.0833383	0.127788	-1	0	0	1	
1.504e-08	750	-0.729582	-0.677086	0.0962516	0.103913	0.0807275	-1	0	0	1	
1.508e-08	752	0.956753	0.142989	-0.253332	0.0447829	0.0922021	-1	0	0	1	
1.512e-08	754	0.547639	0.245642	-0.799844	0.0691445	0.105189	-1	0	0	1	
1.516e-08	756	0.565545	0.378569	0.732697	0.0405911	0.0614953	-1	0	0	1	
1.52e-08	758	-0.298688	-0.514531	-0.803768	0.144273	0.108043	-1	0	0	1	
1.524e-08	760	-0.0297068	-0.334197	-0.942035	0.149272	0.100049	-1	0	0	1	
1.528e-08	762	-0.81516	-0.00626278	-0.579202	0.0191712	0.0958071	-1	0	0	1	
1.532e-08	764	0.902827	-0.0603651	0.425746	0.0642048	0.0927782	-1	0	0	1	
1.536e-08	766	0.44878	-0.384311	-0.806784	0.126322	0.113589	-1	0	0	1	
1.54e-08	768	-0.320657	-0.767797	-0.554677	0.0549434	0.0884325	-1	0	0	1	
1.544e-08	770	-0.905845	0.313994	-0.284344	0.187059	0.0983527	-1	0	0	1	
1.548e-08	772	0.0372498	-0.590075	-0.806489	0.0578348	0.0954527	-1	0	0	1	
1.552e-08	774	-0.653604	-0.579793	0.486458	0.0655659	0.0994713	-1	0	0	1	
1.556e-08	776	0.260547	0.211638	-0.941979	0.183596	0.100721	-1	0	0	1	
1.56e-08	778	-0.177103	-0.981727	-0.069624	0.127049	0.112908	-1	0	0	1	
1.564e-08	780	0.631977	0.207073	-0.746811	0.108933	0.092128	-1	0	0	1	
1.568e-08	782	0.151589	0.768107	0.622119	0.130366	0.0878465	-1	0	0	1	
1.572e-08	784	0.654482	0.447519	-0.60941	0.0739899	0.077494	-1	0	0	1	
1.576e-08	786	0.738608	0.202174	0.643105	0.111244	0.0823086	-1	0	0	1	
1.58e-08	788	0.63914	0.677611	0.363791	0.0342874	0.0963538	-1	0	0	1	
1.584e-08	790	0.907967	-0.41304	-0.0706681	0.0701325	0.0875264	-1	0	0	1	
1.588e-08	792	-0.142379	-0.875876	0.461053	0.0801586	0.0662597	-1	0	0	1	
1.592e-08	794	-0.534388	0.301028	-0.789818	0.131735	0.0847113	-1	0	0	1	
1.596e-08	796	0.723241	0.454458	-0.519991	0.0939999	0.0714509	-1	0	0	1	
1.6e-08	798	-0.0990947	0.768931	0.631606	0.140683	0.107486	-1	0	0	1	
1.604e-08	800	0.248605	-0.650635	-0.717544	0.069718	0.0711689	-1	0	0	1	
1.608e-08	802	0.11462	0.991427	-0.0627331	0.131197	0.0771683	-1	0	0	1	
1.612e-08	804	-0.480653	-0.803638	-0.350911	0.0634507	0.106003	-1	0	0	1	
1.616e-08	806	0.505676	0.401733	-0.76348	0.0782322	0.0806947	-1	0	0	1	
1.62e-08	808	0.615853	0.349792	-0.705954	0.105191	0.0993334	-1	0	0	1	
1.624e-08	810	0.731946	0.226726	-0.642534	0.0513324	0.0668518	-1	0	0	1	
1.628e-08	812	-0.180112	-0.767042	-0.615798	0.0816612	0.0868049	-1	0	0	1	
1.632e-08	814	-0.811912	0.0273612	-0.583139	0.0575951	0.0647921	-1	0	0	1	
1.636e-08	816	0.324166	0.526844	0.785718	0.0892528	0.0718433	-1	0	0	1	
1.64e-08	818	0.309681	-0.665946	-0.678685	0.0863032	0.0793158	-1	0	0	1	
1.644e-08	820	-0.0134845	0.969979	-0.242815	0.0515804	0.0858182	-1	0	0	1	
1.648e-08	822	-0.757806	0.513561	0.402474	0.0264185	0.051712	-1	0	0	1	
1.652e-08	824	-0.371212	0.915232	0.15669	0.0252066	0.0700442	-1	0	0	1	
1.656e-08	826	0.0745632	-0.534947	0.841589	0.0464746	0.0907492	-1	0	0	1	
1.66e-08	828	-0.190604	-0.776787	-0.600227	0.0501127	0.0683638	-1	0	0	1	
1.664e-08	830	-0.857372	-0.220573	0.465039	0.100059	0.0619824	-1	0	0	1	
1.668e-08	832	0.241277	0.877205	0.415086	0.0529785	0.0705023	-1	0	0	1	
1.672e-08	834	0.579212	0.690609	0.433097	0.0760791	0.0744549	-1	0	0	1	
1.676e-08	836	-0.865637	-0.297404	0.40277	0.0535797	0.0893305	-1	0	0	1	
1.68e-08	838	0.779056	-0.313687	-0.542837	0.0268473	0.0640496	-1	0	0	1	
1.684e-08	840	-0.146724	0.988908	-0.0230896	0.0808146	0.0659874	-1	0	0	1	
1.688e-08	842	-0.785505	0.618855	-0.000444448	0.0995087	0.0716132	-1	0	0	1	
1.692e-08	844	0.86601	0.374105	0.33177	0.0357818	0.0559609	-1	0	0	1	
1.696e-08	846	0.573964	0.625978	0.527937	0.108457	0.0769452	-1	0	0	1	
1.7e-08	848	-0.773993	0.361248	0.520034	0.130126	0.0882287	-1	0	0	1	
1.704e-08	850	-0.926027	0.283976	0.248659	0.0680468	0.0542648	-1	0	0	1	
1.708e-08	852	0.337813	-0.0519432	0.939779	0.0733167	0.0585373	-1	0	0	1	
1.712e-08	854	0.258235	0.558347	-0.788393	0.0677585	0.0701982	-1	0	0	1	
1.716e-08	856	-0.615597	0.625288	-0.47964	0.0685379	0.0645782	-1	0	0	1	
1.72e-08	858	-0.543802	0.674241	-0.499678	0.0637453	0.0632867	-1	0	0	1	
1.724e-08	860	-0.302957	-0.00689041	0.952979	0.0410132	0.0664915	-1	0	0	1	
1.728e-08	862	-0.0109216	0.900631	0.434448	0.0762557	0.0742356	-1	0	0	1	
1.732e-08	864	-0.0217029	0.430551	0.902305	0.0131689	0.0476122	-1	0	0	1	
1.736e-08	866	-0.370841	0.379293	0.847711	0.0436163	0.0682886	-1	0	0	1	
1.74e-08	868	-0.350796	-0.935904	-0.0320208	0.0570678	0.0562528	-1	0	0	1	
1.744e-08	870	-0.391356	-0.665474	0.635599	0.0735438	0.0629054	-1	0	0	1	
1.748e-08	872	-0.638034	0.700764	0.319127	0.085499	0.0632862	-1	0	0	1	
1.752e-08	874	-0.104497	-0.442265	-0.890776	0.0865872	0.0689416	-1	0	0	1	
1.756e-08	876	0.193386	0.544126	0.816412	0.0999051	0.0751467	-1	0	0	1	
1.76e-08	878	0.0165128	0.95511	-0.295792	0.122271	0.0745335	-1	0	0	1	
1.764e-08	880	-0.83775	0.524561	0.151694	0.0855607	0.0734869	-1	0	0	1	
1.768e-08	882	0.0540276	-0.461677	-0.885401	0.0822877	0.0788774	-1	0	0	1	
1.772e-08	884	-0.963939	0.227985	0.137276	0.0711651	0.0687585	-1	0	0	1	
1.776e-08	886	-0.231808	-0.757541	-0.610243	0.0135937	0.0539905	-1	0	0	1	
1.78e-08	888	0.379727	0.589093	0.713286	0.100895	0.068697	-1	0	0	1	
1.784e-08	890	0.344256	0.903923	0.253792	0.0761958	0.0832968	-1	0	0	1	
1.788e-08	892	0.310429	-0.476525	0.822532	0.0715195	0.0641722	-1	0	0	1	
1.792e-08	894	0.978564	-0.177927	0.103708	0.094169	0.0699841	-1	0	0	1	
1.796e-08	896	0.135603	0.94144	-0.308711	0.12754	0.0639944	-1	0	0	1	
1.8e-08	898	-0.975346	0.145597	-0.165835	0.0511139	0.0595934	-1	0	0	1	
1.804e-08	900	-0.892039	0.398967	-0.21235	0.0101463	0.0661797	-1	0	0	1	
