#----------------------------------------------------------------------------------------------------------------------------------------------------------
# Output file for vampire simulation
#   time       : 2022-02-09 13:01:30     process id : 36132
#   hostname   : compute-0-1.local
#   path       : /home/MINT_WS/luknam/WS_dia5/Thickness5/size_4.0_4.0_5nm/Temp_900/random_1
#----------------------------------------------------------------------------------------------------------------------------------------------------------
4e-11	0	0	0	1	1	1	-1	0	0	1	
8e-11	2	0.00500523	0.00388241	0.99998	0.99892	0.998862	-1	0	0	1	
1.2e-10	4	0.000780786	-0.00170699	0.999998	0.997522	0.997732	-1	0	0	1	
1.6e-10	6	0.0102976	-0.00394687	0.999939	0.996727	0.996647	-1	0	0	1	
2e-10	8	0.000339758	-0.00606068	0.999982	0.99561	0.995524	-1	0	0	1	
2.4e-10	10	0.0024966	-0.001987	0.999995	0.99447	0.994343	-1	0	0	1	
2.8e-10	12	0.0068823	-0.0153739	0.999858	0.993433	0.993218	-1	0	0	1	
3.2e-10	14	-0.0217551	-0.0261048	0.999422	0.992382	0.992146	-1	0	0	1	
3.6e-10	16	0.00273678	0.0113367	0.999932	0.991068	0.990998	-1	0	0	1	
4e-10	18	0.0221371	0.0172357	0.999606	0.989537	0.989779	-1	0	0	1	
4.4e-10	20	0.00207644	0.0183865	0.999829	0.988581	0.988816	-1	0	0	1	
4.8e-10	22	-0.0131268	-0.0158377	0.999788	0.987224	0.987155	-1	0	0	1	
5.2e-10	24	-0.011401	0.00367142	0.999928	0.987181	0.986558	-1	0	0	1	
5.6e-10	26	-0.0133675	-0.00484764	0.999899	0.984211	0.985083	-1	0	0	1	
6e-10	28	0.0182428	0.0146377	0.999726	0.984073	0.984381	-1	0	0	1	
6.4e-10	30	0.00133099	-0.0509718	0.998699	0.983962	0.982763	-1	0	0	1	
6.8e-10	32	-0.00444323	-0.0297676	0.999547	0.982662	0.982216	-1	0	0	1	
7.2e-10	34	-0.0317003	-0.0101263	0.999446	0.98169	0.981037	-1	0	0	1	
7.6e-10	36	-0.00988636	0.00822294	0.999917	0.980096	0.979693	-1	0	0	1	
8e-10	38	0.0191008	-0.0018774	0.999816	0.978087	0.978637	-1	0	0	1	
8.4e-10	40	0.0356224	-0.0122381	0.99929	0.977841	0.977133	-1	0	0	1	
8.8e-10	42	0.0335983	0.0120295	0.999363	0.975351	0.976293	-1	0	0	1	
9.2e-10	44	-0.00772449	0.0332451	0.999417	0.975629	0.975396	-1	0	0	1	
9.6e-10	46	-0.0149167	-0.0174591	0.999736	0.973341	0.973196	-1	0	0	1	
1e-09	48	0.0107049	-0.0359294	0.999297	0.972481	0.972474	-1	0	0	1	
1.04e-09	50	0.0361729	-0.0196432	0.999152	0.97165	0.971483	-1	0	0	1	
1.08e-09	52	0.010829	0.00544941	0.999927	0.970455	0.970703	-1	0	0	1	
1.12e-09	54	-0.011156	-0.0270745	0.999571	0.969739	0.969739	-1	0	0	1	
1.16e-09	56	0.0078794	0.0362048	0.999313	0.967155	0.967525	-1	0	0	1	
1.2e-09	58	0.0121569	-0.0159608	0.999799	0.966298	0.966632	-1	0	0	1	
1.24e-09	60	0.013223	0.0118356	0.999843	0.965322	0.9651	-1	0	0	1	
1.28e-09	62	0.0238197	-0.0145909	0.99961	0.967026	0.964885	-1	0	0	1	
1.32e-09	64	-0.00870096	0.0516413	0.998628	0.964376	0.963426	-1	0	0	1	
1.36e-09	66	-0.0155926	0.0368976	0.999197	0.964672	0.961622	-1	0	0	1	
1.4e-09	68	0.0252093	-0.0581317	0.997991	0.958995	0.960412	-1	0	0	1	
1.44e-09	70	0.0116108	0.0596723	0.99815	0.958032	0.958847	-1	0	0	1	
1.48e-09	72	0.0127315	-0.0180537	0.999756	0.958082	0.95828	-1	0	0	1	
1.52e-09	74	-0.0362612	-0.00396858	0.999334	0.958981	0.957327	-1	0	0	1	
1.56e-09	76	-0.0222307	0.0716014	0.997186	0.958741	0.956174	-1	0	0	1	
1.6e-09	78	0.0480254	0.00991777	0.998797	0.953428	0.955151	-1	0	0	1	
1.64e-09	80	-0.0221684	-0.00897609	0.999714	0.953101	0.953367	-1	0	0	1	
1.68e-09	82	0.0206419	-0.0141488	0.999687	0.953419	0.951881	-1	0	0	1	
1.72e-09	84	0.0319197	0.00940108	0.999446	0.950715	0.951772	-1	0	0	1	
1.76e-09	86	0.00939341	0.00665308	0.999934	0.952302	0.949599	-1	0	0	1	
1.8e-09	88	-0.0337011	0.0233094	0.99916	0.947425	0.948187	-1	0	0	1	
1.84e-09	90	0.0128779	0.0317303	0.999414	0.948939	0.948156	-1	0	0	1	
1.88e-09	92	-0.0450798	0.0437322	0.998026	0.946267	0.946864	-1	0	0	1	
1.92e-09	94	-0.00122543	0.0168943	0.999857	0.946975	0.944472	-1	0	0	1	
1.96e-09	96	0.00933844	0.05912	0.998207	0.944499	0.943299	-1	0	0	1	
2e-09	98	0.00820806	0.0412922	0.999113	0.942938	0.941449	-1	0	0	1	
2.04e-09	100	-0.010032	0.0477204	0.99881	0.940268	0.941385	-1	0	0	1	
2.08e-09	102	-0.0576352	0.0395268	0.997555	0.939751	0.940215	-1	0	0	1	
2.12e-09	104	-0.0315317	0.00235613	0.9995	0.93933	0.938919	-1	0	0	1	
2.16e-09	106	0.00252802	0.0151437	0.999882	0.937428	0.937167	-1	0	0	1	
2.2e-09	108	-0.0672619	-0.0406961	0.996905	0.937704	0.936669	-1	0	0	1	
2.24e-09	110	-0.00663239	0.041648	0.99911	0.934237	0.935205	-1	0	0	1	
2.28e-09	112	0.0166394	-0.0276911	0.999478	0.932259	0.934244	-1	0	0	1	
2.32e-09	114	0.0374292	-0.0727915	0.996645	0.931436	0.933047	-1	0	0	1	
2.36e-09	116	0.0123064	-0.0396715	0.999137	0.924131	0.931566	-1	0	0	1	
2.4e-09	118	-0.00400672	-0.0355578	0.99936	0.930845	0.931146	-1	0	0	1	
2.44e-09	120	0.00411171	-0.0149184	0.99988	0.92995	0.930032	-1	0	0	1	
2.48e-09	122	-0.0389091	-0.0130895	0.999157	0.929766	0.927844	-1	0	0	1	
2.52e-09	124	-0.0318557	-0.0154427	0.999373	0.925668	0.927457	-1	0	0	1	
2.56e-09	126	0.0614888	-0.0464992	0.997024	0.923238	0.925728	-1	0	0	1	
2.6e-09	128	0.0252292	0.0416164	0.998815	0.920118	0.924278	-1	0	0	1	
2.64e-09	130	0.0363754	-0.0065202	0.999317	0.925163	0.922788	-1	0	0	1	
2.68e-09	132	0.0608249	0.119737	0.990941	0.921511	0.921289	-1	0	0	1	
2.72e-09	134	-0.0390098	0.0127978	0.999157	0.917047	0.920801	-1	0	0	1	
2.76e-09	136	-0.0476602	0.0161342	0.998733	0.917189	0.918722	-1	0	0	1	
2.8e-09	138	0.0498063	0.0583322	0.997054	0.910424	0.918343	-1	0	0	1	
2.84e-09	140	0.0381411	-0.0635132	0.997252	0.916681	0.91768	-1	0	0	1	
2.88e-09	142	0.0345173	-0.0149238	0.999293	0.916144	0.914729	-1	0	0	1	
2.92e-09	144	-0.0608815	0.00244725	0.998142	0.911041	0.915414	-1	0	0	1	
2.96e-09	146	-0.00156115	0.0346135	0.9994	0.912654	0.91373	-1	0	0	1	
3e-09	148	-0.000729719	0.049506	0.998774	0.910349	0.911157	-1	0	0	1	
3.04e-09	150	-0.0113579	0.014348	0.999833	0.906127	0.910689	-1	0	0	1	
3.08e-09	152	0.0290116	-0.0279143	0.999189	0.905427	0.909246	-1	0	0	1	
3.12e-09	154	-0.00528771	0.00218677	0.999984	0.907699	0.905941	-1	0	0	1	
3.16e-09	156	-0.0433307	-0.0420094	0.998177	0.908031	0.905582	-1	0	0	1	
3.2e-09	158	9.03525e-05	0.0803596	0.996766	0.908937	0.905315	-1	0	0	1	
3.24e-09	160	0.0141335	-0.0251629	0.999583	0.905494	0.905002	-1	0	0	1	
3.28e-09	162	0.0156171	0.0709115	0.99736	0.899527	0.900726	-1	0	0	1	
3.32e-09	164	-0.00708211	-0.0317817	0.99947	0.895893	0.900719	-1	0	0	1	
3.36e-09	166	0.0568937	0.0740075	0.995633	0.89729	0.899335	-1	0	0	1	
3.4e-09	168	-0.016301	-0.0299557	0.999418	0.89568	0.896794	-1	0	0	1	
3.44e-09	170	0.00416727	0.0422192	0.9991	0.898724	0.895206	-1	0	0	1	
3.48e-09	172	0.0441859	-0.00293287	0.999019	0.896145	0.893928	-1	0	0	1	
3.52e-09	174	-0.0495363	-0.0362519	0.998114	0.897781	0.893732	-1	0	0	1	
3.56e-09	176	0.0198363	0.0834444	0.996315	0.89151	0.891658	-1	0	0	1	
3.6e-09	178	0.0517437	-0.0104969	0.998605	0.889022	0.890001	-1	0	0	1	
3.64e-09	180	-0.0562677	-0.0146947	0.998308	0.884039	0.890786	-1	0	0	1	
3.68e-09	182	0.030914	0.0150627	0.999409	0.878578	0.885572	-1	0	0	1	
3.72e-09	184	-0.0610254	-0.0850461	0.994506	0.885335	0.888434	-1	0	0	1	
3.76e-09	186	-0.0311778	-0.0337219	0.998945	0.880883	0.887241	-1	0	0	1	
3.8e-09	188	0.0822482	0.0182836	0.996444	0.885428	0.886077	-1	0	0	1	
3.84e-09	190	-0.0274396	0.113318	0.99318	0.879052	0.88318	-1	0	0	1	
3.88e-09	192	0.0072494	0.0571166	0.998341	0.878907	0.883028	-1	0	0	1	
3.92e-09	194	-0.0568519	0.122639	0.990822	0.875737	0.877161	-1	0	0	1	
3.96e-09	196	-0.0105852	0.100157	0.994915	0.871184	0.879228	-1	0	0	1	
4e-09	198	0.00796635	-0.011839	0.999898	0.872275	0.878875	-1	0	0	1	
4.04e-09	200	0.0405015	-0.0455573	0.99814	0.874436	0.872727	-1	0	0	1	
4.08e-09	202	0.0313069	-0.0729749	0.996842	0.873827	0.876044	-1	0	0	1	
4.12e-09	204	-0.0147068	-0.022842	0.999631	0.867913	0.872595	-1	0	0	1	
4.16e-09	206	-0.0673825	-0.0114105	0.997662	0.871175	0.872389	-1	0	0	1	
4.2e-09	208	-0.0041762	0.00112966	0.999991	0.871029	0.869842	-1	0	0	1	
4.24e-09	210	-0.0760444	-0.0320391	0.99659	0.861085	0.872138	-1	0	0	1	
4.28e-09	212	-0.00738786	0.0250277	0.999659	0.869117	0.868636	-1	0	0	1	
4.32e-09	214	0.0368037	0.0114461	0.999257	0.867874	0.865444	-1	0	0	1	
4.36e-09	216	0.0855285	0.0318768	0.995826	0.866563	0.865309	-1	0	0	1	
4.4e-09	218	-0.0857007	0.119061	0.989181	0.868669	0.865343	-1	0	0	1	
4.44e-09	220	0.0398176	0.0421752	0.998316	0.857815	0.863201	-1	0	0	1	
4.48e-09	222	-0.0617587	-0.0821123	0.994708	0.855185	0.861997	-1	0	0	1	
4.52e-09	224	0.0511052	0.0244105	0.998395	0.852641	0.85889	-1	0	0	1	
4.56e-09	226	0.0154311	0.0164416	0.999746	0.862916	0.856073	-1	0	0	1	
4.6e-09	228	-0.041066	0.0114265	0.999091	0.870491	0.858926	-1	0	0	1	
4.64e-09	230	-0.0629982	-0.111935	0.991717	0.858693	0.854036	-1	0	0	1	
4.68e-09	232	-0.0437706	-0.0154386	0.998922	0.844429	0.853958	-1	0	0	1	
4.72e-09	234	0.0175657	-0.0824744	0.996438	0.85695	0.855847	-1	0	0	1	
4.76e-09	236	-0.0147676	-0.0345561	0.999294	0.842496	0.850078	-1	0	0	1	
4.8e-09	238	0.059576	-0.0628774	0.996242	0.851315	0.849531	-1	0	0	1	
4.84e-09	240	0.0326222	0.0626177	0.997504	0.845054	0.847644	-1	0	0	1	
4.88e-09	242	-0.0244136	3.19157e-05	0.999702	0.849293	0.848339	-1	0	0	1	
4.92e-09	244	0.0355469	0.0110348	0.999307	0.840287	0.845238	-1	0	0	1	
4.96e-09	246	-0.0312737	-0.0121692	0.999437	0.848044	0.843525	-1	0	0	1	
5e-09	248	0.0653369	0.0553992	0.996324	0.846247	0.839765	-1	0	0	1	
5.04e-09	250	-0.122853	-0.0306789	0.991951	0.832478	0.837968	-1	0	0	1	
5.08e-09	252	-0.0234142	-0.0194318	0.999537	0.835676	0.840995	-1	0	0	1	
5.12e-09	254	-0.0281514	0.081663	0.996262	0.834822	0.833463	-1	0	0	1	
5.16e-09	256	0.0494337	-0.035224	0.998156	0.842817	0.83578	-1	0	0	1	
5.2e-09	258	0.062841	-0.0229777	0.997759	0.831236	0.83201	-1	0	0	1	
5.24e-09	260	-0.0463316	-0.0239078	0.99864	0.837428	0.833763	-1	0	0	1	
5.28e-09	262	-0.0867501	0.00161312	0.996229	0.845526	0.834733	-1	0	0	1	
5.32e-09	264	-0.00754665	-0.112676	0.993603	0.830249	0.831925	-1	0	0	1	
5.36e-09	266	0.0212136	-0.0286765	0.999364	0.841408	0.826203	-1	0	0	1	
5.4e-09	268	-0.133419	0.0572208	0.989406	0.831336	0.826157	-1	0	0	1	
5.44e-09	270	-0.0784882	-0.0158042	0.99679	0.837379	0.828131	-1	0	0	1	
5.48e-09	272	0.0783477	-0.108322	0.991024	0.81326	0.823435	-1	0	0	1	
5.52e-09	274	0.0355274	-0.12652	0.991328	0.825587	0.819351	-1	0	0	1	
5.56e-09	276	-0.112817	0.0426289	0.992701	0.829161	0.821077	-1	0	0	1	
5.6e-09	278	-0.124171	-0.0409962	0.991414	0.81526	0.821026	-1	0	0	1	
5.64e-09	280	0.0852473	-0.0354604	0.995729	0.810894	0.817892	-1	0	0	1	
5.68e-09	282	-0.0521923	0.120344	0.991359	0.81491	0.811671	-1	0	0	1	
5.72e-09	284	0.021012	0.0269721	0.999415	0.794885	0.814569	-1	0	0	1	
5.76e-09	286	0.0803709	-0.03049	0.996299	0.806384	0.813617	-1	0	0	1	
5.8e-09	288	-0.0482533	0.237203	0.970261	0.805202	0.809124	-1	0	0	1	
5.84e-09	290	0.0258638	0.0384266	0.998927	0.810631	0.808985	-1	0	0	1	
5.88e-09	292	-0.0515861	0.161755	0.985482	0.796265	0.806827	-1	0	0	1	
5.92e-09	294	-0.0607025	0.0948549	0.993639	0.808104	0.805444	-1	0	0	1	
5.96e-09	296	-0.0497741	0.0354866	0.99813	0.805531	0.801304	-1	0	0	1	
6e-09	298	0.026723	-0.0803812	0.996406	0.809202	0.802126	-1	0	0	1	
6.04e-09	300	-0.0990401	-0.077981	0.992023	0.80377	0.800071	-1	0	0	1	
6.08e-09	302	-0.0305436	-0.0661747	0.99734	0.81306	0.797027	-1	0	0	1	
6.12e-09	304	-0.0449669	0.00382526	0.998981	0.80529	0.802024	-1	0	0	1	
6.16e-09	306	0.056807	0.0748377	0.995576	0.802267	0.798679	-1	0	0	1	
6.2e-09	308	0.0671467	0.0599862	0.995938	0.793676	0.794476	-1	0	0	1	
6.24e-09	310	0.0511912	-0.043127	0.997757	0.816412	0.799042	-1	0	0	1	
6.28e-09	312	-0.0110312	-0.0796142	0.996765	0.7959	0.794739	-1	0	0	1	
6.32e-09	314	-0.0166451	0.0385184	0.999119	0.781642	0.789237	-1	0	0	1	
6.36e-09	316	0.098543	0.0243616	0.994835	0.784987	0.789341	-1	0	0	1	
6.4e-09	318	0.120936	-0.0288867	0.99224	0.794103	0.786862	-1	0	0	1	
6.44e-09	320	0.0177528	-0.104607	0.994355	0.790598	0.784596	-1	0	0	1	
6.48e-09	322	0.128949	0.144473	0.981071	0.793829	0.791988	-1	0	0	1	
6.52e-09	324	0.0140926	-0.13625	0.990574	0.767343	0.780857	-1	0	0	1	
6.56e-09	326	-0.0892754	0.0418037	0.995129	0.777173	0.779087	-1	0	0	1	
6.6e-09	328	0.119665	-0.0435024	0.991861	0.797269	0.779307	-1	0	0	1	
6.64e-09	330	0.0279619	0.0232147	0.999339	0.788142	0.774757	-1	0	0	1	
6.68e-09	332	0.00114903	0.11335	0.993554	0.747707	0.778343	-1	0	0	1	
6.72e-09	334	-0.135618	0.128265	0.982423	0.772424	0.778954	-1	0	0	1	
6.76e-09	336	-0.110289	-0.148414	0.982756	0.767271	0.772182	-1	0	0	1	
6.8e-09	338	0.0679208	-0.0204289	0.997482	0.770833	0.769358	-1	0	0	1	
6.84e-09	340	-0.0321026	0.090558	0.995374	0.765157	0.766351	-1	0	0	1	
6.88e-09	342	0.0715716	0.126347	0.989401	0.775943	0.77114	-1	0	0	1	
6.92e-09	344	0.146023	-0.099655	0.984249	0.7754	0.764011	-1	0	0	1	
6.96e-09	346	0.133551	0.0372319	0.990342	0.780558	0.765448	-1	0	0	1	
7e-09	348	0.0313041	0.109364	0.993509	0.759967	0.761632	-1	0	0	1	
7.04e-09	350	-0.00879409	-0.0182275	0.999795	0.741558	0.761609	-1	0	0	1	
7.08e-09	352	0.110668	0.02804	0.993462	0.779154	0.763733	-1	0	0	1	
7.12e-09	354	-0.0921321	-0.0488823	0.994546	0.757717	0.756249	-1	0	0	1	
7.16e-09	356	0.182481	0.199736	0.962708	0.747436	0.749241	-1	0	0	1	
7.2e-09	358	0.00265531	-0.0481916	0.998835	0.743223	0.744965	-1	0	0	1	
7.24e-09	360	0.199936	-0.00409915	0.9798	0.754019	0.748711	-1	0	0	1	
7.28e-09	362	0.0193739	-0.0220625	0.999569	0.74106	0.745088	-1	0	0	1	
7.32e-09	364	-0.0150972	0.105418	0.994313	0.770235	0.751747	-1	0	0	1	
7.36e-09	366	0.0927078	-0.0968408	0.990973	0.743326	0.745161	-1	0	0	1	
7.4e-09	368	-0.0151142	0.0985024	0.995022	0.733292	0.743753	-1	0	0	1	
7.44e-09	370	0.100418	0.0203918	0.994736	0.747588	0.749193	-1	0	0	1	
7.48e-09	372	-0.0517559	-0.037668	0.997949	0.748107	0.745274	-1	0	0	1	
7.52e-09	374	0.112382	0.00828692	0.993631	0.723557	0.731209	-1	0	0	1	
7.56e-09	376	0.145428	-0.0129882	0.989284	0.713949	0.740584	-1	0	0	1	
7.6e-09	378	-0.085228	-0.110366	0.99023	0.749513	0.730399	-1	0	0	1	
7.64e-09	380	0.167372	-0.0499197	0.984629	0.728016	0.735899	-1	0	0	1	
7.68e-09	382	-0.0112284	-0.105808	0.994323	0.734587	0.723572	-1	0	0	1	
7.72e-09	384	0.0132738	-0.181139	0.983368	0.729299	0.726707	-1	0	0	1	
7.76e-09	386	-0.0198997	0.150454	0.988417	0.73408	0.731656	-1	0	0	1	
7.8e-09	388	-0.00897828	0.0587611	0.998232	0.723485	0.723966	-1	0	0	1	
7.84e-09	390	-0.100392	-0.126847	0.986829	0.715803	0.72776	-1	0	0	1	
7.88e-09	392	0.0243316	-0.0748508	0.996898	0.716063	0.720846	-1	0	0	1	
7.92e-09	394	0.114768	0.0921787	0.989106	0.715083	0.717925	-1	0	0	1	
7.96e-09	396	0.152417	-0.151243	0.976675	0.721421	0.719195	-1	0	0	1	
8e-09	398	0.129345	-0.0620027	0.989659	0.725161	0.718834	-1	0	0	1	
8.04e-09	400	0.0954524	0.0424855	0.994527	0.714596	0.714581	-1	0	0	1	
8.08e-09	402	-0.077761	0.222714	0.971778	0.73163	0.716686	-1	0	0	1	
8.12e-09	404	0.0583506	-0.0880319	0.994407	0.692273	0.702887	-1	0	0	1	
8.16e-09	406	0.144177	-0.131135	0.980824	0.697444	0.710369	-1	0	0	1	
8.2e-09	408	0.0429564	0.08126	0.995767	0.681264	0.700592	-1	0	0	1	
8.24e-09	410	0.0583779	0.0577114	0.996625	0.728378	0.700451	-1	0	0	1	
8.28e-09	412	0.112916	0.00786875	0.993573	0.688936	0.701621	-1	0	0	1	
8.32e-09	414	0.10325	-0.0155021	0.994535	0.696376	0.695826	-1	0	0	1	
8.36e-09	416	0.0984506	-0.156902	0.982695	0.701869	0.694417	-1	0	0	1	
8.4e-09	418	0.101897	-0.104112	0.989332	0.701184	0.692336	-1	0	0	1	
8.44e-09	420	0.196574	-0.227027	0.953844	0.696758	0.693174	-1	0	0	1	
8.48e-09	422	0.21924	0.0687895	0.973243	0.693821	0.687715	-1	0	0	1	
8.52e-09	424	-0.114973	-0.202062	0.972601	0.684163	0.687656	-1	0	0	1	
8.56e-09	426	0.196449	-0.118594	0.973316	0.68127	0.686641	-1	0	0	1	
8.6e-09	428	0.0148425	0.0410544	0.999047	0.699189	0.685696	-1	0	0	1	
8.64e-09	430	-0.0244459	-0.196677	0.980164	0.688334	0.6711	-1	0	0	1	
8.68e-09	432	0.12617	0.108949	0.986008	0.690598	0.674188	-1	0	0	1	
8.72e-09	434	-0.0217187	0.271726	0.962129	0.695785	0.682736	-1	0	0	1	
8.76e-09	436	0.155072	0.0338897	0.987322	0.652534	0.676857	-1	0	0	1	
8.8e-09	438	0.0317635	0.0921646	0.995237	0.659082	0.667271	-1	0	0	1	
8.84e-09	440	-0.0787958	-0.155272	0.984724	0.671971	0.669738	-1	0	0	1	
8.88e-09	442	0.0748238	-0.204991	0.9759	0.664026	0.665863	-1	0	0	1	
8.92e-09	444	0.0864894	0.103871	0.990823	0.671343	0.656285	-1	0	0	1	
8.96e-09	446	-0.220325	-0.357906	0.907392	0.649477	0.658	-1	0	0	1	
9e-09	448	0.145011	0.0138178	0.989334	0.672175	0.659957	-1	0	0	1	
9.04e-09	450	-0.192258	-0.0817173	0.977936	0.629424	0.659359	-1	0	0	1	
9.08e-09	452	0.0857597	0.0454224	0.99528	0.675276	0.654778	-1	0	0	1	
9.12e-09	454	0.126783	-0.00561454	0.991915	0.661932	0.648633	-1	0	0	1	
9.16e-09	456	0.429463	0.0381237	0.902279	0.64075	0.642815	-1	0	0	1	
9.2e-09	458	0.014933	-0.306273	0.951827	0.628033	0.636937	-1	0	0	1	
9.24e-09	460	-0.322226	-0.0388793	0.945864	0.667501	0.656511	-1	0	0	1	
9.28e-09	462	0.0581396	-0.00816803	0.998275	0.63968	0.648905	-1	0	0	1	
9.32e-09	464	0.154615	0.127108	0.979764	0.633725	0.633062	-1	0	0	1	
9.36e-09	466	-0.108706	-0.0465413	0.992984	0.652632	0.642478	-1	0	0	1	
9.4e-09	468	-0.0841613	0.0851174	0.99281	0.633218	0.636362	-1	0	0	1	
9.44e-09	470	-0.200667	-0.0211197	0.979432	0.650216	0.635228	-1	0	0	1	
9.48e-09	472	-0.0167095	-0.0570115	0.998234	0.673445	0.645958	-1	0	0	1	
9.52e-09	474	0.0756103	0.0743402	0.994362	0.622476	0.632366	-1	0	0	1	
9.56e-09	476	-0.0768484	0.135281	0.987823	0.62026	0.629731	-1	0	0	1	
9.6e-09	478	0.0287633	0.104162	0.994144	0.638674	0.618039	-1	0	0	1	
9.64e-09	480	-0.157129	0.232018	0.959936	0.618473	0.61192	-1	0	0	1	
9.68e-09	482	0.108719	0.151069	0.982526	0.625604	0.616686	-1	0	0	1	
9.72e-09	484	0.0140869	-0.345074	0.93847	0.640447	0.623854	-1	0	0	1	
9.76e-09	486	-0.219143	0.0951108	0.971046	0.592674	0.609325	-1	0	0	1	
9.8e-09	488	-0.133005	0.0897586	0.987043	0.610806	0.61258	-1	0	0	1	
9.84e-09	490	0.0467868	0.257234	0.965216	0.604385	0.604288	-1	0	0	1	
9.88e-09	492	-0.315839	-0.291175	0.90303	0.641552	0.600378	-1	0	0	1	
9.92e-09	494	-0.0299313	-0.0430313	0.998625	0.563641	0.596827	-1	0	0	1	
9.96e-09	496	0.101632	-0.016313	0.994688	0.604732	0.600725	-1	0	0	1	
1e-08	498	0.118113	0.0278205	0.99261	0.602085	0.606702	-1	0	0	1	
1.004e-08	500	-0.249894	0.169347	0.953349	0.595992	0.596864	-1	0	0	1	
1.008e-08	502	-0.0224944	-0.0559344	0.998181	0.591353	0.588814	-1	0	0	1	
1.012e-08	504	-0.0571294	0.323864	0.944377	0.605226	0.583699	-1	0	0	1	
1.016e-08	506	-0.143134	0.0605345	0.98785	0.588502	0.578314	-1	0	0	1	
1.02e-08	508	-0.119601	-0.249591	0.960937	0.590762	0.587951	-1	0	0	1	
1.024e-08	510	-0.172117	0.215587	0.961196	0.607748	0.585043	-1	0	0	1	
1.028e-08	512	-0.0822428	0.0223239	0.996362	0.579399	0.591317	-1	0	0	1	
1.032e-08	514	0.0760569	0.0369512	0.996419	0.550286	0.57084	-1	0	0	1	
1.036e-08	516	-0.288749	0.0964659	0.952533	0.596856	0.565927	-1	0	0	1	
1.04e-08	518	0.3944	0.293924	0.870665	0.52737	0.567252	-1	0	0	1	
1.044e-08	520	0.0681923	0.100023	0.992646	0.565207	0.580566	-1	0	0	1	
1.048e-08	522	0.170469	0.0189866	0.98518	0.564185	0.554434	-1	0	0	1	
1.052e-08	524	-0.133601	-0.216302	0.967142	0.556226	0.558752	-1	0	0	1	
1.056e-08	526	0.0687117	-0.0447461	0.996633	0.58066	0.56309	-1	0	0	1	
1.06e-08	528	0.267508	0.300587	0.915471	0.536183	0.549559	-1	0	0	1	
1.064e-08	530	-0.186662	0.173319	0.967015	0.530875	0.536054	-1	0	0	1	
1.068e-08	532	-0.0963265	-0.346971	0.932916	0.535947	0.542568	-1	0	0	1	
1.072e-08	534	-0.103387	0.165396	0.980793	0.582398	0.545987	-1	0	0	1	
1.076e-08	536	-0.0280983	0.166276	0.985679	0.580172	0.539637	-1	0	0	1	
1.08e-08	538	0.270032	0.0793588	0.959575	0.517868	0.539002	-1	0	0	1	
1.084e-08	540	0.0696354	-0.288853	0.954838	0.518717	0.537767	-1	0	0	1	
1.088e-08	542	-0.213708	-0.0584454	0.975148	0.538385	0.526084	-1	0	0	1	
1.092e-08	544	0.274929	0.450556	0.849361	0.534731	0.526847	-1	0	0	1	
1.096e-08	546	-0.0307352	-0.17142	0.984718	0.49755	0.51625	-1	0	0	1	
1.1e-08	548	-0.461976	-0.291887	0.837484	0.524803	0.507282	-1	0	0	1	
1.104e-08	550	-0.0511747	-0.300883	0.952287	0.480537	0.502914	-1	0	0	1	
1.108e-08	552	0.351087	0.121045	0.928486	0.524585	0.514718	-1	0	0	1	
1.112e-08	554	0.042218	0.0450078	0.998094	0.473071	0.494436	-1	0	0	1	
1.116e-08	556	0.162359	0.33734	0.927276	0.512841	0.508671	-1	0	0	1	
1.12e-08	558	-0.107349	-0.140892	0.984188	0.528793	0.502271	-1	0	0	1	
1.124e-08	560	0.253788	-0.0919825	0.962876	0.498266	0.504036	-1	0	0	1	
1.128e-08	562	0.261092	-0.427773	0.865356	0.422255	0.493292	-1	0	0	1	
1.132e-08	564	0.0457025	0.0565481	0.997353	0.477325	0.466387	-1	0	0	1	
1.136e-08	566	0.0542785	-0.108692	0.992593	0.493098	0.476894	-1	0	0	1	
1.14e-08	568	-0.142417	0.0296182	-0.989363	0.501046	0.488814	-1	0	0	1	
1.144e-08	570	-0.0455658	0.00559188	-0.998946	0.472577	0.479912	-1	0	0	1	
1.148e-08	572	0.123204	-0.117225	-0.985433	0.476639	0.481455	-1	0	0	1	
1.152e-08	574	-0.0877698	-0.111322	-0.989901	0.469862	0.479246	-1	0	0	1	
1.156e-08	576	-0.163407	-0.175535	-0.970817	0.483033	0.483454	-1	0	0	1	
1.16e-08	578	0.0582817	-0.0200583	-0.998099	0.514592	0.483166	-1	0	0	1	
1.164e-08	580	0.140029	0.213633	-0.966826	0.483041	0.469155	-1	0	0	1	
1.168e-08	582	-0.178406	0.0973965	-0.979125	0.482504	0.467039	-1	0	0	1	
1.172e-08	584	-0.434273	0.0754147	-0.897619	0.445687	0.46812	-1	0	0	1	
1.176e-08	586	-0.0793826	-0.398533	-0.913712	0.472207	0.465194	-1	0	0	1	
1.18e-08	588	-0.156592	-0.237573	-0.958665	0.442477	0.459336	-1	0	0	1	
1.184e-08	590	0.420745	-0.147774	-0.895062	0.45074	0.45275	-1	0	0	1	
1.188e-08	592	0.0187591	-0.0996012	-0.994851	0.460037	0.441768	-1	0	0	1	
1.192e-08	594	0.0400332	-0.246939	-0.968204	0.451002	0.45922	-1	0	0	1	
1.196e-08	596	-0.0203423	0.450574	-0.892507	0.448266	0.435669	-1	0	0	1	
1.2e-08	598	0.0742831	0.181434	-0.980594	0.422932	0.426258	-1	0	0	1	
1.204e-08	600	0.0729743	0.0433744	-0.99639	0.451926	0.42875	-1	0	0	1	
1.208e-08	602	-0.321283	0.0363437	-0.946286	0.434384	0.423489	-1	0	0	1	
1.212e-08	604	-0.222005	-0.102177	-0.969677	0.4337	0.423016	-1	0	0	1	
1.216e-08	606	-0.128449	-0.70246	-0.700036	0.399987	0.414131	-1	0	0	1	
1.22e-08	608	-0.0705172	-0.061267	-0.995627	0.411633	0.413553	-1	0	0	1	
1.224e-08	610	0.0557333	-0.222387	-0.973364	0.307602	0.4049	-1	0	0	1	
1.228e-08	612	-0.014816	0.0778033	-0.996859	0.436426	0.411583	-1	0	0	1	
1.232e-08	614	-0.0911863	0.568087	-0.817901	0.374099	0.383629	-1	0	0	1	
1.236e-08	616	0.0895124	0.048037	-0.994827	0.408463	0.385947	-1	0	0	1	
1.24e-08	618	-0.0509269	0.044922	-0.997692	0.432509	0.409551	-1	0	0	1	
1.244e-08	620	-0.0492156	0.00440335	-0.998778	0.403209	0.387535	-1	0	0	1	
1.248e-08	622	-0.209996	0.379553	-0.901022	0.398137	0.401672	-1	0	0	1	
1.252e-08	624	0.209741	0.0316608	-0.977244	0.403707	0.360125	-1	0	0	1	
1.256e-08	626	-0.583023	0.210583	-0.78469	0.265666	0.375145	-1	0	0	1	
1.26e-08	628	0.282468	-0.0200199	-0.959068	0.404141	0.370856	-1	0	0	1	
1.264e-08	630	0.0752788	0.131623	-0.988437	0.393536	0.370088	-1	0	0	1	
1.268e-08	632	-0.386871	0.0404987	-0.921244	0.339553	0.322334	-1	0	0	1	
1.272e-08	634	-0.417126	0.243504	-0.875621	0.322743	0.329696	-1	0	0	1	
1.276e-08	636	0.400139	0.545715	-0.736263	0.334613	0.317931	-1	0	0	1	
1.28e-08	638	-0.56352	-0.0230827	-0.82578	0.325149	0.326932	-1	0	0	1	
1.284e-08	640	-0.200545	0.323329	-0.924792	0.359771	0.345962	-1	0	0	1	
1.288e-08	642	-0.429227	0.083234	-0.899353	0.360106	0.336986	-1	0	0	1	
1.292e-08	644	0.789827	-0.422821	-0.444292	0.245693	0.326326	-1	0	0	1	
1.296e-08	646	-0.608206	0.426092	-0.669724	0.290897	0.327583	-1	0	0	1	
1.3e-08	648	-0.0262833	-0.0838005	-0.996136	0.352637	0.303692	-1	0	0	1	
1.304e-08	650	-0.657141	-0.455257	-0.600756	0.291195	0.31995	-1	0	0	1	
1.308e-08	652	0.000476289	0.0498193	-0.998758	0.333853	0.264646	-1	0	0	1	
1.312e-08	654	-0.436806	0.0663055	-0.897109	0.279366	0.260395	-1	0	0	1	
1.316e-08	656	0.529339	-0.0443012	-0.847253	0.276114	0.285772	-1	0	0	1	
1.32e-08	658	0.370905	-0.218297	-0.902649	0.313799	0.291659	-1	0	0	1	
1.324e-08	660	0.0147666	-0.536069	-0.844045	0.295976	0.259216	-1	0	0	1	
1.328e-08	662	0.213287	-0.177647	-0.960703	0.240705	0.248437	-1	0	0	1	
1.332e-08	664	-0.502273	-0.189786	-0.843625	0.180252	0.231071	-1	0	0	1	
1.336e-08	666	0.536536	0.841525	0.062959	0.277468	0.245717	-1	0	0	1	
1.34e-08	668	-0.885929	0.208337	-0.414398	0.185912	0.198465	-1	0	0	1	
1.344e-08	670	-0.27829	-0.695437	0.662513	0.248773	0.224046	-1	0	0	1	
1.348e-08	672	0.725906	0.0354914	-0.686877	0.183664	0.235959	-1	0	0	1	
1.352e-08	674	-0.469689	0.265435	-0.841984	0.197319	0.237304	-1	0	0	1	
1.356e-08	676	0.373832	0.718349	0.586707	0.185833	0.177883	-1	0	0	1	
1.36e-08	678	-0.111622	0.00201591	-0.993749	0.225625	0.191153	-1	0	0	1	
1.364e-08	680	0.993191	-0.0286258	0.112922	0.0852111	0.177138	-1	0	0	1	
1.368e-08	682	0.199059	0.338209	-0.919777	0.184008	0.203365	-1	0	0	1	
1.372e-08	684	0.381358	-0.61128	0.693471	0.214299	0.130547	-1	0	0	1	
1.376e-08	686	0.956706	0.251617	-0.146297	0.132263	0.12858	-1	0	0	1	
1.38e-08	688	0.751577	0.0111414	-0.659551	0.12372	0.16027	-1	0	0	1	
1.384e-08	690	-0.0590408	-0.00497223	-0.998243	0.230882	0.178438	-1	0	0	1	
1.388e-08	692	0.484956	-0.143155	-0.862742	0.229829	0.168949	-1	0	0	1	
1.392e-08	694	-0.664637	-0.685234	-0.297845	0.206549	0.152052	-1	0	0	1	
1.396e-08	696	0.225785	-0.232148	-0.946112	0.112231	0.136256	-1	0	0	1	
1.4e-08	698	0.0569665	-0.928806	-0.366161	0.144126	0.136124	-1	0	0	1	
1.404e-08	700	0.137919	-0.602977	0.785746	0.159055	0.136991	-1	0	0	1	
1.408e-08	702	-0.581577	0.732258	0.354353	0.172244	0.117158	-1	0	0	1	
1.412e-08	704	-0.0539905	0.0275773	-0.998161	0.158446	0.105429	-1	0	0	1	
1.416e-08	706	0.368056	-0.33183	-0.868576	0.189806	0.147887	-1	0	0	1	
1.42e-08	708	0.587858	0.46098	-0.664771	0.112092	0.174149	-1	0	0	1	
1.424e-08	710	-0.256382	-0.713636	0.651914	0.0677661	0.113009	-1	0	0	1	
1.428e-08	712	0.332858	-0.084468	-0.939186	0.0858359	0.113346	-1	0	0	1	
1.432e-08	714	-0.77574	0.196067	-0.599821	0.165523	0.109284	-1	0	0	1	
1.436e-08	716	-0.122691	-0.0920847	-0.988164	0.170195	0.113406	-1	0	0	1	
1.44e-08	718	0.68257	0.596779	-0.421846	0.112763	0.111643	-1	0	0	1	
1.444e-08	720	-0.844388	0.517132	0.139942	0.184757	0.102382	-1	0	0	1	
1.448e-08	722	0.435377	-0.830922	-0.346431	0.161669	0.144548	-1	0	0	1	
1.452e-08	724	0.562576	-0.189561	-0.804721	0.0950934	0.118968	-1	0	0	1	
1.456e-08	726	-0.0209506	-0.457068	-0.889185	0.128129	0.103649	-1	0	0	1	
1.46e-08	728	0.521899	0.814618	-0.253019	0.0924914	0.113227	-1	0	0	1	
1.464e-08	730	-0.157271	0.960724	0.228636	0.11946	0.109321	-1	0	0	1	
1.468e-08	732	0.236392	-0.133139	-0.962493	0.159832	0.119502	-1	0	0	1	
1.472e-08	734	-0.530221	0.0617881	-0.845605	0.1179	0.123354	-1	0	0	1	
1.476e-08	736	-0.251704	-0.950714	-0.181075	0.0961081	0.101141	-1	0	0	1	
1.48e-08	738	-0.387318	0.223622	0.894415	0.0671779	0.0845625	-1	0	0	1	
1.484e-08	740	0.263493	0.177343	-0.94822	0.114605	0.0957528	-1	0	0	1	
1.488e-08	742	-0.479779	0.592305	-0.647292	0.100465	0.0876699	-1	0	0	1	
1.492e-08	744	0.619242	-0.0414338	-0.784106	0.13153	0.109303	-1	0	0	1	
1.496e-08	746	0.303464	0.242881	-0.921368	0.0723189	0.0909226	-1	0	0	1	
1.5e-08	748	-0.163667	0.565101	-0.808625	0.0890187	0.101964	-1	0	0	1	
1.504e-08	750	-0.851977	0.50619	0.133815	0.119854	0.0717437	-1	0	0	1	
1.508e-08	752	-0.277911	0.923727	0.263618	0.0877313	0.0791612	-1	0	0	1	
1.512e-08	754	-0.998296	-0.00740178	0.0578886	0.0736365	0.0800059	-1	0	0	1	
1.516e-08	756	0.18153	0.333645	-0.925056	0.0869194	0.0956892	-1	0	0	1	
1.52e-08	758	0.134487	-0.913271	-0.384511	0.0838529	0.0782204	-1	0	0	1	
1.524e-08	760	0.882164	0.351155	0.313809	0.113275	0.0764314	-1	0	0	1	
1.528e-08	762	0.876494	0.456139	0.153936	0.112928	0.0861786	-1	0	0	1	
1.532e-08	764	-0.492873	-0.241144	-0.836018	0.0684911	0.0922939	-1	0	0	1	
1.536e-08	766	0.504072	0.597902	0.623238	0.0647984	0.0670612	-1	0	0	1	
1.54e-08	768	-0.101343	-0.12146	-0.987409	0.075317	0.090872	-1	0	0	1	
1.544e-08	770	0.618464	0.715131	0.325714	0.0551046	0.0749537	-1	0	0	1	
1.548e-08	772	0.0311568	0.563313	-0.825656	0.0961236	0.0889914	-1	0	0	1	
1.552e-08	774	0.308261	0.398329	-0.863892	0.0780386	0.0677437	-1	0	0	1	
1.556e-08	776	0.550379	0.385707	-0.740482	0.107932	0.0739632	-1	0	0	1	
1.56e-08	778	-0.404565	0.642265	-0.651017	0.086641	0.0735902	-1	0	0	1	
1.564e-08	780	0.283846	-0.179502	-0.941919	0.0677421	0.0776494	-1	0	0	1	
1.568e-08	782	0.933626	-0.20302	0.295171	0.0495434	0.0870809	-1	0	0	1	
1.572e-08	784	0.150373	-0.455512	-0.877438	0.0246346	0.0641907	-1	0	0	1	
1.576e-08	786	-0.835116	0.438969	-0.331493	0.0457852	0.0705297	-1	0	0	1	
1.58e-08	788	0.0179856	-0.933218	0.358861	0.0385398	0.0672941	-1	0	0	1	
1.584e-08	790	-0.763426	-0.645521	-0.0219929	0.0781103	0.0736987	-1	0	0	1	
1.588e-08	792	-0.699644	0.649652	-0.297405	0.0199037	0.0519978	-1	0	0	1	
1.592e-08	794	-0.607411	-0.0833334	-0.790005	0.0558497	0.0635007	-1	0	0	1	
1.596e-08	796	0.457584	0.631709	-0.625748	0.0668357	0.0659777	-1	0	0	1	
1.6e-08	798	-0.400894	-0.345375	-0.848528	0.0502571	0.0529584	-1	0	0	1	
1.604e-08	800	0.0379452	0.812064	-0.582333	0.0849181	0.074864	-1	0	0	1	
1.608e-08	802	-0.215553	-0.487869	0.845885	0.0312736	0.0498365	-1	0	0	1	
1.612e-08	804	0.119963	0.00355848	-0.992772	0.0575435	0.0607557	-1	0	0	1	
1.616e-08	806	0.44379	-0.371863	-0.815334	0.0235935	0.0596305	-1	0	0	1	
1.62e-08	808	0.481786	0.274752	0.832102	0.0499768	0.05688	-1	0	0	1	
1.624e-08	810	-0.718739	0.370072	0.588609	0.0414231	0.046379	-1	0	0	1	
1.628e-08	812	-0.669611	0.306387	0.676571	0.0815183	0.057807	-1	0	0	1	
1.632e-08	814	0.109389	-0.956519	0.27038	0.046778	0.0564347	-1	0	0	1	
1.636e-08	816	0.548976	-0.0614266	0.833578	0.103588	0.0727599	-1	0	0	1	
1.64e-08	818	-0.134056	0.861185	-0.490295	0.0274333	0.0542859	-1	0	0	1	
1.644e-08	820	-0.926141	0.160429	-0.341358	0.0432815	0.0550681	-1	0	0	1	
1.648e-08	822	-0.0764192	-0.398727	-0.91388	0.0931524	0.0566318	-1	0	0	1	
1.652e-08	824	0.960485	0.278183	-0.00907967	0.0738788	0.0585846	-1	0	0	1	
1.656e-08	826	0.846994	-0.0907659	-0.523797	0.0630263	0.0674345	-1	0	0	1	
1.66e-08	828	0.94043	0.322012	0.109082	0.0455778	0.0599298	-1	0	0	1	
1.664e-08	830	0.0382444	0.459	0.887613	0.0681098	0.0456727	-1	0	0	1	
1.668e-08	832	0.247721	0.923861	0.291744	0.119566	0.0600031	-1	0	0	1	
1.672e-08	834	0.60938	-0.713164	0.346488	0.0583649	0.064669	-1	0	0	1	
1.676e-08	836	-0.795381	0.604155	0.0486391	0.0692196	0.0535914	-1	0	0	1	
1.68e-08	838	-0.491751	0.295899	0.818917	0.0229398	0.0414995	-1	0	0	1	
1.684e-08	840	0.781481	0.618323	-0.0834498	0.0624303	0.0543783	-1	0	0	1	
1.688e-08	842	-0.908723	0.335225	0.24869	0.0349044	0.0568772	-1	0	0	1	
1.692e-08	844	-0.386148	-0.857896	0.338975	0.114279	0.0608176	-1	0	0	1	
1.696e-08	846	-0.178333	-0.0304868	-0.983498	0.0492184	0.0490598	-1	0	0	1	
1.7e-08	848	0.497759	-0.361351	-0.788455	0.0572609	0.0422362	-1	0	0	1	
1.704e-08	850	0.276462	0.767174	0.578803	0.0625801	0.0552183	-1	0	0	1	
1.708e-08	852	0.356799	0.931994	-0.0638921	0.0170375	0.0539182	-1	0	0	1	
1.712e-08	854	-0.250182	0.334596	-0.908545	0.0707963	0.0531556	-1	0	0	1	
1.716e-08	856	-0.564774	0.268446	-0.780363	0.0381169	0.0565455	-1	0	0	1	
1.72e-08	858	-0.26132	-0.873885	-0.409923	0.0532655	0.0543268	-1	0	0	1	
1.724e-08	860	-0.663634	0.601251	-0.445069	0.0557319	0.0456653	-1	0	0	1	
1.728e-08	862	-0.469192	0.36827	-0.802643	0.0295817	0.0559249	-1	0	0	1	
1.732e-08	864	-0.194828	-0.978915	0.0613822	0.00718358	0.0501862	-1	0	0	1	
1.736e-08	866	-0.692381	-0.699705	0.176129	0.0518438	0.0512909	-1	0	0	1	
1.74e-08	868	-0.792313	0.325784	-0.515854	0.0401466	0.0547561	-1	0	0	1	
1.744e-08	870	-0.663326	-0.0681017	-0.745225	0.0394413	0.0487211	-1	0	0	1	
1.748e-08	872	-0.100291	0.891368	0.442047	0.0617502	0.0507397	-1	0	0	1	
1.752e-08	874	-0.57812	-0.526505	-0.623354	0.0727908	0.059064	-1	0	0	1	
1.756e-08	876	-0.525544	-0.470482	-0.708837	0.036829	0.0532987	-1	0	0	1	
1.76e-08	878	0.207267	-0.18608	-0.960424	0.021751	0.0383879	-1	0	0	1	
1.764e-08	880	-0.151928	-0.605773	0.780997	0.00976522	0.0440274	-1	0	0	1	
1.768e-08	882	0.893126	0.312407	0.323617	0.0550626	0.0483782	-1	0	0	1	
1.772e-08	884	-0.566261	-0.230724	-0.791274	0.0650119	0.0522818	-1	0	0	1	
1.776e-08	886	-0.4449	0.713198	-0.541675	0.0373559	0.0364572	-1	0	0	1	
1.78e-08	888	0.124167	-0.432666	0.892963	0.0754577	0.0601333	-1	0	0	1	
1.784e-08	890	0.680945	0.623476	-0.384176	0.0812403	0.0531918	-1	0	0	1	
1.788e-08	892	0.553864	-0.826821	-0.0979877	0.0243851	0.0501135	-1	0	0	1	
1.792e-08	894	0.133001	-0.988497	-0.0719988	0.0221729	0.0603967	-1	0	0	1	
1.796e-08	896	0.890281	-0.218662	-0.399483	0.0330746	0.0450052	-1	0	0	1	
1.8e-08	898	0.794167	-0.540579	0.277621	0.0567044	0.0440553	-1	0	0	1	
1.804e-08	900	0.724188	-0.44128	-0.529928	0.0532235	0.0520388	-1	0	0	1	
