#----------------------------------------------------------------------------------------------------------------------------------------------------------
# Output file for vampire simulation
#   time       : 2022-02-09 13:01:35     process id : 315249
#   hostname   : compute-0-5.local
#   path       : /home/MINT_WS/luknam/WS_dia5/Thickness5/size_5.0_5.0_5nm/Temp_900/random_1
#----------------------------------------------------------------------------------------------------------------------------------------------------------
4e-11	0	0	0	1	1	1	-1	0	0	1	
8e-11	2	0.00650335	0.00221225	0.999976	0.998918	0.998887	-1	0	0	1	
1.2e-10	4	0.0034791	-0.00411359	0.999985	0.997775	0.997806	-1	0	0	1	
1.6e-10	6	0.000803985	0.00854976	0.999963	0.996513	0.996654	-1	0	0	1	
2e-10	8	0.00546827	0.00421058	0.999976	0.995551	0.99548	-1	0	0	1	
2.4e-10	10	0.0150145	0.000582002	0.999887	0.994605	0.994502	-1	0	0	1	
2.8e-10	12	-0.0142699	-0.0122495	0.999823	0.993541	0.993305	-1	0	0	1	
3.2e-10	14	-0.00705045	-0.00289972	0.999971	0.992369	0.992209	-1	0	0	1	
3.6e-10	16	-0.000179863	5.08972e-05	1	0.991095	0.991062	-1	0	0	1	
4e-10	18	-0.00910691	0.00209211	0.999956	0.990274	0.990046	-1	0	0	1	
4.4e-10	20	0.0167473	-0.00316926	0.999855	0.988879	0.988724	-1	0	0	1	
4.8e-10	22	-0.032775	0.00343947	0.999457	0.987713	0.987837	-1	0	0	1	
5.2e-10	24	-0.00486594	8.8297e-05	0.999988	0.986834	0.986649	-1	0	0	1	
5.6e-10	26	0.000419346	-0.016828	0.999858	0.985238	0.985625	-1	0	0	1	
6e-10	28	0.044081	-0.00726082	0.999002	0.984796	0.984221	-1	0	0	1	
6.4e-10	30	0.0131787	-0.031669	0.999412	0.982807	0.98319	-1	0	0	1	
6.8e-10	32	0.0230529	0.0212762	0.999508	0.981721	0.982108	-1	0	0	1	
7.2e-10	34	-0.0116252	0.0310217	0.999451	0.981483	0.98108	-1	0	0	1	
7.6e-10	36	0.0116014	0.0122931	0.999857	0.980054	0.979845	-1	0	0	1	
8e-10	38	-0.00136994	-0.000517851	0.999999	0.978656	0.978701	-1	0	0	1	
8.4e-10	40	0.0353851	0.015361	0.999256	0.976768	0.977389	-1	0	0	1	
8.8e-10	42	0.0018583	-0.00529712	0.999984	0.977598	0.976528	-1	0	0	1	
9.2e-10	44	-0.0371675	0.0160835	0.99918	0.974038	0.974606	-1	0	0	1	
9.6e-10	46	-2.46648e-05	0.0469957	0.998895	0.973601	0.974385	-1	0	0	1	
1e-09	48	0.00176084	0.000298448	0.999998	0.973345	0.973304	-1	0	0	1	
1.04e-09	50	-0.0289462	0.0486009	0.998399	0.970614	0.972132	-1	0	0	1	
1.08e-09	52	0.0404453	-0.0179551	0.99902	0.970409	0.970777	-1	0	0	1	
1.12e-09	54	0.0185257	0.0322945	0.999307	0.970016	0.969787	-1	0	0	1	
1.16e-09	56	0.0289673	0.00820837	0.999547	0.967649	0.968494	-1	0	0	1	
1.2e-09	58	0.0187489	0.00036581	0.999824	0.965235	0.966921	-1	0	0	1	
1.24e-09	60	-0.0167422	-0.00627421	0.99984	0.964104	0.96524	-1	0	0	1	
1.28e-09	62	0.00528614	-0.00145586	0.999985	0.966131	0.965418	-1	0	0	1	
1.32e-09	64	-0.00323715	-0.0122714	0.999919	0.964393	0.963846	-1	0	0	1	
1.36e-09	66	0.0116723	0.0503011	0.998666	0.962695	0.962658	-1	0	0	1	
1.4e-09	68	0.0226913	-0.00822587	0.999709	0.95947	0.960782	-1	0	0	1	
1.44e-09	70	0.0505198	-0.0136103	0.99863	0.958827	0.960025	-1	0	0	1	
1.48e-09	72	-0.0488071	-0.00836367	0.998773	0.958325	0.959007	-1	0	0	1	
1.52e-09	74	-0.00220389	-0.0132324	0.99991	0.956675	0.957677	-1	0	0	1	
1.56e-09	76	0.0132768	-0.0264729	0.999561	0.956784	0.956638	-1	0	0	1	
1.6e-09	78	0.028886	-0.0358157	0.998941	0.955934	0.956106	-1	0	0	1	
1.64e-09	80	-0.0185319	-0.0322295	0.999309	0.954619	0.954301	-1	0	0	1	
1.68e-09	82	-0.0138725	-0.0205852	0.999692	0.950805	0.953246	-1	0	0	1	
1.72e-09	84	-0.00801668	0.0176423	0.999812	0.953848	0.952355	-1	0	0	1	
1.76e-09	86	-0.0282295	0.0289527	0.999182	0.950476	0.950775	-1	0	0	1	
1.8e-09	88	-0.0319694	-0.00363241	0.999482	0.947719	0.949249	-1	0	0	1	
1.84e-09	90	0.0233096	-0.0216548	0.999494	0.951067	0.948262	-1	0	0	1	
1.88e-09	92	-0.0251892	-0.0266929	0.999326	0.94665	0.947365	-1	0	0	1	
1.92e-09	94	0.0062049	0.0225913	0.999726	0.944441	0.945047	-1	0	0	1	
1.96e-09	96	0.00314586	-0.0378559	0.999278	0.945843	0.945818	-1	0	0	1	
2e-09	98	0.0618773	0.0419255	0.997203	0.941516	0.943611	-1	0	0	1	
2.04e-09	100	-0.0134445	-0.00715552	0.999884	0.941458	0.942535	-1	0	0	1	
2.08e-09	102	-0.00436359	0.00234382	0.999988	0.940707	0.941135	-1	0	0	1	
2.12e-09	104	0.0301758	-0.0157314	0.999421	0.941257	0.939624	-1	0	0	1	
2.16e-09	106	-0.0159265	-0.0764821	0.996944	0.938876	0.937291	-1	0	0	1	
2.2e-09	108	0.0309245	-0.0147002	0.999414	0.93478	0.936973	-1	0	0	1	
2.24e-09	110	-0.0100522	-0.0115965	0.999882	0.93928	0.936437	-1	0	0	1	
2.28e-09	112	-0.0391703	0.0303901	0.99877	0.940385	0.936408	-1	0	0	1	
2.32e-09	114	0.0434369	0.00902712	0.999015	0.93107	0.932671	-1	0	0	1	
2.36e-09	116	-0.00948908	0.0131579	0.999868	0.932527	0.930754	-1	0	0	1	
2.4e-09	118	0.0531488	0.0395766	0.997802	0.932508	0.932208	-1	0	0	1	
2.44e-09	120	0.0427607	-0.000808601	0.999085	0.92824	0.929502	-1	0	0	1	
2.48e-09	122	-0.0132708	0.0113344	0.999848	0.929304	0.928327	-1	0	0	1	
2.52e-09	124	0.0281523	-0.0397309	0.998814	0.929321	0.926837	-1	0	0	1	
2.56e-09	126	-0.00755534	0.0318549	0.999464	0.927172	0.926259	-1	0	0	1	
2.6e-09	128	0.0208777	0.0027953	0.999778	0.928014	0.924714	-1	0	0	1	
2.64e-09	130	-0.0696961	-0.0330593	0.99702	0.921294	0.923686	-1	0	0	1	
2.68e-09	132	-0.00715402	0.0400374	0.999173	0.922838	0.923389	-1	0	0	1	
2.72e-09	134	0.0163492	-0.00737575	0.999839	0.921603	0.920345	-1	0	0	1	
2.76e-09	136	0.010371	0.0487122	0.998759	0.918723	0.920975	-1	0	0	1	
2.8e-09	138	0.0466636	0.0502242	0.997647	0.915954	0.918728	-1	0	0	1	
2.84e-09	140	0.0247334	-0.0418322	0.998818	0.918525	0.918709	-1	0	0	1	
2.88e-09	142	-0.00124521	2.87622e-05	0.999999	0.913819	0.915988	-1	0	0	1	
2.92e-09	144	-0.0105491	0.00162607	0.999943	0.912109	0.914965	-1	0	0	1	
2.96e-09	146	-0.0405156	0.00456286	0.999168	0.915304	0.914958	-1	0	0	1	
3e-09	148	0.0252227	0.0196839	0.999488	0.907271	0.912201	-1	0	0	1	
3.04e-09	150	0.0446552	0.00807972	0.99897	0.909037	0.911212	-1	0	0	1	
3.08e-09	152	0.0195547	-0.0296068	0.99937	0.91093	0.909321	-1	0	0	1	
3.12e-09	154	-0.0413	-0.0770212	0.996174	0.911191	0.908508	-1	0	0	1	
3.16e-09	156	0.00133753	0.0194922	0.999809	0.905672	0.905801	-1	0	0	1	
3.2e-09	158	0.0303975	0.0626052	0.997575	0.905624	0.905666	-1	0	0	1	
3.24e-09	160	0.0186988	-0.0859262	0.996126	0.896572	0.905644	-1	0	0	1	
3.28e-09	162	-0.0249425	0.00163961	0.999688	0.903947	0.901714	-1	0	0	1	
3.32e-09	164	0.0279654	-0.0353625	0.998983	0.903799	0.90274	-1	0	0	1	
3.36e-09	166	0.0741297	-0.128831	0.988892	0.895468	0.899627	-1	0	0	1	
3.4e-09	168	-0.0295025	-0.018813	0.999388	0.895868	0.899932	-1	0	0	1	
3.44e-09	170	0.046715	-0.00616135	0.998889	0.897427	0.899034	-1	0	0	1	
3.48e-09	172	-0.0700831	0.0174644	0.997388	0.896085	0.893552	-1	0	0	1	
3.52e-09	174	-0.0121564	-0.0599429	0.998128	0.894012	0.897191	-1	0	0	1	
3.56e-09	176	0.0292406	-0.0834685	0.996081	0.894667	0.894165	-1	0	0	1	
3.6e-09	178	0.0299102	-0.0897151	0.995518	0.894775	0.893492	-1	0	0	1	
3.64e-09	180	-0.0357117	-0.0284505	0.998957	0.888891	0.891307	-1	0	0	1	
3.68e-09	182	-0.06329	-0.0172958	0.997845	0.892105	0.891505	-1	0	0	1	
3.72e-09	184	0.0489909	-0.0389573	0.998039	0.893562	0.890211	-1	0	0	1	
3.76e-09	186	-0.0234559	0.0481061	0.998567	0.883525	0.88545	-1	0	0	1	
3.8e-09	188	0.030362	0.0245656	0.999237	0.891123	0.886731	-1	0	0	1	
3.84e-09	190	-0.00396045	-0.032634	0.99946	0.88699	0.882558	-1	0	0	1	
3.88e-09	192	-0.0070121	0.020777	0.99976	0.883611	0.884756	-1	0	0	1	
3.92e-09	194	-0.0836624	0.00230265	0.996491	0.875991	0.883634	-1	0	0	1	
3.96e-09	196	-0.031186	-0.0202512	0.999308	0.878936	0.880553	-1	0	0	1	
4e-09	198	0.104684	0.0317764	0.993998	0.879689	0.878564	-1	0	0	1	
4.04e-09	200	-0.103154	0.0392866	0.993889	0.875453	0.878503	-1	0	0	1	
4.08e-09	202	0.025736	0.0278685	0.99928	0.871594	0.875676	-1	0	0	1	
4.12e-09	204	-0.0317287	-0.00978534	0.999449	0.876874	0.87566	-1	0	0	1	
4.16e-09	206	-0.0308238	-0.0719355	0.996933	0.877107	0.875957	-1	0	0	1	
4.2e-09	208	0.0268133	0.0132677	0.999552	0.868622	0.868724	-1	0	0	1	
4.24e-09	210	0.0300416	0.0185108	0.999377	0.873088	0.870555	-1	0	0	1	
4.28e-09	212	-0.0167949	-0.0233147	0.999587	0.862562	0.868378	-1	0	0	1	
4.32e-09	214	-0.045581	-0.0556319	0.99741	0.863979	0.868187	-1	0	0	1	
4.36e-09	216	-0.0220838	0.0731874	0.997074	0.863081	0.866321	-1	0	0	1	
4.4e-09	218	0.0295782	0.0372729	0.998867	0.874477	0.86837	-1	0	0	1	
4.44e-09	220	-0.0063553	0.0114106	0.999915	0.868378	0.864143	-1	0	0	1	
4.48e-09	222	-0.000647149	0.0394081	0.999223	0.865267	0.866965	-1	0	0	1	
4.52e-09	224	0.0394372	-0.0326004	0.99869	0.857178	0.860849	-1	0	0	1	
4.56e-09	226	-0.0661572	-0.0632616	0.995802	0.859804	0.859214	-1	0	0	1	
4.6e-09	228	0.0196776	0.0319201	0.999297	0.854218	0.857055	-1	0	0	1	
4.64e-09	230	-0.0338415	0.044085	0.998454	0.85747	0.858122	-1	0	0	1	
4.68e-09	232	-0.00901757	-0.0346931	0.999357	0.848283	0.855903	-1	0	0	1	
4.72e-09	234	6.13865e-05	0.0162528	0.999868	0.845572	0.852805	-1	0	0	1	
4.76e-09	236	0.00845606	-0.0830632	0.996508	0.851962	0.852717	-1	0	0	1	
4.8e-09	238	0.0713053	0.0134896	0.997363	0.852515	0.851565	-1	0	0	1	
4.84e-09	240	-0.0189794	0.0230161	0.999555	0.84342	0.849058	-1	0	0	1	
4.88e-09	242	0.123841	-0.0585657	0.990572	0.845202	0.849709	-1	0	0	1	
4.92e-09	244	-0.11728	0.0882086	0.989174	0.849273	0.848168	-1	0	0	1	
4.96e-09	246	-0.0276733	0.00505442	0.999604	0.852455	0.847005	-1	0	0	1	
5e-09	248	-0.0453206	0.0311095	0.998488	0.849203	0.84647	-1	0	0	1	
5.04e-09	250	-0.0362783	0.0349245	0.998731	0.837008	0.841388	-1	0	0	1	
5.08e-09	252	0.0236887	0.144808	0.989176	0.837848	0.839859	-1	0	0	1	
5.12e-09	254	-0.0819662	0.0384559	0.995893	0.841265	0.839167	-1	0	0	1	
5.16e-09	256	-0.0962702	0.0481247	0.994191	0.843059	0.842907	-1	0	0	1	
5.2e-09	258	-0.101719	-0.0139158	0.994716	0.834864	0.835881	-1	0	0	1	
5.24e-09	260	0.073956	-0.119746	0.990046	0.835833	0.835815	-1	0	0	1	
5.28e-09	262	-0.036901	-0.0244574	0.99902	0.833276	0.834149	-1	0	0	1	
5.32e-09	264	-0.000562473	-0.0152594	0.999883	0.827942	0.830579	-1	0	0	1	
5.36e-09	266	0.0264717	-0.0032301	0.999644	0.821437	0.831082	-1	0	0	1	
5.4e-09	268	-0.046436	0.137513	0.989411	0.829133	0.827476	-1	0	0	1	
5.44e-09	270	-0.0148696	-0.0522516	0.998523	0.83275	0.829014	-1	0	0	1	
5.48e-09	272	-0.0318111	-0.0125621	0.999415	0.824211	0.824606	-1	0	0	1	
5.52e-09	274	0.0343379	-0.00702019	0.999386	0.822223	0.821757	-1	0	0	1	
5.56e-09	276	0.0702271	0.00491743	0.997519	0.822692	0.823526	-1	0	0	1	
5.6e-09	278	-0.147482	-0.0190099	0.988882	0.830356	0.824646	-1	0	0	1	
5.64e-09	280	-0.0648815	0.0306532	0.997422	0.818804	0.820706	-1	0	0	1	
5.68e-09	282	-0.00884494	-0.0239677	0.999674	0.824372	0.817248	-1	0	0	1	
5.72e-09	284	0.0105445	0.094733	0.995447	0.818494	0.819317	-1	0	0	1	
5.76e-09	286	0.00372374	-0.0537991	0.998545	0.817673	0.814042	-1	0	0	1	
5.8e-09	288	0.0360975	-0.0440315	0.998378	0.811995	0.815882	-1	0	0	1	
5.84e-09	290	0.0612701	-0.0150207	0.998008	0.810757	0.81297	-1	0	0	1	
5.88e-09	292	0.0923206	-0.00298667	0.995725	0.810344	0.813348	-1	0	0	1	
5.92e-09	294	-0.082615	0.0566528	0.99497	0.82116	0.81065	-1	0	0	1	
5.96e-09	296	0.0585556	0.0210542	0.998062	0.800201	0.808764	-1	0	0	1	
6e-09	298	0.0607924	-0.0511958	0.996837	0.811872	0.807229	-1	0	0	1	
6.04e-09	300	0.099799	0.034005	0.994426	0.797807	0.805812	-1	0	0	1	
6.08e-09	302	0.0573606	-0.0229048	0.998091	0.812895	0.80216	-1	0	0	1	
6.12e-09	304	-0.038824	0.0819261	0.995882	0.804678	0.806483	-1	0	0	1	
6.16e-09	306	-0.0436843	0.0445016	0.998054	0.813143	0.803267	-1	0	0	1	
6.2e-09	308	-0.0305948	0.0331154	0.998983	0.80464	0.80029	-1	0	0	1	
6.24e-09	310	-0.100779	0.00272025	0.994905	0.787021	0.794242	-1	0	0	1	
6.28e-09	312	-0.0360128	0.0458954	0.998297	0.785889	0.797419	-1	0	0	1	
6.32e-09	314	0.100303	0.0795913	0.991768	0.795346	0.795572	-1	0	0	1	
6.36e-09	316	0.127038	-0.036442	0.991228	0.794058	0.792657	-1	0	0	1	
6.4e-09	318	0.0884489	-0.000826885	0.99608	0.777821	0.787052	-1	0	0	1	
6.44e-09	320	0.0248882	0.09664	0.995008	0.782595	0.784796	-1	0	0	1	
6.48e-09	322	0.0217436	-0.0109541	0.999704	0.786246	0.786422	-1	0	0	1	
6.52e-09	324	0.0770678	-0.0375096	0.99632	0.786634	0.788566	-1	0	0	1	
6.56e-09	326	0.026697	0.0733726	0.996947	0.787022	0.786559	-1	0	0	1	
6.6e-09	328	0.0114897	-0.094602	0.995449	0.780514	0.786693	-1	0	0	1	
6.64e-09	330	-0.0611797	0.0209995	0.997906	0.786789	0.783411	-1	0	0	1	
6.68e-09	332	-0.0946938	-0.0314363	0.99501	0.788171	0.779335	-1	0	0	1	
6.72e-09	334	-0.0280539	0.156213	0.987325	0.785065	0.78066	-1	0	0	1	
6.76e-09	336	0.0549408	-0.0853937	0.994831	0.768503	0.776094	-1	0	0	1	
6.8e-09	338	-0.068022	-0.12184	0.990216	0.775817	0.774584	-1	0	0	1	
6.84e-09	340	-0.145808	-0.0468537	0.988203	0.764341	0.776748	-1	0	0	1	
6.88e-09	342	-0.0908949	0.0491676	0.994646	0.75979	0.771865	-1	0	0	1	
6.92e-09	344	0.00857527	0.0148496	0.999853	0.784994	0.771555	-1	0	0	1	
6.96e-09	346	-0.0370671	0.0930194	0.994974	0.774612	0.763523	-1	0	0	1	
7e-09	348	-0.106661	0.07844	0.991197	0.758759	0.767843	-1	0	0	1	
7.04e-09	350	0.0268304	-0.0769968	0.99667	0.758242	0.763546	-1	0	0	1	
7.08e-09	352	-0.148768	0.00106046	0.988872	0.768801	0.761932	-1	0	0	1	
7.12e-09	354	-0.00928709	0.159091	0.98722	0.768117	0.760427	-1	0	0	1	
7.16e-09	356	-0.0210165	0.0994028	0.994825	0.752774	0.756129	-1	0	0	1	
7.2e-09	358	-0.0209446	-0.130057	0.991285	0.749261	0.75645	-1	0	0	1	
7.24e-09	360	-0.0284277	0.0624365	0.997644	0.753949	0.755356	-1	0	0	1	
7.28e-09	362	0.0748507	0.0115538	0.997128	0.740422	0.754269	-1	0	0	1	
7.32e-09	364	0.139717	0.0141945	0.99009	0.753222	0.750626	-1	0	0	1	
7.36e-09	366	0.0707081	-0.0589883	0.995751	0.745521	0.750136	-1	0	0	1	
7.4e-09	368	0.0356101	-0.0993384	0.994416	0.736767	0.741904	-1	0	0	1	
7.44e-09	370	-0.0262789	0.0854349	0.995997	0.731249	0.744226	-1	0	0	1	
7.48e-09	372	0.048044	0.0995094	0.993876	0.728997	0.743104	-1	0	0	1	
7.52e-09	374	0.0543676	-0.0638144	0.99648	0.742397	0.738514	-1	0	0	1	
7.56e-09	376	-0.109255	-0.0597941	0.992214	0.745402	0.741385	-1	0	0	1	
7.6e-09	378	-0.000234218	-0.0434557	0.999055	0.740405	0.736178	-1	0	0	1	
7.64e-09	380	0.111544	-0.17044	0.979034	0.733875	0.736172	-1	0	0	1	
7.68e-09	382	-0.00270585	0.0114171	0.999931	0.71981	0.73123	-1	0	0	1	
7.72e-09	384	-0.144001	-0.147535	0.978518	0.740231	0.735002	-1	0	0	1	
7.76e-09	386	-0.000403917	-0.130972	0.991386	0.736694	0.734423	-1	0	0	1	
7.8e-09	388	-0.0913158	-0.147892	0.984779	0.716447	0.724733	-1	0	0	1	
7.84e-09	390	0.0246426	0.0464892	0.998615	0.722365	0.720737	-1	0	0	1	
7.88e-09	392	0.0342795	0.184246	0.982282	0.726329	0.726661	-1	0	0	1	
7.92e-09	394	-0.0141736	-0.0774079	0.996899	0.735654	0.723618	-1	0	0	1	
7.96e-09	396	0.182506	0.158229	0.970389	0.733544	0.719497	-1	0	0	1	
8e-09	398	0.0747448	0.0157075	0.997079	0.710411	0.722254	-1	0	0	1	
8.04e-09	400	-0.0483123	0.0641073	0.996773	0.719331	0.720617	-1	0	0	1	
8.08e-09	402	-0.041482	0.0512988	0.997821	0.715271	0.713637	-1	0	0	1	
8.12e-09	404	-0.0232443	0.0302647	0.999272	0.702363	0.708637	-1	0	0	1	
8.16e-09	406	0.022225	-0.0551397	0.998231	0.708005	0.709409	-1	0	0	1	
8.2e-09	408	-0.122049	-0.0639928	0.990459	0.723156	0.708018	-1	0	0	1	
8.24e-09	410	-0.098816	-0.206732	0.973395	0.70325	0.710112	-1	0	0	1	
8.28e-09	412	0.0022138	-0.129906	0.991524	0.707214	0.704195	-1	0	0	1	
8.32e-09	414	-0.0298273	0.142757	0.989308	0.723183	0.708986	-1	0	0	1	
8.36e-09	416	0.0491315	0.0491079	0.997584	0.715552	0.711986	-1	0	0	1	
8.4e-09	418	-0.0472501	-0.082705	0.995453	0.698492	0.688788	-1	0	0	1	
8.44e-09	420	-0.111228	-0.0381912	0.993061	0.701811	0.698572	-1	0	0	1	
8.48e-09	422	0.0547233	-0.0571547	0.996864	0.689613	0.696042	-1	0	0	1	
8.52e-09	424	0.00119724	0.0189987	0.999819	0.701096	0.696089	-1	0	0	1	
8.56e-09	426	0.208962	0.135807	0.968448	0.682687	0.69085	-1	0	0	1	
8.6e-09	428	0.109536	0.0218704	0.993742	0.704457	0.689983	-1	0	0	1	
8.64e-09	430	-0.050608	-0.139194	0.988971	0.680107	0.689188	-1	0	0	1	
8.68e-09	432	0.00298875	-0.0018585	0.999994	0.707525	0.690908	-1	0	0	1	
8.72e-09	434	-0.0161379	-0.0608762	0.998015	0.686921	0.67762	-1	0	0	1	
8.76e-09	436	0.0995345	0.174263	0.979656	0.676145	0.675458	-1	0	0	1	
8.8e-09	438	-0.0695268	0.124178	0.989821	0.669138	0.685156	-1	0	0	1	
8.84e-09	440	0.057232	0.00461658	0.99835	0.678915	0.676395	-1	0	0	1	
8.88e-09	442	0.152671	-0.0666153	0.986029	0.688009	0.667249	-1	0	0	1	
8.92e-09	444	-0.0757479	0.0547677	0.995622	0.691982	0.675854	-1	0	0	1	
8.96e-09	446	0.0998574	-0.0505085	0.993719	0.641232	0.674052	-1	0	0	1	
9e-09	448	-0.215191	0.0572079	0.974895	0.673898	0.663668	-1	0	0	1	
9.04e-09	450	0.129481	0.0758483	0.988677	0.676644	0.665347	-1	0	0	1	
9.08e-09	452	0.133914	-0.0311603	0.990503	0.646585	0.652069	-1	0	0	1	
9.12e-09	454	0.0777613	0.169257	0.982499	0.661202	0.656268	-1	0	0	1	
9.16e-09	456	0.118484	-0.0396183	0.992165	0.644578	0.656689	-1	0	0	1	
9.2e-09	458	0.196349	0.10373	0.975032	0.637741	0.654317	-1	0	0	1	
9.24e-09	460	-0.199048	0.11017	0.973777	0.68239	0.656795	-1	0	0	1	
9.28e-09	462	0.0858582	0.302955	0.949129	0.637114	0.644227	-1	0	0	1	
9.32e-09	464	0.108036	0.023099	0.993879	0.6276	0.650338	-1	0	0	1	
9.36e-09	466	-0.102161	0.0537086	0.993317	0.645348	0.639793	-1	0	0	1	
9.4e-09	468	0.120931	0.0479514	0.991502	0.65832	0.644557	-1	0	0	1	
9.44e-09	470	0.0515742	-0.137747	0.989124	0.639862	0.638452	-1	0	0	1	
9.48e-09	472	0.176259	0.0626469	0.982348	0.633948	0.639914	-1	0	0	1	
9.52e-09	474	0.310857	-0.0913181	0.94606	0.63439	0.636387	-1	0	0	1	
9.56e-09	476	-0.0310957	-0.036448	0.998852	0.638221	0.636968	-1	0	0	1	
9.6e-09	478	-0.0210832	0.0483578	0.998608	0.612019	0.629019	-1	0	0	1	
9.64e-09	480	-0.0919812	-0.175255	0.980217	0.593073	0.627717	-1	0	0	1	
9.68e-09	482	0.0335894	0.201902	0.97883	0.633453	0.634085	-1	0	0	1	
9.72e-09	484	0.0551499	0.103444	0.993105	0.621564	0.626733	-1	0	0	1	
9.76e-09	486	0.128154	0.157041	0.979242	0.628882	0.624894	-1	0	0	1	
9.8e-09	488	-0.0175476	-0.0478088	0.998702	0.581985	0.614454	-1	0	0	1	
9.84e-09	490	0.211578	-0.0177303	0.9772	0.606819	0.616475	-1	0	0	1	
9.88e-09	492	-0.248693	0.0479801	0.967393	0.634094	0.616406	-1	0	0	1	
9.92e-09	494	-0.0830166	0.165265	0.982749	0.615314	0.619938	-1	0	0	1	
9.96e-09	496	0.0174734	0.244431	0.969509	0.619296	0.607054	-1	0	0	1	
1e-08	498	-0.0414086	0.106014	0.993502	0.608233	0.591053	-1	0	0	1	
1.004e-08	500	0.00864349	0.126413	0.99194	0.622953	0.604247	-1	0	0	1	
1.008e-08	502	0.128624	0.00148284	0.991692	0.604954	0.596148	-1	0	0	1	
1.012e-08	504	-0.243434	-0.0257943	0.969574	0.605452	0.599167	-1	0	0	1	
1.016e-08	506	0.17804	0.148746	0.972716	0.558937	0.589367	-1	0	0	1	
1.02e-08	508	0.250156	-0.0667686	0.965901	0.592075	0.592573	-1	0	0	1	
1.024e-08	510	0.0681306	-0.00702519	0.997652	0.606221	0.584588	-1	0	0	1	
1.028e-08	512	-0.216568	-0.0641743	0.974156	0.587276	0.59038	-1	0	0	1	
1.032e-08	514	-0.113895	0.18269	0.976551	0.586126	0.584974	-1	0	0	1	
1.036e-08	516	0.0785434	0.0688697	0.994529	0.58708	0.581533	-1	0	0	1	
1.04e-08	518	0.0972041	0.00132276	0.995264	0.554908	0.580718	-1	0	0	1	
1.044e-08	520	-0.238693	-0.0677845	0.968726	0.568767	0.561097	-1	0	0	1	
1.048e-08	522	0.104207	-0.144134	0.984056	0.562822	0.570634	-1	0	0	1	
1.052e-08	524	0.103984	0.0874862	0.990724	0.55706	0.563001	-1	0	0	1	
1.056e-08	526	-0.00218698	0.132785	0.991142	0.534096	0.564061	-1	0	0	1	
1.06e-08	528	-0.135276	0.152261	0.979039	0.558038	0.566887	-1	0	0	1	
1.064e-08	530	0.0630914	-0.142022	0.987851	0.565488	0.560626	-1	0	0	1	
1.068e-08	532	-0.247298	-0.041387	0.968055	0.556075	0.547356	-1	0	0	1	
1.072e-08	534	0.0992948	-0.10313	0.989699	0.546511	0.542235	-1	0	0	1	
1.076e-08	536	-0.107916	0.0567579	0.992538	0.558176	0.551786	-1	0	0	1	
1.08e-08	538	0.044171	-0.00111495	0.999023	0.537947	0.546216	-1	0	0	1	
1.084e-08	540	-0.11472	0.0342731	0.992807	0.533292	0.540203	-1	0	0	1	
1.088e-08	542	0.106277	-0.0315596	0.993836	0.505639	0.537173	-1	0	0	1	
1.092e-08	544	-0.0816096	0.127559	0.988468	0.549017	0.523899	-1	0	0	1	
1.096e-08	546	0.165676	-0.186188	0.968445	0.550692	0.537894	-1	0	0	1	
1.1e-08	548	-0.0597472	0.118128	0.991199	0.549853	0.528808	-1	0	0	1	
1.104e-08	550	-0.333745	-0.0444492	0.941615	0.545682	0.525772	-1	0	0	1	
1.108e-08	552	0.28667	-0.0908944	0.953708	0.531237	0.510241	-1	0	0	1	
1.112e-08	554	0.0374408	0.0912745	0.995122	0.510962	0.515196	-1	0	0	1	
1.116e-08	556	-0.174784	-0.0327485	0.984062	0.493722	0.513838	-1	0	0	1	
1.12e-08	558	0.272143	-0.0182104	0.962084	0.533714	0.508866	-1	0	0	1	
1.124e-08	560	-0.142428	-0.0100597	0.989754	0.498513	0.514816	-1	0	0	1	
1.128e-08	562	0.168073	0.146542	0.974821	0.528465	0.49882	-1	0	0	1	
1.132e-08	564	-0.0438863	-0.00537511	0.999022	0.514038	0.501764	-1	0	0	1	
1.136e-08	566	-0.0845062	-0.214891	0.972975	0.516389	0.497909	-1	0	0	1	
1.14e-08	568	-0.405193	-0.0420677	0.913263	0.515525	0.494216	-1	0	0	1	
1.144e-08	570	-0.119195	0.0900569	0.988778	0.481501	0.494461	-1	0	0	1	
1.148e-08	572	0.0479128	0.275027	0.960242	0.487687	0.490715	-1	0	0	1	
1.152e-08	574	-0.107903	0.00109704	0.994161	0.461771	0.478713	-1	0	0	1	
1.156e-08	576	0.141673	0.191558	0.971202	0.488234	0.477746	-1	0	0	1	
1.16e-08	578	-0.154932	-0.120175	0.980589	0.483953	0.481992	-1	0	0	1	
1.164e-08	580	0.208577	0.0585657	0.976251	0.448785	0.467602	-1	0	0	1	
1.168e-08	582	-0.171683	-0.027111	0.984779	0.428681	0.459704	-1	0	0	1	
1.172e-08	584	-0.686449	0.15741	0.709937	0.403015	0.460353	-1	0	0	1	
1.176e-08	586	0.0758482	0.0428434	0.996199	0.454836	0.461024	-1	0	0	1	
1.18e-08	588	0.0531456	-0.290413	0.955424	0.428345	0.433202	-1	0	0	1	
1.184e-08	590	-0.0219821	0.0377851	0.999044	0.415411	0.437542	-1	0	0	1	
1.188e-08	592	-0.144021	-0.124293	0.981738	0.451741	0.445563	-1	0	0	1	
1.192e-08	594	0.132598	0.113882	0.984606	0.457381	0.429748	-1	0	0	1	
1.196e-08	596	0.189023	0.0130667	0.981886	0.453563	0.433987	-1	0	0	1	
1.2e-08	598	-0.481647	0.161527	0.861351	0.424695	0.410195	-1	0	0	1	
1.204e-08	600	0.159347	0.115749	0.980414	0.419173	0.414707	-1	0	0	1	
1.208e-08	602	0.183315	-0.0760241	-0.98011	0.439543	0.43441	-1	0	0	1	
1.212e-08	604	-0.0459371	0.0151831	-0.998829	0.467099	0.448922	-1	0	0	1	
1.216e-08	606	-0.250303	0.0797541	-0.964877	0.414727	0.431914	-1	0	0	1	
1.22e-08	608	0.0181487	-0.03482	-0.999229	0.433405	0.420724	-1	0	0	1	
1.224e-08	610	0.0785202	-0.200641	-0.976513	0.435219	0.413605	-1	0	0	1	
1.228e-08	612	0.0759687	0.0652948	-0.99497	0.440176	0.437557	-1	0	0	1	
1.232e-08	614	0.0377374	-0.12046	-0.992001	0.364612	0.407112	-1	0	0	1	
1.236e-08	616	-0.217236	0.266996	-0.938894	0.418112	0.396361	-1	0	0	1	
1.24e-08	618	-0.0811999	-0.248045	-0.965339	0.426577	0.403985	-1	0	0	1	
1.244e-08	620	0.347595	0.0471394	-0.936459	0.358816	0.382885	-1	0	0	1	
1.248e-08	622	0.105227	0.182561	-0.977547	0.394178	0.391922	-1	0	0	1	
1.252e-08	624	-0.00990042	0.00770437	-0.999921	0.407051	0.402643	-1	0	0	1	
1.256e-08	626	0.259849	-0.325262	-0.909221	0.404968	0.382537	-1	0	0	1	
1.26e-08	628	0.384778	-0.0297995	-0.922528	0.332162	0.381991	-1	0	0	1	
1.264e-08	630	0.0418733	-0.162618	-0.9858	0.37489	0.372039	-1	0	0	1	
1.268e-08	632	0.173873	-0.428503	-0.886653	0.392079	0.357649	-1	0	0	1	
1.272e-08	634	-0.412457	0.259474	-0.873243	0.36453	0.362566	-1	0	0	1	
1.276e-08	636	-0.26292	-0.0614453	-0.962859	0.404801	0.365529	-1	0	0	1	
1.28e-08	638	-0.283147	-0.129168	-0.950339	0.319831	0.364986	-1	0	0	1	
1.284e-08	640	0.205179	0.22045	-0.953574	0.29899	0.356648	-1	0	0	1	
1.288e-08	642	0.154958	0.15277	-0.976038	0.381191	0.336826	-1	0	0	1	
1.292e-08	644	-0.0124226	0.00978337	-0.999875	0.349892	0.323646	-1	0	0	1	
1.296e-08	646	0.0213568	-0.281965	-0.959187	0.326839	0.317336	-1	0	0	1	
1.3e-08	648	0.0987009	-0.18504	-0.977762	0.336067	0.332775	-1	0	0	1	
1.304e-08	650	0.480485	-0.0981202	-0.871497	0.283544	0.307078	-1	0	0	1	
1.308e-08	652	-0.0146741	0.300769	-0.953584	0.21867	0.273616	-1	0	0	1	
1.312e-08	654	0.234373	0.0226297	-0.971883	0.272107	0.291993	-1	0	0	1	
1.316e-08	656	0.0324098	-0.213617	-0.97638	0.282937	0.296425	-1	0	0	1	
1.32e-08	658	0.634665	-0.719158	0.282865	0.175038	0.276224	-1	0	0	1	
1.324e-08	660	-0.315879	-0.118944	-0.941315	0.2547	0.294273	-1	0	0	1	
1.328e-08	662	0.417076	-0.36443	-0.832609	0.263167	0.297082	-1	0	0	1	
1.332e-08	664	-0.2961	-0.0554149	-0.953548	0.273728	0.25666	-1	0	0	1	
1.336e-08	666	0.541344	0.318498	-0.778142	0.172767	0.230607	-1	0	0	1	
1.34e-08	668	-0.173529	-0.268973	-0.947387	0.319228	0.281691	-1	0	0	1	
1.344e-08	670	-0.288584	0.698053	-0.655317	0.211229	0.257704	-1	0	0	1	
1.348e-08	672	0.472244	0.110419	-0.874525	0.240784	0.232154	-1	0	0	1	
1.352e-08	674	-0.152653	-0.0278734	-0.987887	0.280329	0.233613	-1	0	0	1	
1.356e-08	676	0.244563	0.0361456	-0.968959	0.210895	0.216362	-1	0	0	1	
1.36e-08	678	0.392899	0.263167	-0.881121	0.240291	0.209569	-1	0	0	1	
1.364e-08	680	-0.531776	-0.492267	-0.689121	0.229474	0.201033	-1	0	0	1	
1.368e-08	682	-0.366849	0.0539624	-0.928714	0.261786	0.195519	-1	0	0	1	
1.372e-08	684	-0.527034	0.161339	-0.834389	0.165396	0.167384	-1	0	0	1	
1.376e-08	686	0.568566	-0.194533	-0.799306	0.253499	0.220302	-1	0	0	1	
1.38e-08	688	-0.128988	0.0606296	-0.989791	0.200584	0.161453	-1	0	0	1	
1.384e-08	690	-0.713772	-0.206994	-0.669091	0.0166732	0.165769	-1	0	0	1	
1.388e-08	692	-0.913077	-0.34476	-0.217787	0.138003	0.149802	-1	0	0	1	
1.392e-08	694	0.764395	0.156133	-0.625558	0.199688	0.175154	-1	0	0	1	
1.396e-08	696	0.0403151	-0.307775	-0.950605	0.149668	0.123243	-1	0	0	1	
1.4e-08	698	0.674821	-0.526116	-0.517511	0.155423	0.177724	-1	0	0	1	
1.404e-08	700	-0.334104	-0.6699	-0.663029	0.175085	0.130392	-1	0	0	1	
1.408e-08	702	0.323294	-0.107862	-0.940131	0.202947	0.137091	-1	0	0	1	
1.412e-08	704	-0.569006	-0.464182	-0.678798	0.0827699	0.123976	-1	0	0	1	
1.416e-08	706	-0.654069	0.542238	0.527421	0.0851742	0.14304	-1	0	0	1	
1.42e-08	708	0.462827	-0.559953	-0.6872	0.0974809	0.126393	-1	0	0	1	
1.424e-08	710	-0.260204	-0.133981	-0.956213	0.205329	0.119457	-1	0	0	1	
1.428e-08	712	0.336219	-0.777245	-0.531833	0.157197	0.112488	-1	0	0	1	
1.432e-08	714	-0.795762	0.60385	-0.0461192	0.0837651	0.132648	-1	0	0	1	
1.436e-08	716	0.315122	0.184888	-0.930868	0.148073	0.0986236	-1	0	0	1	
1.44e-08	718	0.671501	0.0856689	-0.736035	0.163535	0.0956519	-1	0	0	1	
1.444e-08	720	0.0445975	0.230582	-0.97203	0.13856	0.0848176	-1	0	0	1	
1.448e-08	722	-0.927416	-0.149823	0.342715	0.103905	0.102406	-1	0	0	1	
1.452e-08	724	-0.296079	0.0323105	-0.954617	0.215605	0.121483	-1	0	0	1	
1.456e-08	726	-0.205069	-0.848541	0.487776	0.104772	0.0920789	-1	0	0	1	
1.46e-08	728	-0.0724721	0.384862	-0.920125	0.0495356	0.0864567	-1	0	0	1	
1.464e-08	730	-0.795622	0.603937	-0.0473859	0.0501569	0.0948519	-1	0	0	1	
1.468e-08	732	-0.258275	0.220419	-0.94059	0.0298659	0.0758333	-1	0	0	1	
1.472e-08	734	0.0881974	0.426446	-0.900203	0.0383891	0.0734124	-1	0	0	1	
1.476e-08	736	-0.656784	0.364811	-0.659961	0.0602784	0.0735771	-1	0	0	1	
1.48e-08	738	-0.350441	-0.69678	-0.62585	0.153316	0.082718	-1	0	0	1	
1.484e-08	740	-0.331241	0.684564	0.649348	0.0655977	0.0884565	-1	0	0	1	
1.488e-08	742	0.70745	-0.0104372	-0.706686	0.0807334	0.101904	-1	0	0	1	
1.492e-08	744	-0.00413029	-0.292271	-0.956327	0.0790681	0.0731821	-1	0	0	1	
1.496e-08	746	-0.129687	0.98987	0.0577842	0.0594891	0.0725745	-1	0	0	1	
1.5e-08	748	-0.701566	0.693247	-0.164966	0.0901682	0.0693191	-1	0	0	1	
1.504e-08	750	0.590862	-0.79175	0.154966	0.0852495	0.0808941	-1	0	0	1	
1.508e-08	752	0.505519	0.515927	-0.691571	0.0565717	0.0867172	-1	0	0	1	
1.512e-08	754	0.120863	-0.991065	-0.0564085	0.0753405	0.0702864	-1	0	0	1	
1.516e-08	756	-0.432172	-0.0388776	-0.900953	0.0702334	0.0681318	-1	0	0	1	
1.52e-08	758	-0.378269	0.365885	-0.850318	0.0705696	0.0777882	-1	0	0	1	
1.524e-08	760	0.689547	0.707442	-0.155085	0.099349	0.0671343	-1	0	0	1	
1.528e-08	762	-0.843032	0.146642	-0.517487	0.101977	0.0687519	-1	0	0	1	
1.532e-08	764	-0.0607179	0.65404	-0.754019	0.123683	0.0667669	-1	0	0	1	
1.536e-08	766	-0.177874	0.445725	-0.87732	0.0343863	0.076184	-1	0	0	1	
1.54e-08	768	0.268396	0.962375	0.0424138	0.040791	0.0673755	-1	0	0	1	
1.544e-08	770	0.043823	0.712141	-0.700667	0.0727673	0.0712105	-1	0	0	1	
1.548e-08	772	0.709665	0.657117	-0.254112	0.0542097	0.0659034	-1	0	0	1	
1.552e-08	774	0.2586	-0.870813	-0.418103	0.0430576	0.0632066	-1	0	0	1	
1.556e-08	776	-0.592697	0.365485	-0.717726	0.0530456	0.0597677	-1	0	0	1	
1.56e-08	778	0.255414	0.119972	0.959359	0.0960011	0.0756144	-1	0	0	1	
1.564e-08	780	-0.653975	-0.716899	-0.241603	0.0970996	0.0538134	-1	0	0	1	
1.568e-08	782	0.82145	0.440703	0.361941	0.0642139	0.0780438	-1	0	0	1	
1.572e-08	784	-0.134255	-0.578927	0.804251	0.0969569	0.0700064	-1	0	0	1	
1.576e-08	786	0.5305	0.640687	0.555059	0.0231991	0.0606467	-1	0	0	1	
1.58e-08	788	-0.0636309	0.468771	-0.881025	0.10137	0.067198	-1	0	0	1	
1.584e-08	790	0.0819018	-0.648837	-0.756507	0.0494632	0.0640274	-1	0	0	1	
1.588e-08	792	0.757379	-0.533474	-0.37654	0.0562431	0.0596346	-1	0	0	1	
1.592e-08	794	0.820122	-0.4572	-0.344045	0.0459788	0.0497126	-1	0	0	1	
1.596e-08	796	-0.318976	0.498422	-0.80612	0.0534825	0.0475364	-1	0	0	1	
1.6e-08	798	0.883145	-0.136678	0.448748	0.0166326	0.0530136	-1	0	0	1	
1.604e-08	800	0.217253	-0.645142	0.732525	0.0354808	0.0605535	-1	0	0	1	
1.608e-08	802	-0.467575	-0.589253	0.658904	0.0138005	0.0525603	-1	0	0	1	
1.612e-08	804	0.687359	-0.0481337	0.724721	0.0317723	0.0549543	-1	0	0	1	
1.616e-08	806	-0.640766	0.595171	-0.484964	0.0269823	0.0590539	-1	0	0	1	
1.62e-08	808	-0.511574	0.0764785	-0.855829	0.0694067	0.0672565	-1	0	0	1	
1.624e-08	810	-0.961591	-0.187225	-0.200724	0.029666	0.0512739	-1	0	0	1	
1.628e-08	812	-0.457732	-0.13837	-0.878257	0.0549777	0.0555991	-1	0	0	1	
1.632e-08	814	0.542598	0.335872	-0.76992	0.050039	0.0469227	-1	0	0	1	
1.636e-08	816	-0.178645	-0.114004	-0.977286	0.0771594	0.0509792	-1	0	0	1	
1.64e-08	818	0.430568	-0.750187	0.501828	0.0237493	0.0471976	-1	0	0	1	
1.644e-08	820	-0.80551	0.0964055	0.584687	0.0613419	0.0534389	-1	0	0	1	
1.648e-08	822	0.799431	0.598184	0.055551	0.0493846	0.0498124	-1	0	0	1	
1.652e-08	824	0.967628	-0.211661	-0.137462	0.0287456	0.0477298	-1	0	0	1	
1.656e-08	826	-0.460042	0.114004	-0.880548	0.107724	0.056045	-1	0	0	1	
1.66e-08	828	-0.313354	-0.918784	0.240093	0.0302045	0.0461854	-1	0	0	1	
1.664e-08	830	0.451304	0.795742	-0.403881	0.03576	0.0405534	-1	0	0	1	
1.668e-08	832	-0.12621	-0.57447	-0.808737	0.0307182	0.0530172	-1	0	0	1	
1.672e-08	834	0.0736857	-0.124542	-0.989474	0.0628342	0.0438578	-1	0	0	1	
1.676e-08	836	-0.641879	0.61239	0.461487	0.0422512	0.0514033	-1	0	0	1	
1.68e-08	838	-0.378115	-0.922603	-0.0763697	0.0482989	0.0355484	-1	0	0	1	
1.684e-08	840	-0.855078	0.153499	-0.495258	0.0638141	0.0521749	-1	0	0	1	
1.688e-08	842	-0.566458	-0.823646	0.0270602	0.0594473	0.0396236	-1	0	0	1	
1.692e-08	844	-0.704562	-0.131787	-0.697299	0.0582981	0.0440684	-1	0	0	1	
1.696e-08	846	0.306059	-0.181718	-0.934509	0.0343602	0.0534213	-1	0	0	1	
1.7e-08	848	-0.866322	-0.286713	0.409001	0.0576642	0.0478137	-1	0	0	1	
1.704e-08	850	-0.00191453	-0.0199551	-0.999799	0.106973	0.0529904	-1	0	0	1	
1.708e-08	852	-0.857354	0.353376	-0.374258	0.0441142	0.0490395	-1	0	0	1	
1.712e-08	854	-0.838733	0.535748	-0.0974726	0.0377907	0.0429359	-1	0	0	1	
1.716e-08	856	-0.202635	0.45139	0.869015	0.0309673	0.0412202	-1	0	0	1	
1.72e-08	858	0.607128	0.794593	-0.00415305	0.0395461	0.0592458	-1	0	0	1	
1.724e-08	860	-0.30997	0.788477	0.531246	0.0295193	0.0374531	-1	0	0	1	
1.728e-08	862	-0.41235	0.890516	-0.192221	0.0483561	0.0448672	-1	0	0	1	
1.732e-08	864	0.32619	-0.901816	-0.283421	0.0196778	0.0405843	-1	0	0	1	
1.736e-08	866	0.189332	-0.631573	0.751844	0.100222	0.0572975	-1	0	0	1	
1.74e-08	868	-0.983644	-0.165026	0.0721931	0.025233	0.0499462	-1	0	0	1	
1.744e-08	870	-0.987655	-0.0167865	-0.15574	0.032372	0.0421959	-1	0	0	1	
1.748e-08	872	0.0405582	0.294323	0.954845	0.0252931	0.0359484	-1	0	0	1	
1.752e-08	874	0.87991	0.46801	-0.0820099	0.0300779	0.0413621	-1	0	0	1	
1.756e-08	876	0.517786	0.410069	-0.750827	0.0796811	0.0528539	-1	0	0	1	
1.76e-08	878	-0.153676	-0.985697	-0.0691725	0.0985961	0.0449442	-1	0	0	1	
1.764e-08	880	0.534355	-0.463361	-0.706938	0.0270182	0.0370476	-1	0	0	1	
1.768e-08	882	-0.638501	-0.333596	-0.693563	0.0488829	0.0471375	-1	0	0	1	
1.772e-08	884	0.288774	0.536193	-0.793162	0.0384806	0.0517492	-1	0	0	1	
1.776e-08	886	-0.0141023	-0.279313	-0.960097	0.0711189	0.0514847	-1	0	0	1	
1.78e-08	888	0.0121305	0.997069	0.0755405	0.0380909	0.040239	-1	0	0	1	
1.784e-08	890	-0.690254	-0.499845	0.523167	0.0427314	0.0430866	-1	0	0	1	
1.788e-08	892	-0.521383	0.424559	0.740209	0.0191759	0.0444229	-1	0	0	1	
1.792e-08	894	-0.0702684	-0.163947	-0.983963	0.0211259	0.0374714	-1	0	0	1	
1.796e-08	896	-0.654545	-0.533209	0.535966	0.0427466	0.042672	-1	0	0	1	
1.8e-08	898	-0.0967075	0.101276	0.990147	0.0352245	0.0373344	-1	0	0	1	
1.804e-08	900	0.91103	0.213972	0.352477	0.0251788	0.0371904	-1	0	0	1	
