#----------------------------------------------------------------------------------------------------------------------------------------------------------
# Output file for vampire simulation
#   time       : 2022-02-09 13:01:49     process id : 36141
#   hostname   : compute-0-1.local
#   path       : /home/MINT_WS/luknam/WS_dia5/Thickness5/size_6.0_6.0_5nm/Temp_900/random_1
#----------------------------------------------------------------------------------------------------------------------------------------------------------
4e-11	0	0	0	1	1	1	-1	0	0	1	
8e-11	2	-0.000111915	0.000961816	1	0.998927	0.998911	-1	0	0	1	
1.2e-10	4	0.00212674	0.00553051	0.999982	0.997909	0.997847	-1	0	0	1	
1.6e-10	6	-0.000159472	-0.00185767	0.999998	0.996649	0.996766	-1	0	0	1	
2e-10	8	-0.000242821	0.017267	0.999851	0.99572	0.99566	-1	0	0	1	
2.4e-10	10	0.000415361	-0.00973482	0.999953	0.994402	0.994565	-1	0	0	1	
2.8e-10	12	-0.022028	-0.00218721	0.999755	0.993165	0.993518	-1	0	0	1	
3.2e-10	14	0.00620139	0.00597204	0.999963	0.992774	0.992352	-1	0	0	1	
3.6e-10	16	0.00318618	-0.00418056	0.999986	0.991932	0.991326	-1	0	0	1	
4e-10	18	0.0137026	0.00888155	0.999867	0.990547	0.990274	-1	0	0	1	
4.4e-10	20	-0.00425906	-0.00799062	0.999959	0.989628	0.989136	-1	0	0	1	
4.8e-10	22	-0.00791379	0.00591248	0.999951	0.98805	0.988091	-1	0	0	1	
5.2e-10	24	-0.00153413	-0.00970154	0.999952	0.987205	0.986946	-1	0	0	1	
5.6e-10	26	0.00527746	-0.00245664	0.999983	0.985584	0.98588	-1	0	0	1	
6e-10	28	0.0242147	-0.0190018	0.999526	0.984307	0.984708	-1	0	0	1	
6.4e-10	30	0.0159854	-0.00157547	0.999871	0.98258	0.983345	-1	0	0	1	
6.8e-10	32	-0.0152083	0.00307491	0.99988	0.982445	0.982355	-1	0	0	1	
7.2e-10	34	0.0240266	-0.0235289	0.999434	0.980501	0.98117	-1	0	0	1	
7.6e-10	36	-0.0105049	-0.0158135	0.99982	0.980332	0.980285	-1	0	0	1	
8e-10	38	0.00582852	0.0114524	0.999917	0.979304	0.979218	-1	0	0	1	
8.4e-10	40	0.020836	0.00354569	0.999777	0.979075	0.977989	-1	0	0	1	
8.8e-10	42	0.0202305	0.0137074	0.999701	0.977202	0.976982	-1	0	0	1	
9.2e-10	44	-0.0103238	-0.00144918	0.999946	0.974591	0.975803	-1	0	0	1	
9.6e-10	46	-0.00729332	-0.00620894	0.999954	0.974298	0.974652	-1	0	0	1	
1e-09	48	-0.00224073	-0.00923395	0.999955	0.974143	0.973644	-1	0	0	1	
1.04e-09	50	-0.0201724	-0.00551436	0.999781	0.972928	0.972493	-1	0	0	1	
1.08e-09	52	-0.000936482	-0.0115984	0.999932	0.970875	0.971326	-1	0	0	1	
1.12e-09	54	0.0272576	-0.00105943	0.999628	0.971444	0.969942	-1	0	0	1	
1.16e-09	56	0.0402369	0.0165679	0.999053	0.970169	0.96926	-1	0	0	1	
1.2e-09	58	-0.0153658	-0.000314585	0.999882	0.968476	0.968186	-1	0	0	1	
1.24e-09	60	0.0118023	0.00832254	0.999896	0.965253	0.966419	-1	0	0	1	
1.28e-09	62	-0.00551766	-0.0291601	0.99956	0.965406	0.965341	-1	0	0	1	
1.32e-09	64	0.0741546	0.026637	0.996891	0.965212	0.964431	-1	0	0	1	
1.36e-09	66	-0.0195671	-0.0073017	0.999782	0.962464	0.963453	-1	0	0	1	
1.4e-09	68	0.0168493	0.00250816	0.999855	0.963814	0.962046	-1	0	0	1	
1.44e-09	70	0.00472366	0.00841503	0.999953	0.961639	0.961087	-1	0	0	1	
1.48e-09	72	0.0179665	-0.00860698	0.999802	0.959409	0.959593	-1	0	0	1	
1.52e-09	74	-0.0338129	0.00223038	0.999426	0.959489	0.9587	-1	0	0	1	
1.56e-09	76	-0.00740655	0.0325312	0.999443	0.956428	0.957438	-1	0	0	1	
1.6e-09	78	0.0155876	0.0312218	0.999391	0.956136	0.956793	-1	0	0	1	
1.64e-09	80	-0.0221146	0.00813312	0.999722	0.954373	0.955544	-1	0	0	1	
1.68e-09	82	-0.013186	-0.014981	0.999801	0.955066	0.95443	-1	0	0	1	
1.72e-09	84	0.0171695	0.0406035	0.999028	0.951484	0.952483	-1	0	0	1	
1.76e-09	86	-0.0276866	0.0170396	0.999471	0.948734	0.951789	-1	0	0	1	
1.8e-09	88	0.032049	0.000367993	0.999486	0.951446	0.950975	-1	0	0	1	
1.84e-09	90	0.0303317	-0.0205928	0.999328	0.949325	0.949533	-1	0	0	1	
1.88e-09	92	-0.00872852	0.0508355	0.998669	0.947961	0.94973	-1	0	0	1	
1.92e-09	94	0.0112729	-0.00839999	0.999901	0.951013	0.947213	-1	0	0	1	
1.96e-09	96	-0.0298584	0.0562578	0.99797	0.946751	0.946101	-1	0	0	1	
2e-09	98	-0.00997849	-0.00764666	0.999921	0.944954	0.945479	-1	0	0	1	
2.04e-09	100	0.00049347	0.0551819	0.998476	0.945392	0.943794	-1	0	0	1	
2.08e-09	102	0.0149626	0.0237958	0.999605	0.943696	0.943684	-1	0	0	1	
2.12e-09	104	-0.00817095	0.008925	0.999927	0.940004	0.941341	-1	0	0	1	
2.16e-09	106	0.0182615	0.0162912	0.999701	0.9421	0.940691	-1	0	0	1	
2.2e-09	108	-0.016281	0.00704014	0.999843	0.93643	0.938884	-1	0	0	1	
2.24e-09	110	-0.00641453	-0.00484687	0.999968	0.937177	0.937727	-1	0	0	1	
2.28e-09	112	0.0101495	0.0192058	0.999764	0.935238	0.936364	-1	0	0	1	
2.32e-09	114	-0.00841836	0.0111434	0.999902	0.934479	0.936239	-1	0	0	1	
2.36e-09	116	0.0283963	0.0040043	0.999589	0.933422	0.934902	-1	0	0	1	
2.4e-09	118	0.0014784	0.0304688	0.999535	0.93308	0.933785	-1	0	0	1	
2.44e-09	120	0.0147337	0.0233617	0.999619	0.931371	0.932211	-1	0	0	1	
2.48e-09	122	0.0176128	0.0156617	0.999722	0.92769	0.930436	-1	0	0	1	
2.52e-09	124	-0.0216934	0.00996368	0.999715	0.929423	0.929425	-1	0	0	1	
2.56e-09	126	-0.0103992	-0.0303728	0.999485	0.926971	0.927871	-1	0	0	1	
2.6e-09	128	0.0309448	-0.019697	0.999327	0.927185	0.928047	-1	0	0	1	
2.64e-09	130	0.0336597	-0.00392395	0.999426	0.924397	0.926084	-1	0	0	1	
2.68e-09	132	0.049782	-0.0321825	0.998241	0.91554	0.923582	-1	0	0	1	
2.72e-09	134	0.0432788	0.0295607	0.998626	0.923504	0.923304	-1	0	0	1	
2.76e-09	136	-0.0327973	0.0490786	0.998256	0.921996	0.921479	-1	0	0	1	
2.8e-09	138	-0.0341157	-0.0150253	0.999305	0.921118	0.920737	-1	0	0	1	
2.84e-09	140	0.0089115	-0.0430164	0.999035	0.920382	0.91934	-1	0	0	1	
2.88e-09	142	0.00974133	-0.0687532	0.997586	0.916904	0.918469	-1	0	0	1	
2.92e-09	144	0.01506	-0.0177072	0.99973	0.916169	0.915705	-1	0	0	1	
2.96e-09	146	-0.0683696	0.00965145	0.997613	0.910969	0.917228	-1	0	0	1	
3e-09	148	0.0202961	0.00619693	0.999775	0.916305	0.914587	-1	0	0	1	
3.04e-09	150	0.00118745	0.0476604	0.998863	0.916545	0.914131	-1	0	0	1	
3.08e-09	152	0.0596794	0.0572029	0.996577	0.907428	0.912245	-1	0	0	1	
3.12e-09	154	-0.0240141	-0.0109712	0.999651	0.914149	0.909942	-1	0	0	1	
3.16e-09	156	-0.0324022	-0.00836083	0.99944	0.908255	0.909205	-1	0	0	1	
3.2e-09	158	-0.0109325	-0.00759802	0.999911	0.909499	0.907511	-1	0	0	1	
3.24e-09	160	0.00584459	0.0581711	0.99829	0.907869	0.907069	-1	0	0	1	
3.28e-09	162	-0.040125	-0.00344997	0.999189	0.902122	0.905564	-1	0	0	1	
3.32e-09	164	-0.0211132	0.00236784	0.999774	0.907595	0.903872	-1	0	0	1	
3.36e-09	166	-0.0212493	-0.0298374	0.999329	0.899892	0.902256	-1	0	0	1	
3.4e-09	168	-0.0141269	0.0192481	0.999715	0.904788	0.90255	-1	0	0	1	
3.44e-09	170	0.00767716	0.0162525	0.999838	0.901845	0.899267	-1	0	0	1	
3.48e-09	172	-0.0986622	-0.0165119	0.994984	0.899768	0.900112	-1	0	0	1	
3.52e-09	174	-0.0378075	-0.0245671	0.998983	0.896252	0.89926	-1	0	0	1	
3.56e-09	176	-0.00949734	0.0467913	0.99886	0.896198	0.897809	-1	0	0	1	
3.6e-09	178	-0.0462837	-0.00800561	0.998896	0.899457	0.894879	-1	0	0	1	
3.64e-09	180	-0.0158705	-0.0814381	0.996552	0.886844	0.893361	-1	0	0	1	
3.68e-09	182	-0.0833106	-0.000669076	0.996523	0.894706	0.893347	-1	0	0	1	
3.72e-09	184	-0.0337398	0.0248157	0.999123	0.895661	0.890476	-1	0	0	1	
3.76e-09	186	-0.0550481	0.0227309	0.998225	0.886646	0.890483	-1	0	0	1	
3.8e-09	188	-0.0472572	-0.0912595	0.994705	0.887343	0.888959	-1	0	0	1	
3.84e-09	190	0.0462694	0.0555932	0.997381	0.890023	0.888741	-1	0	0	1	
3.88e-09	192	-0.0474648	0.0586595	0.997149	0.886848	0.88713	-1	0	0	1	
3.92e-09	194	0.00458817	0.00345618	0.999984	0.88431	0.883567	-1	0	0	1	
3.96e-09	196	-0.0597579	0.0237917	0.997929	0.886969	0.882782	-1	0	0	1	
4e-09	198	-0.000510871	-0.00321077	0.999995	0.88239	0.88125	-1	0	0	1	
4.04e-09	200	0.015807	0.0199309	0.999676	0.878458	0.88048	-1	0	0	1	
4.08e-09	202	0.000931552	0.0149251	0.999888	0.874622	0.878746	-1	0	0	1	
4.12e-09	204	0.0388664	-0.0182966	0.999077	0.873797	0.878391	-1	0	0	1	
4.16e-09	206	0.0102128	0.0259678	0.999611	0.875802	0.876066	-1	0	0	1	
4.2e-09	208	0.0239966	-0.0107545	0.999654	0.880703	0.876046	-1	0	0	1	
4.24e-09	210	0.00449062	0.0703411	0.997513	0.877943	0.873319	-1	0	0	1	
4.28e-09	212	-0.0572318	-0.0453507	0.99733	0.869107	0.874077	-1	0	0	1	
4.32e-09	214	0.0118084	-0.0473297	0.99881	0.878494	0.87335	-1	0	0	1	
4.36e-09	216	0.0037969	-0.03996	0.999194	0.863658	0.870963	-1	0	0	1	
4.4e-09	218	-0.0056161	0.0451726	0.998963	0.869369	0.869361	-1	0	0	1	
4.44e-09	220	-0.00560297	-0.00973314	0.999937	0.868566	0.867992	-1	0	0	1	
4.48e-09	222	0.0231501	-0.0350193	0.999118	0.8648	0.867669	-1	0	0	1	
4.52e-09	224	0.0223504	-0.0241114	0.999459	0.868728	0.865123	-1	0	0	1	
4.56e-09	226	0.0597646	-0.0562183	0.996628	0.872322	0.864235	-1	0	0	1	
4.6e-09	228	-0.0489288	0.0359429	0.998155	0.870796	0.861782	-1	0	0	1	
4.64e-09	230	-0.0383716	-0.0290279	0.998842	0.860626	0.860861	-1	0	0	1	
4.68e-09	232	-0.0654796	0.0296947	0.997412	0.859614	0.86086	-1	0	0	1	
4.72e-09	234	-0.0203068	0.0836923	0.996285	0.85532	0.856109	-1	0	0	1	
4.76e-09	236	-0.0602135	0.0455892	0.997144	0.857931	0.857608	-1	0	0	1	
4.8e-09	238	0.0539038	-0.0399587	0.997746	0.858734	0.854755	-1	0	0	1	
4.84e-09	240	-0.0157324	-0.0178938	0.999716	0.855976	0.856385	-1	0	0	1	
4.88e-09	242	0.0300525	-0.0358006	0.998907	0.851008	0.851174	-1	0	0	1	
4.92e-09	244	-0.0391164	0.00619902	0.999215	0.850229	0.851587	-1	0	0	1	
4.96e-09	246	0.0253759	-0.0250233	0.999365	0.848966	0.850869	-1	0	0	1	
5e-09	248	-0.0226205	-0.0565093	0.998146	0.850569	0.850484	-1	0	0	1	
5.04e-09	250	0.0333993	-0.00613829	0.999423	0.849544	0.847026	-1	0	0	1	
5.08e-09	252	0.0388652	0.0391702	0.998476	0.841414	0.846429	-1	0	0	1	
5.12e-09	254	-0.0586441	0.0161326	0.998149	0.84652	0.841299	-1	0	0	1	
5.16e-09	256	-0.00538191	-0.0745123	0.997206	0.846631	0.843902	-1	0	0	1	
5.2e-09	258	-0.000570966	-0.121744	0.992561	0.842404	0.840514	-1	0	0	1	
5.24e-09	260	0.0386142	-0.0198098	0.999058	0.829545	0.838275	-1	0	0	1	
5.28e-09	262	0.0157944	0.0187127	0.9997	0.843397	0.836078	-1	0	0	1	
5.32e-09	264	-0.0280033	-0.0641445	0.997548	0.843603	0.8395	-1	0	0	1	
5.36e-09	266	0.0280134	0.0416898	0.998738	0.836452	0.831584	-1	0	0	1	
5.4e-09	268	-0.050426	-0.0194869	0.998538	0.835075	0.836028	-1	0	0	1	
5.44e-09	270	0.0481034	-0.0539048	0.997387	0.832075	0.830683	-1	0	0	1	
5.48e-09	272	0.108711	-0.0105424	0.994017	0.815824	0.82996	-1	0	0	1	
5.52e-09	274	0.078508	-0.00594596	0.996896	0.834267	0.8303	-1	0	0	1	
5.56e-09	276	-0.0613788	0.0334716	0.997553	0.829845	0.830374	-1	0	0	1	
5.6e-09	278	-0.0570624	-0.0613151	0.996486	0.833618	0.826678	-1	0	0	1	
5.64e-09	280	-0.0230171	0.0261541	0.999393	0.827243	0.827417	-1	0	0	1	
5.68e-09	282	-0.0992227	0.0590841	0.99331	0.819772	0.822338	-1	0	0	1	
5.72e-09	284	-0.0476878	-0.0302234	0.998405	0.823769	0.822016	-1	0	0	1	
5.76e-09	286	-0.0359428	0.0208563	0.999136	0.818989	0.82119	-1	0	0	1	
5.8e-09	288	0.0382776	0.0666821	0.99704	0.820971	0.81852	-1	0	0	1	
5.84e-09	290	-0.040075	0.0421089	0.998309	0.809403	0.815961	-1	0	0	1	
5.88e-09	292	-0.0668403	-0.00864743	0.997726	0.812858	0.816505	-1	0	0	1	
5.92e-09	294	-0.00937183	0.0658439	0.997786	0.822018	0.816439	-1	0	0	1	
5.96e-09	296	-0.112973	0.0257434	0.993265	0.814122	0.812935	-1	0	0	1	
6e-09	298	0.0407182	0.017603	0.999016	0.813634	0.813608	-1	0	0	1	
6.04e-09	300	0.00165662	0.000715513	0.999998	0.808391	0.808841	-1	0	0	1	
6.08e-09	302	-0.144782	0.0222263	0.989214	0.808541	0.809492	-1	0	0	1	
6.12e-09	304	-0.126037	-0.00557715	0.99201	0.807969	0.808779	-1	0	0	1	
6.16e-09	306	0.0451111	-0.0114566	0.998916	0.810966	0.802726	-1	0	0	1	
6.2e-09	308	-0.0453811	-0.0313732	0.998477	0.811867	0.800239	-1	0	0	1	
6.24e-09	310	0.0513819	0.107043	0.992926	0.79815	0.801835	-1	0	0	1	
6.28e-09	312	-0.00551509	0.0632586	0.997982	0.796808	0.801947	-1	0	0	1	
6.32e-09	314	-0.0323024	-0.0453578	0.998448	0.807183	0.802117	-1	0	0	1	
6.36e-09	316	0.0248585	-0.0792441	0.996545	0.794354	0.796877	-1	0	0	1	
6.4e-09	318	-0.144981	0.00453826	0.989424	0.790404	0.796313	-1	0	0	1	
6.44e-09	320	-0.0355896	-0.148598	0.988257	0.79545	0.793635	-1	0	0	1	
6.48e-09	322	0.0596755	0.0489654	0.997016	0.792188	0.790137	-1	0	0	1	
6.52e-09	324	0.0595491	0.0838451	0.994698	0.794443	0.794441	-1	0	0	1	
6.56e-09	326	-0.0166567	-0.0540534	0.998399	0.786924	0.792768	-1	0	0	1	
6.6e-09	328	-0.0290784	0.0336349	0.999011	0.792617	0.791004	-1	0	0	1	
6.64e-09	330	0.00939398	-0.125487	0.992051	0.788623	0.785322	-1	0	0	1	
6.68e-09	332	0.0242256	0.0869208	0.995921	0.782119	0.784425	-1	0	0	1	
6.72e-09	334	-0.00943851	-0.0450568	0.99894	0.777925	0.780074	-1	0	0	1	
6.76e-09	336	-0.0559406	-0.0300975	0.99798	0.785729	0.780483	-1	0	0	1	
6.8e-09	338	-0.015845	-0.0980449	0.995056	0.789078	0.776841	-1	0	0	1	
6.84e-09	340	0.226598	-0.0289966	0.973557	0.781356	0.778405	-1	0	0	1	
6.88e-09	342	-0.0491726	-0.0646177	0.996698	0.782913	0.778814	-1	0	0	1	
6.92e-09	344	-0.0021964	-0.0536052	0.99856	0.779326	0.772088	-1	0	0	1	
6.96e-09	346	-0.0368309	-0.145152	0.988724	0.7703	0.772381	-1	0	0	1	
7e-09	348	0.0115827	0.0239438	0.999646	0.772871	0.77459	-1	0	0	1	
7.04e-09	350	-0.0491103	-0.0883405	0.994879	0.766521	0.768305	-1	0	0	1	
7.08e-09	352	0.0323934	-0.0856358	0.9958	0.756553	0.770194	-1	0	0	1	
7.12e-09	354	-0.0426758	-0.0864601	0.995341	0.763706	0.768392	-1	0	0	1	
7.16e-09	356	-0.0433805	0.147004	0.988184	0.76118	0.764852	-1	0	0	1	
7.2e-09	358	0.0249007	-0.019239	0.999505	0.760506	0.759479	-1	0	0	1	
7.24e-09	360	0.0607112	0.106526	0.992455	0.757668	0.759173	-1	0	0	1	
7.28e-09	362	0.0645563	-0.0180154	0.997751	0.756615	0.756777	-1	0	0	1	
7.32e-09	364	0.070616	0.0488675	0.996306	0.756491	0.756437	-1	0	0	1	
7.36e-09	366	0.118486	-0.0253498	0.992632	0.761586	0.757999	-1	0	0	1	
7.4e-09	368	0.15997	-0.0130578	0.987035	0.747066	0.757476	-1	0	0	1	
7.44e-09	370	-0.0264927	-0.147858	0.988654	0.748094	0.757274	-1	0	0	1	
7.48e-09	372	0.00311225	-0.0421794	0.999105	0.762088	0.754296	-1	0	0	1	
7.52e-09	374	-0.0616145	0.00782153	0.998069	0.75363	0.751085	-1	0	0	1	
7.56e-09	376	0.0409877	0.0693791	0.996748	0.750469	0.745003	-1	0	0	1	
7.6e-09	378	0.0849959	-0.07732	0.993377	0.743743	0.747243	-1	0	0	1	
7.64e-09	380	0.102568	-0.0421165	0.993834	0.747762	0.743141	-1	0	0	1	
7.68e-09	382	-0.0774358	-0.0201791	0.996793	0.737173	0.743622	-1	0	0	1	
7.72e-09	384	-0.0654253	-0.0372224	0.997163	0.734626	0.74018	-1	0	0	1	
7.76e-09	386	0.0923335	0.046389	0.994647	0.732912	0.734483	-1	0	0	1	
7.8e-09	388	-0.02317	-0.0016893	0.99973	0.732461	0.73141	-1	0	0	1	
7.84e-09	390	0.0516016	-0.113063	0.992247	0.735244	0.736738	-1	0	0	1	
7.88e-09	392	-0.00427941	0.150494	0.988602	0.739036	0.731161	-1	0	0	1	
7.92e-09	394	0.0888956	0.030024	0.995588	0.726608	0.730875	-1	0	0	1	
7.96e-09	396	0.177076	-0.114344	0.977532	0.729849	0.727271	-1	0	0	1	
8e-09	398	0.0180618	0.110776	0.993681	0.728656	0.72481	-1	0	0	1	
8.04e-09	400	-0.0266051	0.0877614	0.995786	0.728039	0.724216	-1	0	0	1	
8.08e-09	402	-0.0424108	-0.0139007	0.999004	0.726173	0.72481	-1	0	0	1	
8.12e-09	404	-0.0173047	1.20835e-05	0.99985	0.731311	0.72152	-1	0	0	1	
8.16e-09	406	0.054782	0.0183474	0.99833	0.71825	0.723198	-1	0	0	1	
8.2e-09	408	-0.00652636	0.103969	0.994559	0.708365	0.714409	-1	0	0	1	
8.24e-09	410	0.0921065	0.0793076	0.992586	0.712205	0.720101	-1	0	0	1	
8.28e-09	412	-0.00548485	0.105139	0.994442	0.711988	0.71085	-1	0	0	1	
8.32e-09	414	-0.0106159	0.0357263	0.999305	0.704996	0.709376	-1	0	0	1	
8.36e-09	416	-0.0820776	-0.0190797	0.996443	0.719328	0.713554	-1	0	0	1	
8.4e-09	418	-0.015811	-0.00894269	0.999835	0.697612	0.702206	-1	0	0	1	
8.44e-09	420	0.0376931	-0.121354	0.991893	0.72618	0.710114	-1	0	0	1	
8.48e-09	422	0.0143843	-0.0613433	0.998013	0.709976	0.704407	-1	0	0	1	
8.52e-09	424	-0.0489429	-0.106345	0.993124	0.718787	0.702791	-1	0	0	1	
8.56e-09	426	-0.0354746	-0.0125044	0.999292	0.686401	0.696375	-1	0	0	1	
8.6e-09	428	0.121461	0.0369159	0.991909	0.694842	0.697338	-1	0	0	1	
8.64e-09	430	-0.0668266	-0.00309261	0.99776	0.688216	0.697206	-1	0	0	1	
8.68e-09	432	-0.00824809	0.025882	0.999631	0.703014	0.695195	-1	0	0	1	
8.72e-09	434	-0.0579728	0.182644	0.981468	0.683592	0.685534	-1	0	0	1	
8.76e-09	436	-0.0761688	0.0809842	0.993801	0.69752	0.689115	-1	0	0	1	
8.8e-09	438	0.0337562	-0.019881	0.999232	0.668924	0.692412	-1	0	0	1	
8.84e-09	440	-0.0639924	0.0333861	0.997392	0.69642	0.684371	-1	0	0	1	
8.88e-09	442	0.232205	-0.0122053	0.97259	0.700939	0.686605	-1	0	0	1	
8.92e-09	444	0.0148302	0.172178	0.984954	0.661956	0.682535	-1	0	0	1	
8.96e-09	446	0.018505	-0.0364024	0.999166	0.696988	0.672502	-1	0	0	1	
9e-09	448	-0.0564366	0.00195142	0.998404	0.657422	0.674719	-1	0	0	1	
9.04e-09	450	-0.240856	0.0211717	0.97033	0.683783	0.677787	-1	0	0	1	
9.08e-09	452	0.0800555	0.0338656	0.996215	0.671789	0.673062	-1	0	0	1	
9.12e-09	454	0.0283285	-0.145065	0.989017	0.68334	0.669726	-1	0	0	1	
9.16e-09	456	-0.0977764	0.0344614	0.994612	0.675199	0.666526	-1	0	0	1	
9.2e-09	458	-0.0973669	-0.0315642	0.994748	0.663388	0.658973	-1	0	0	1	
9.24e-09	460	-0.103561	-0.0921674	0.990344	0.67985	0.661618	-1	0	0	1	
9.28e-09	462	-0.0679217	-0.0232654	0.997419	0.665926	0.662689	-1	0	0	1	
9.32e-09	464	-0.00425255	-0.0834903	0.9965	0.664637	0.656064	-1	0	0	1	
9.36e-09	466	-0.168955	0.0323517	0.985093	0.657204	0.644139	-1	0	0	1	
9.4e-09	468	0.102537	0.160458	0.981702	0.652456	0.654996	-1	0	0	1	
9.44e-09	470	-0.023271	0.0670249	0.99748	0.664941	0.647655	-1	0	0	1	
9.48e-09	472	-0.0250868	-0.0819481	0.996321	0.63619	0.646437	-1	0	0	1	
9.52e-09	474	0.0192061	-0.0443227	0.998833	0.647764	0.64356	-1	0	0	1	
9.56e-09	476	-0.109798	-0.126297	0.985897	0.642305	0.646791	-1	0	0	1	
9.6e-09	478	-0.0979721	-0.0810338	0.991885	0.643036	0.641924	-1	0	0	1	
9.64e-09	480	0.0491963	0.0479028	0.99764	0.630232	0.638032	-1	0	0	1	
9.68e-09	482	-0.039173	0.0309614	0.998753	0.648725	0.633922	-1	0	0	1	
9.72e-09	484	0.117574	-0.0887039	0.989095	0.648066	0.640516	-1	0	0	1	
9.76e-09	486	-0.0534975	-0.000254035	0.998568	0.630649	0.633788	-1	0	0	1	
9.8e-09	488	0.0637909	0.0107642	0.997905	0.621521	0.623605	-1	0	0	1	
9.84e-09	490	0.186078	0.00858834	0.982497	0.613913	0.623852	-1	0	0	1	
9.88e-09	492	0.135149	0.219174	0.96628	0.597235	0.623196	-1	0	0	1	
9.92e-09	494	0.0459769	0.0403942	0.998125	0.616907	0.62124	-1	0	0	1	
9.96e-09	496	0.0305805	0.132853	0.990664	0.62076	0.619904	-1	0	0	1	
1e-08	498	0.0973577	-0.183158	0.978251	0.603888	0.612963	-1	0	0	1	
1.004e-08	500	-0.165277	-0.109753	0.980121	0.612234	0.619682	-1	0	0	1	
1.008e-08	502	0.0961148	0.0178467	0.99521	0.606421	0.612834	-1	0	0	1	
1.012e-08	504	-0.108127	-0.000898856	0.994137	0.625495	0.610677	-1	0	0	1	
1.016e-08	506	-0.0269699	0.100492	0.994572	0.609593	0.604381	-1	0	0	1	
1.02e-08	508	-0.0540103	0.0326675	0.998006	0.588968	0.603508	-1	0	0	1	
1.024e-08	510	-0.200019	-0.163451	0.966062	0.593577	0.603302	-1	0	0	1	
1.028e-08	512	0.0788515	0.0764989	0.993947	0.560759	0.581385	-1	0	0	1	
1.032e-08	514	-0.0397714	0.0486891	0.998022	0.592238	0.595118	-1	0	0	1	
1.036e-08	516	0.0140144	0.141414	0.989851	0.600987	0.585634	-1	0	0	1	
1.04e-08	518	-0.190405	-0.0923444	0.977353	0.587546	0.585293	-1	0	0	1	
1.044e-08	520	0.0519858	-0.099157	0.993713	0.605101	0.58605	-1	0	0	1	
1.048e-08	522	-0.0418228	-0.22308	0.973903	0.597467	0.57909	-1	0	0	1	
1.052e-08	524	0.104666	-0.153487	0.982592	0.587359	0.58066	-1	0	0	1	
1.056e-08	526	0.0532586	0.0993859	0.993623	0.590119	0.579468	-1	0	0	1	
1.06e-08	528	0.134655	-0.0752747	0.988029	0.592762	0.569393	-1	0	0	1	
1.064e-08	530	-0.103116	0.0206573	0.994455	0.587148	0.576827	-1	0	0	1	
1.068e-08	532	-0.286204	0.0412822	0.957279	0.569454	0.56096	-1	0	0	1	
1.072e-08	534	-0.0832795	-0.0390413	0.995761	0.562362	0.566312	-1	0	0	1	
1.076e-08	536	-0.0762661	-0.104551	0.991591	0.551161	0.572986	-1	0	0	1	
1.08e-08	538	-0.186121	-0.0208083	0.982306	0.576626	0.56269	-1	0	0	1	
1.084e-08	540	-0.18525	0.0350419	0.982066	0.553713	0.546606	-1	0	0	1	
1.088e-08	542	0.0533832	0.145611	0.987901	0.565036	0.548481	-1	0	0	1	
1.092e-08	544	-0.145251	-0.0387678	0.988635	0.545455	0.547406	-1	0	0	1	
1.096e-08	546	-0.248592	0.0784922	0.965423	0.570032	0.550072	-1	0	0	1	
1.1e-08	548	0.13753	0.0962333	0.985812	0.513331	0.546529	-1	0	0	1	
1.104e-08	550	0.132585	-0.209434	0.968792	0.537476	0.539441	-1	0	0	1	
1.108e-08	552	0.039276	0.0693656	0.996818	0.544006	0.534409	-1	0	0	1	
1.112e-08	554	0.230058	-0.185975	0.955242	0.488919	0.514431	-1	0	0	1	
1.116e-08	556	-0.0211885	-0.157773	0.987248	0.52407	0.532867	-1	0	0	1	
1.12e-08	558	-0.0287556	-0.213979	0.976415	0.527214	0.526304	-1	0	0	1	
1.124e-08	560	0.0929292	0.110551	0.989516	0.511729	0.513437	-1	0	0	1	
1.128e-08	562	-0.0864716	-0.0701604	0.993781	0.511474	0.517415	-1	0	0	1	
1.132e-08	564	0.0109235	0.0439926	0.998972	0.53976	0.522608	-1	0	0	1	
1.136e-08	566	0.0712273	0.144608	0.986922	0.476243	0.506019	-1	0	0	1	
1.14e-08	568	0.0895737	0.0223425	0.99573	0.520472	0.514078	-1	0	0	1	
1.144e-08	570	0.0357529	0.21156	0.976711	0.521574	0.500189	-1	0	0	1	
1.148e-08	572	-0.130138	-0.223045	0.966082	0.50806	0.511069	-1	0	0	1	
1.152e-08	574	-0.0335047	0.0160905	0.999309	0.498576	0.491347	-1	0	0	1	
1.156e-08	576	-0.250142	-0.38167	0.889807	0.511984	0.487365	-1	0	0	1	
1.16e-08	578	0.279694	0.278723	0.918741	0.486907	0.493328	-1	0	0	1	
1.164e-08	580	-0.240029	-0.200584	0.949817	0.460683	0.488926	-1	0	0	1	
1.168e-08	582	0.12043	0.226034	0.966646	0.438921	0.473604	-1	0	0	1	
1.172e-08	584	-0.0875774	-0.196041	0.976677	0.447679	0.479952	-1	0	0	1	
1.176e-08	586	0.15992	0.0885745	0.983148	0.463371	0.474703	-1	0	0	1	
1.18e-08	588	-0.19575	0.0137798	0.980557	0.465503	0.463908	-1	0	0	1	
1.184e-08	590	0.29472	0.142445	0.944907	0.391681	0.461371	-1	0	0	1	
1.188e-08	592	-0.0999079	0.0640411	0.992934	0.480553	0.453594	-1	0	0	1	
1.192e-08	594	0.272133	0.165796	0.947869	0.456762	0.453141	-1	0	0	1	
1.196e-08	596	0.000350699	-0.20659	0.978428	0.427801	0.448188	-1	0	0	1	
1.2e-08	598	-0.33837	-0.130259	0.931954	0.472067	0.441709	-1	0	0	1	
1.204e-08	600	-0.136257	-0.0125939	0.990593	0.462526	0.435866	-1	0	0	1	
1.208e-08	602	0.101269	0.298031	0.949169	0.384938	0.430886	-1	0	0	1	
1.212e-08	604	-0.102128	-0.206425	0.973118	0.444212	0.415994	-1	0	0	1	
1.216e-08	606	0.10346	0.130958	0.985975	0.452866	0.439392	-1	0	0	1	
1.22e-08	608	0.0406077	0.334177	0.941635	0.412781	0.407484	-1	0	0	1	
1.224e-08	610	-0.237185	-0.135427	0.961979	0.38495	0.423649	-1	0	0	1	
1.228e-08	612	0.0271592	-0.161667	0.986472	0.426266	0.405376	-1	0	0	1	
1.232e-08	614	-0.195847	-0.185799	0.962872	0.389885	0.424231	-1	0	0	1	
1.236e-08	616	-0.0201913	0.10174	0.994606	0.378194	0.381345	-1	0	0	1	
1.24e-08	618	0.445786	0.0614221	0.89303	0.381665	0.393916	-1	0	0	1	
1.244e-08	620	0.205075	0.0174584	0.97859	0.311186	0.385919	-1	0	0	1	
1.248e-08	622	0.445676	-0.11578	0.887676	0.429472	0.366606	-1	0	0	1	
1.252e-08	624	0.170446	-0.122713	0.977696	0.384136	0.386331	-1	0	0	1	
1.256e-08	626	0.16958	-0.139914	0.975534	0.384781	0.384129	-1	0	0	1	
1.26e-08	628	-0.229064	0.181089	-0.956418	0.423846	0.395238	-1	0	0	1	
1.264e-08	630	0.0456124	-0.116861	-0.9921	0.401519	0.392002	-1	0	0	1	
1.268e-08	632	-0.0278163	-0.0706082	-0.997116	0.394074	0.386841	-1	0	0	1	
1.272e-08	634	0.0191809	0.180234	-0.983437	0.371174	0.378739	-1	0	0	1	
1.276e-08	636	0.0129098	0.217505	-0.975974	0.394018	0.383953	-1	0	0	1	
1.28e-08	638	0.0275579	-0.209177	-0.977489	0.318471	0.359398	-1	0	0	1	
1.284e-08	640	0.158345	0.0314387	-0.986883	0.264381	0.366309	-1	0	0	1	
1.288e-08	642	0.203952	-0.224106	-0.952985	0.343694	0.351351	-1	0	0	1	
1.292e-08	644	0.0574304	-0.36718	-0.928375	0.393618	0.367683	-1	0	0	1	
1.296e-08	646	0.00669818	-0.0929902	-0.995644	0.373193	0.3394	-1	0	0	1	
1.3e-08	648	-0.0773936	-0.18868	-0.978984	0.347897	0.34825	-1	0	0	1	
1.304e-08	650	0.0506923	0.0997788	-0.993718	0.336895	0.331639	-1	0	0	1	
1.308e-08	652	-0.00698254	-0.228179	-0.973594	0.317051	0.309862	-1	0	0	1	
1.312e-08	654	-0.21504	0.1633	-0.962856	0.32427	0.317252	-1	0	0	1	
1.316e-08	656	0.253382	-0.161804	-0.953739	0.345564	0.317949	-1	0	0	1	
1.32e-08	658	-0.00217061	-0.522604	-0.852573	0.348567	0.317696	-1	0	0	1	
1.324e-08	660	0.224462	0.295735	-0.928524	0.290836	0.312201	-1	0	0	1	
1.328e-08	662	-0.00948889	-0.21835	-0.975824	0.325315	0.287686	-1	0	0	1	
1.332e-08	664	0.806305	0.0347455	-0.590478	0.184008	0.276202	-1	0	0	1	
1.336e-08	666	0.295416	0.213847	-0.931128	0.339078	0.281452	-1	0	0	1	
1.34e-08	668	0.0801467	-0.378584	-0.92209	0.243862	0.289489	-1	0	0	1	
1.344e-08	670	-0.11306	0.562027	-0.819355	0.20733	0.269981	-1	0	0	1	
1.348e-08	672	0.31445	0.0108115	-0.949212	0.325662	0.27889	-1	0	0	1	
1.352e-08	674	-0.128189	-0.171323	-0.97684	0.292996	0.250263	-1	0	0	1	
1.356e-08	676	-0.0164149	-0.0637772	-0.997829	0.269892	0.24977	-1	0	0	1	
1.36e-08	678	-0.129847	0.120157	-0.984227	0.277602	0.234265	-1	0	0	1	
1.364e-08	680	-0.245284	0.281119	-0.927797	0.249938	0.237361	-1	0	0	1	
1.368e-08	682	0.112892	-0.106934	-0.987836	0.222387	0.24085	-1	0	0	1	
1.372e-08	684	-0.368611	0.283766	-0.885214	0.188159	0.207275	-1	0	0	1	
1.376e-08	686	-0.666129	-0.366001	-0.649858	0.0703508	0.164582	-1	0	0	1	
1.38e-08	688	0.321431	0.202805	-0.924961	0.182154	0.195195	-1	0	0	1	
1.384e-08	690	-0.480355	-0.451488	-0.751942	0.156267	0.165019	-1	0	0	1	
1.388e-08	692	-0.816664	-0.0589213	-0.574097	0.133878	0.158266	-1	0	0	1	
1.392e-08	694	0.883547	-0.467867	-0.021099	0.208686	0.157195	-1	0	0	1	
1.396e-08	696	0.588682	-0.150322	0.794265	0.0484372	0.171176	-1	0	0	1	
1.4e-08	698	-0.0292376	-0.0608178	-0.997721	0.19929	0.142901	-1	0	0	1	
1.404e-08	700	-0.215195	-0.455952	-0.863597	0.1544	0.13633	-1	0	0	1	
1.408e-08	702	-0.105782	0.37253	-0.921972	0.1693	0.136571	-1	0	0	1	
1.412e-08	704	0.298924	-0.0649117	-0.952067	0.112093	0.148602	-1	0	0	1	
1.416e-08	706	0.68546	-0.46496	-0.560318	0.181017	0.145511	-1	0	0	1	
1.42e-08	708	-0.647313	-0.557733	-0.519538	0.0793467	0.137542	-1	0	0	1	
1.424e-08	710	0.619479	0.565314	0.54467	0.0886127	0.13254	-1	0	0	1	
1.428e-08	712	-0.145587	0.615469	-0.774598	0.193391	0.132794	-1	0	0	1	
1.432e-08	714	-0.504244	-0.657154	-0.560255	0.0796141	0.0815881	-1	0	0	1	
1.436e-08	716	-0.528455	0.346832	-0.774882	0.114627	0.101792	-1	0	0	1	
1.44e-08	718	0.228451	0.772449	-0.592564	0.0494158	0.114011	-1	0	0	1	
1.444e-08	720	0.677897	-0.405257	-0.61337	0.0515806	0.0901705	-1	0	0	1	
1.448e-08	722	0.0648405	0.666669	-0.742528	0.126381	0.0885938	-1	0	0	1	
1.452e-08	724	0.869486	-0.115837	0.480183	0.104718	0.0950973	-1	0	0	1	
1.456e-08	726	-0.142433	-0.646332	-0.749645	0.0681076	0.0805286	-1	0	0	1	
1.46e-08	728	0.424797	0.897158	0.121058	0.0912179	0.0858712	-1	0	0	1	
1.464e-08	730	0.408278	0.786148	-0.463984	0.0653491	0.0908962	-1	0	0	1	
1.468e-08	732	-0.689633	0.295197	-0.66126	0.097188	0.0932527	-1	0	0	1	
1.472e-08	734	-0.499921	-0.484387	-0.717948	0.106645	0.0928674	-1	0	0	1	
1.476e-08	736	0.80938	0.480771	-0.337287	0.0987584	0.0800181	-1	0	0	1	
1.48e-08	738	-0.904635	-0.259544	-0.338043	0.0488525	0.0622984	-1	0	0	1	
1.484e-08	740	-0.0351675	0.234899	0.971383	0.0525453	0.0798656	-1	0	0	1	
1.488e-08	742	0.452326	0.629033	-0.632232	0.13283	0.074051	-1	0	0	1	
1.492e-08	744	0.673825	0.73789	0.0384475	0.104939	0.0735838	-1	0	0	1	
1.496e-08	746	0.910866	-0.190766	0.365967	0.0460896	0.0734984	-1	0	0	1	
1.5e-08	748	-0.788951	0.40445	-0.462576	0.059231	0.0690518	-1	0	0	1	
1.504e-08	750	-0.769413	0.336138	-0.543152	0.126645	0.0815013	-1	0	0	1	
1.508e-08	752	0.945536	0.0637223	-0.319218	0.0911633	0.060262	-1	0	0	1	
1.512e-08	754	-0.714329	-0.0694748	-0.696353	0.0806844	0.0606049	-1	0	0	1	
1.516e-08	756	0.64812	-0.670019	-0.36196	0.0736533	0.0671411	-1	0	0	1	
1.52e-08	758	0.0123754	-0.943444	0.331301	0.0559748	0.0511687	-1	0	0	1	
1.524e-08	760	-0.400547	0.660027	-0.635552	0.0147296	0.0550986	-1	0	0	1	
1.528e-08	762	0.845825	-0.0164205	0.533207	0.0185749	0.0598108	-1	0	0	1	
1.532e-08	764	0.621949	0.7383	-0.260946	0.0628887	0.0638017	-1	0	0	1	
1.536e-08	766	-0.0196469	0.988918	0.147158	0.0934272	0.0579282	-1	0	0	1	
1.54e-08	768	-0.247204	-0.518791	0.81838	0.0620603	0.055396	-1	0	0	1	
1.544e-08	770	-0.828446	-0.559964	-0.0108718	0.0441807	0.0551624	-1	0	0	1	
1.548e-08	772	-0.705725	-0.53056	-0.46953	0.0422543	0.0545206	-1	0	0	1	
1.552e-08	774	0.0695369	-0.338171	-0.938512	0.101185	0.0613954	-1	0	0	1	
1.556e-08	776	0.209818	-0.390697	0.896288	0.0715866	0.0518753	-1	0	0	1	
1.56e-08	778	-0.650645	-0.75005	0.118688	0.0806376	0.0469545	-1	0	0	1	
1.564e-08	780	-0.214541	-0.951205	-0.221767	0.0394928	0.0536115	-1	0	0	1	
1.568e-08	782	0.353844	-0.818164	0.453214	0.0514462	0.053654	-1	0	0	1	
1.572e-08	784	-0.342052	0.936645	0.0754759	0.061027	0.0439887	-1	0	0	1	
1.576e-08	786	-0.105592	0.978964	-0.174584	0.0389084	0.0533372	-1	0	0	1	
1.58e-08	788	-0.54119	-0.630463	0.556444	0.034688	0.0443428	-1	0	0	1	
1.584e-08	790	0.423891	-0.79	-0.442964	0.064908	0.0503215	-1	0	0	1	
1.588e-08	792	-0.232634	0.966848	-0.105295	0.0147916	0.0535339	-1	0	0	1	
1.592e-08	794	-0.258664	0.443448	-0.858165	0.0825304	0.052845	-1	0	0	1	
1.596e-08	796	0.35467	-0.929841	-0.0980018	0.0363887	0.0528238	-1	0	0	1	
1.6e-08	798	-0.86425	0.500021	-0.055237	0.0543155	0.049877	-1	0	0	1	
1.604e-08	800	-0.982482	0.184038	0.0293289	0.0175466	0.0436852	-1	0	0	1	
1.608e-08	802	0.721498	-0.142668	-0.677559	0.0538717	0.0449066	-1	0	0	1	
1.612e-08	804	0.528189	-0.694115	0.489101	0.0508921	0.0475598	-1	0	0	1	
1.616e-08	806	-0.595127	0.800568	-0.0701075	0.0574563	0.0506156	-1	0	0	1	
1.62e-08	808	0.785393	-0.262662	-0.560505	0.0251323	0.0475886	-1	0	0	1	
1.624e-08	810	0.544499	0.812348	0.208831	0.0249592	0.0540888	-1	0	0	1	
1.628e-08	812	-0.941135	-0.139262	0.30801	0.0312241	0.0424653	-1	0	0	1	
1.632e-08	814	-0.713834	-0.632186	-0.301299	0.014741	0.0528245	-1	0	0	1	
1.636e-08	816	0.311243	-0.856414	0.411926	0.0317202	0.042508	-1	0	0	1	
1.64e-08	818	0.582772	-0.491984	-0.646783	0.0407032	0.049939	-1	0	0	1	
1.644e-08	820	0.83507	0.498329	0.233082	0.0599115	0.047812	-1	0	0	1	
1.648e-08	822	0.0340298	-0.99372	0.106598	0.0602907	0.0511056	-1	0	0	1	
1.652e-08	824	-0.6562	-0.112024	0.746226	0.0458512	0.0424098	-1	0	0	1	
1.656e-08	826	-0.430762	0.889314	0.15351	0.0430948	0.044388	-1	0	0	1	
1.66e-08	828	-0.481064	0.319502	-0.816392	0.0432469	0.0448494	-1	0	0	1	
1.664e-08	830	0.406265	0.851218	-0.332229	0.0292898	0.0474848	-1	0	0	1	
1.668e-08	832	-0.961532	-0.147111	-0.23198	0.0161206	0.0406405	-1	0	0	1	
1.672e-08	834	-0.631496	0.447746	-0.633038	0.0518418	0.0367703	-1	0	0	1	
1.676e-08	836	0.950697	-0.309961	-0.00991899	0.0418159	0.0508822	-1	0	0	1	
1.68e-08	838	0.427719	-0.705952	0.564524	0.0257214	0.0388526	-1	0	0	1	
1.684e-08	840	-0.670897	0.104058	0.734213	0.0397247	0.0450811	-1	0	0	1	
1.688e-08	842	-0.544598	0.122384	0.82972	0.0263659	0.045605	-1	0	0	1	
1.692e-08	844	0.244259	0.0918197	-0.965353	0.0426787	0.0440535	-1	0	0	1	
1.696e-08	846	-0.304999	-0.842283	0.444448	0.0385681	0.042399	-1	0	0	1	
1.7e-08	848	0.51956	-0.720336	0.459536	0.0403879	0.0478043	-1	0	0	1	
1.704e-08	850	0.153859	0.763895	0.626731	0.0140054	0.0342785	-1	0	0	1	
1.708e-08	852	-0.772677	0.334476	0.539533	0.0278995	0.0360933	-1	0	0	1	
1.712e-08	854	0.846812	-0.236456	0.476444	0.0635343	0.0438768	-1	0	0	1	
1.716e-08	856	-0.330656	-0.942161	0.0547714	0.0349932	0.0466544	-1	0	0	1	
1.72e-08	858	-0.524066	0.0275133	-0.851233	0.0370835	0.0346124	-1	0	0	1	
1.724e-08	860	0.721504	0.43058	-0.542248	0.0194738	0.0345466	-1	0	0	1	
1.728e-08	862	-0.209874	0.82216	-0.529156	0.0160106	0.0335573	-1	0	0	1	
1.732e-08	864	-0.684568	-0.553261	-0.474625	0.0347486	0.0401424	-1	0	0	1	
1.736e-08	866	0.956392	-0.261984	-0.129146	0.0295971	0.0455086	-1	0	0	1	
1.74e-08	868	-0.964432	-0.251687	-0.0807781	0.0124279	0.0338761	-1	0	0	1	
1.744e-08	870	0.933367	0.0126181	0.358701	0.0183069	0.0364745	-1	0	0	1	
1.748e-08	872	0.688417	-0.424383	-0.588202	0.0382874	0.0386215	-1	0	0	1	
1.752e-08	874	0.721082	-0.612475	-0.323907	0.0419317	0.0367645	-1	0	0	1	
1.756e-08	876	0.544984	-0.528571	0.65085	0.0317061	0.034578	-1	0	0	1	
1.76e-08	878	-0.547459	-0.168465	-0.8197	0.0383394	0.0325677	-1	0	0	1	
1.764e-08	880	0.846977	0.442843	-0.294143	0.0155319	0.0388718	-1	0	0	1	
1.768e-08	882	-0.970773	-0.0205471	-0.239119	0.014757	0.0344182	-1	0	0	1	
1.772e-08	884	-0.846383	0.0252411	0.531976	0.056703	0.046246	-1	0	0	1	
1.776e-08	886	0.319969	0.912229	0.255847	0.0203413	0.0307135	-1	0	0	1	
1.78e-08	888	0.376096	-0.64719	-0.663097	0.030086	0.0367462	-1	0	0	1	
1.784e-08	890	-0.521745	-0.20739	0.827509	0.0485202	0.0361143	-1	0	0	1	
1.788e-08	892	-0.870501	-0.467484	0.153907	0.0214982	0.0311111	-1	0	0	1	
1.792e-08	894	0.0512029	-0.115079	-0.992036	0.0235145	0.0341734	-1	0	0	1	
1.796e-08	896	0.62239	0.507002	-0.596305	0.0516291	0.0419459	-1	0	0	1	
1.8e-08	898	-0.0895224	0.969761	0.227046	0.050028	0.0366623	-1	0	0	1	
1.804e-08	900	0.56787	-0.794167	0.216383	0.0487464	0.0354211	-1	0	0	1	
