#----------------------------------------------------------------------------------------------------------------------------------------------------------
# Output file for vampire simulation
#   time       : 2022-02-09 13:02:00     process id : 315247
#   hostname   : compute-0-5.local
#   path       : /home/MINT_WS/luknam/WS_dia5/Thickness5/size_7.0_7.0_5nm/Temp_900/random_1
#----------------------------------------------------------------------------------------------------------------------------------------------------------
4e-11	0	0	0	1	1	1	-1	0	0	1	
8e-11	2	-0.00180002	-0.00100292	0.999998	0.998927	0.998929	-1	0	0	1	
1.2e-10	4	-0.00228865	-0.000549581	0.999997	0.997956	0.997848	-1	0	0	1	
1.6e-10	6	-0.00389673	-0.00722552	0.999966	0.996918	0.996779	-1	0	0	1	
2e-10	8	0.00302673	0.00423852	0.999986	0.995667	0.995749	-1	0	0	1	
2.4e-10	10	-0.00506604	0.00490379	0.999975	0.994756	0.994604	-1	0	0	1	
2.8e-10	12	0.00191857	0.000848916	0.999998	0.99352	0.993564	-1	0	0	1	
3.2e-10	14	-0.00367732	-0.00337965	0.999988	0.992251	0.992399	-1	0	0	1	
3.6e-10	16	0.00256053	-0.0111759	0.999934	0.991542	0.991438	-1	0	0	1	
4e-10	18	-0.00617147	0.0135974	0.999889	0.989762	0.99021	-1	0	0	1	
4.4e-10	20	0.00141495	-0.0112282	0.999936	0.988838	0.989195	-1	0	0	1	
4.8e-10	22	0.00275919	-0.0233537	0.999723	0.987895	0.988035	-1	0	0	1	
5.2e-10	24	0.00166963	-0.00919664	0.999956	0.987288	0.986989	-1	0	0	1	
5.6e-10	26	0.00807545	-0.00625849	0.999948	0.985663	0.985734	-1	0	0	1	
6e-10	28	-0.0258065	-0.0245457	0.999366	0.98486	0.984693	-1	0	0	1	
6.4e-10	30	-0.0125269	-0.00595403	0.999904	0.983625	0.983703	-1	0	0	1	
6.8e-10	32	-0.00658885	-0.0114049	0.999913	0.983035	0.982543	-1	0	0	1	
7.2e-10	34	0.00867829	-0.0337136	0.999394	0.982314	0.981528	-1	0	0	1	
7.6e-10	36	-0.00941374	0.00298532	0.999951	0.980373	0.980503	-1	0	0	1	
8e-10	38	0.0149725	-0.0129667	0.999804	0.978985	0.979548	-1	0	0	1	
8.4e-10	40	0.00727203	-0.00539701	0.999959	0.977522	0.978072	-1	0	0	1	
8.8e-10	42	0.0017728	0.0088409	0.999959	0.977365	0.977045	-1	0	0	1	
9.2e-10	44	-0.00469749	0.00464829	0.999978	0.976699	0.976	-1	0	0	1	
9.6e-10	46	-0.00671466	-0.00548136	0.999962	0.973852	0.974955	-1	0	0	1	
1e-09	48	0.00973659	-0.00213839	0.99995	0.974315	0.97367	-1	0	0	1	
1.04e-09	50	-0.0129424	-0.0373094	0.99922	0.973104	0.972888	-1	0	0	1	
1.08e-09	52	0.0299316	0.0134358	0.999462	0.972155	0.971821	-1	0	0	1	
1.12e-09	54	-0.00904117	-0.00450285	0.999949	0.971071	0.97051	-1	0	0	1	
1.16e-09	56	0.0171512	-0.0183277	0.999685	0.970351	0.969258	-1	0	0	1	
1.2e-09	58	-0.0122137	0.0174099	0.999774	0.969519	0.968575	-1	0	0	1	
1.24e-09	60	-0.00968751	-0.00354254	0.999947	0.966302	0.966742	-1	0	0	1	
1.28e-09	62	-0.0273673	-0.00669865	0.999603	0.965214	0.965724	-1	0	0	1	
1.32e-09	64	0.00288895	-0.0181013	0.999832	0.964577	0.964835	-1	0	0	1	
1.36e-09	66	0.013476	-0.0119944	0.999837	0.964005	0.964329	-1	0	0	1	
1.4e-09	68	0.00496032	0.0116921	0.999919	0.963494	0.962781	-1	0	0	1	
1.44e-09	70	0.0261104	-0.0025792	0.999656	0.960693	0.961599	-1	0	0	1	
1.48e-09	72	0.0178134	-0.0221587	0.999596	0.961168	0.960391	-1	0	0	1	
1.52e-09	74	-0.0450318	0.026709	0.998628	0.958985	0.959733	-1	0	0	1	
1.56e-09	76	-0.0116495	0.0366974	0.999259	0.958447	0.958537	-1	0	0	1	
1.6e-09	78	0.00711522	0.009912	0.999926	0.956791	0.956829	-1	0	0	1	
1.64e-09	80	-0.00769247	0.0158158	0.999845	0.955774	0.955596	-1	0	0	1	
1.68e-09	82	0.0168477	-0.0215688	0.999625	0.955314	0.954876	-1	0	0	1	
1.72e-09	84	0.01193	-0.00170882	0.999927	0.95398	0.953378	-1	0	0	1	
1.76e-09	86	0.00764251	0.00861047	0.999934	0.953122	0.952581	-1	0	0	1	
1.8e-09	88	-0.00538468	-0.00917092	0.999943	0.953312	0.951197	-1	0	0	1	
1.84e-09	90	0.00781093	-0.00107102	0.999969	0.950031	0.950203	-1	0	0	1	
1.88e-09	92	-0.000219825	-0.00721529	0.999974	0.949587	0.948797	-1	0	0	1	
1.92e-09	94	0.0116139	0.0107234	0.999875	0.946942	0.948013	-1	0	0	1	
1.96e-09	96	-0.0150955	-0.0246811	0.999581	0.947424	0.946696	-1	0	0	1	
2e-09	98	0.0110207	0.0217603	0.999702	0.945326	0.945516	-1	0	0	1	
2.04e-09	100	0.00872495	-0.0299749	0.999513	0.944124	0.94408	-1	0	0	1	
2.08e-09	102	0.0233982	0.0513776	0.998405	0.943915	0.94292	-1	0	0	1	
2.12e-09	104	-0.0169482	-0.0261073	0.999515	0.942941	0.942036	-1	0	0	1	
2.16e-09	106	0.00590921	0.0268123	0.999623	0.941819	0.94021	-1	0	0	1	
2.2e-09	108	0.018889	-0.0038583	0.999814	0.940415	0.939642	-1	0	0	1	
2.24e-09	110	-0.0100985	0.0314656	0.999454	0.938219	0.937908	-1	0	0	1	
2.28e-09	112	-0.00718101	0.0215832	0.999741	0.936486	0.937121	-1	0	0	1	
2.32e-09	114	-0.0162429	0.0121573	0.999794	0.936924	0.935462	-1	0	0	1	
2.36e-09	116	0.025643	-0.00686272	0.999648	0.935126	0.934268	-1	0	0	1	
2.4e-09	118	-0.008635	0.0203272	0.999756	0.931157	0.933733	-1	0	0	1	
2.44e-09	120	-0.000566783	-0.0227611	0.999741	0.934413	0.932184	-1	0	0	1	
2.48e-09	122	0.017402	0.0230491	0.999583	0.93444	0.931593	-1	0	0	1	
2.52e-09	124	-0.00680927	0.02546	0.999653	0.93057	0.930626	-1	0	0	1	
2.56e-09	126	0.0135859	0.0669437	0.997664	0.929423	0.928574	-1	0	0	1	
2.6e-09	128	0.0185212	0.0322474	0.999308	0.927348	0.927459	-1	0	0	1	
2.64e-09	130	0.0317327	-0.0271648	0.999127	0.927677	0.925397	-1	0	0	1	
2.68e-09	132	-0.0515562	0.0482456	0.997504	0.926883	0.926438	-1	0	0	1	
2.72e-09	134	-0.0132327	0.0389406	0.999154	0.922565	0.924381	-1	0	0	1	
2.76e-09	136	0.0118926	-0.0157988	0.999804	0.924538	0.922507	-1	0	0	1	
2.8e-09	138	0.00907979	0.0180616	0.999796	0.917559	0.921068	-1	0	0	1	
2.84e-09	140	0.0232022	0.0528019	0.998335	0.923758	0.919975	-1	0	0	1	
2.88e-09	142	-0.0250419	0.033352	0.99913	0.917069	0.918904	-1	0	0	1	
2.92e-09	144	0.0312349	-0.0198467	0.999315	0.918218	0.918302	-1	0	0	1	
2.96e-09	146	-0.000133044	0.0352175	0.99938	0.920102	0.917131	-1	0	0	1	
3e-09	148	0.0619646	0.0047687	0.998067	0.914761	0.915205	-1	0	0	1	
3.04e-09	150	-0.0208291	0.0273114	0.99941	0.914304	0.913364	-1	0	0	1	
3.08e-09	152	0.000948803	0.0184031	0.99983	0.913633	0.912581	-1	0	0	1	
3.12e-09	154	0.0686235	0.0264653	0.997292	0.907476	0.9121	-1	0	0	1	
3.16e-09	156	-0.0422733	0.0490468	0.997901	0.910428	0.910827	-1	0	0	1	
3.2e-09	158	-0.0181306	3.4668e-06	0.999836	0.911656	0.910059	-1	0	0	1	
3.24e-09	160	0.000835836	0.0179346	0.999839	0.907104	0.90855	-1	0	0	1	
3.28e-09	162	0.038403	0.0275603	0.998882	0.905131	0.905288	-1	0	0	1	
3.32e-09	164	-0.0253917	-0.00275966	0.999674	0.910929	0.906352	-1	0	0	1	
3.36e-09	166	0.0447658	0.0496799	0.997761	0.90512	0.904677	-1	0	0	1	
3.4e-09	168	0.0159661	-0.0488641	0.998678	0.906239	0.904644	-1	0	0	1	
3.44e-09	170	0.0362732	-0.0311681	0.998856	0.902693	0.900796	-1	0	0	1	
3.48e-09	172	-0.039481	0.0617971	0.997308	0.897742	0.900028	-1	0	0	1	
3.52e-09	174	-0.0541814	-0.0076852	0.998502	0.896917	0.898027	-1	0	0	1	
3.56e-09	176	-0.0180608	0.0268729	0.999476	0.896179	0.897371	-1	0	0	1	
3.6e-09	178	-0.00152061	-0.033754	0.999429	0.899944	0.898321	-1	0	0	1	
3.64e-09	180	0.00297394	0.0290085	0.999575	0.898486	0.897178	-1	0	0	1	
3.68e-09	182	-0.0343661	0.00155383	0.999408	0.898113	0.89503	-1	0	0	1	
3.72e-09	184	0.0517459	-0.0447741	0.997656	0.893391	0.893498	-1	0	0	1	
3.76e-09	186	-0.00909091	-0.0433943	0.999017	0.896112	0.892113	-1	0	0	1	
3.8e-09	188	0.0115932	-0.0311467	0.999448	0.887264	0.890599	-1	0	0	1	
3.84e-09	190	0.0152315	0.0140227	0.999786	0.888907	0.888482	-1	0	0	1	
3.88e-09	192	0.034746	-0.0698684	0.996951	0.886725	0.88878	-1	0	0	1	
3.92e-09	194	0.0320556	-0.00397775	0.999478	0.885957	0.886539	-1	0	0	1	
3.96e-09	196	-0.0179362	-0.0272444	0.999468	0.882194	0.884153	-1	0	0	1	
4e-09	198	0.0114853	0.00573811	0.999918	0.876871	0.883074	-1	0	0	1	
4.04e-09	200	0.0145522	-0.0467328	0.998801	0.881398	0.882488	-1	0	0	1	
4.08e-09	202	0.0368013	-0.0131097	0.999237	0.879937	0.882901	-1	0	0	1	
4.12e-09	204	-0.0149848	0.045859	0.998836	0.882019	0.879142	-1	0	0	1	
4.16e-09	206	-0.127157	-0.0175305	0.991728	0.875953	0.880223	-1	0	0	1	
4.2e-09	208	0.0207451	0.0339594	0.999208	0.879056	0.87815	-1	0	0	1	
4.24e-09	210	0.00615923	-0.0168602	0.999839	0.873276	0.874483	-1	0	0	1	
4.28e-09	212	0.0331972	0.0750133	0.99663	0.878383	0.875321	-1	0	0	1	
4.32e-09	214	0.061827	-0.0471414	0.996973	0.877861	0.87539	-1	0	0	1	
4.36e-09	216	0.0150153	-0.0113457	0.999823	0.875514	0.871879	-1	0	0	1	
4.4e-09	218	-0.0124103	-0.0377117	0.999212	0.867831	0.869873	-1	0	0	1	
4.44e-09	220	0.00292382	-0.0108019	0.999937	0.86944	0.870508	-1	0	0	1	
4.48e-09	222	0.0126489	0.0044801	0.99991	0.869341	0.865935	-1	0	0	1	
4.52e-09	224	-0.0419297	-0.00804351	0.999088	0.867791	0.866789	-1	0	0	1	
4.56e-09	226	-0.0192986	0.00506221	0.999801	0.864049	0.866463	-1	0	0	1	
4.6e-09	228	0.029228	-0.0271716	0.999203	0.859098	0.862875	-1	0	0	1	
4.64e-09	230	-0.0373162	0.00242016	0.999301	0.862169	0.862901	-1	0	0	1	
4.68e-09	232	-0.0852839	0.00380837	0.996349	0.861512	0.861576	-1	0	0	1	
4.72e-09	234	0.00781713	0.00802493	0.999937	0.860951	0.861313	-1	0	0	1	
4.76e-09	236	0.00306135	0.0225453	0.999741	0.853157	0.857964	-1	0	0	1	
4.8e-09	238	-0.0426763	-0.0415479	0.998225	0.855043	0.855611	-1	0	0	1	
4.84e-09	240	-0.0959273	0.0324901	0.994858	0.851119	0.856177	-1	0	0	1	
4.88e-09	242	-0.00548327	-0.0310775	0.999502	0.857712	0.853072	-1	0	0	1	
4.92e-09	244	-0.082461	0.0836129	0.993081	0.857044	0.853851	-1	0	0	1	
4.96e-09	246	0.00553801	-0.0272577	0.999613	0.850164	0.852148	-1	0	0	1	
5e-09	248	0.0173571	0.007588	0.999821	0.853076	0.849655	-1	0	0	1	
5.04e-09	250	-0.00134478	-0.0553145	0.998468	0.854389	0.85091	-1	0	0	1	
5.08e-09	252	0.0463609	0.00166303	0.998923	0.85027	0.848961	-1	0	0	1	
5.12e-09	254	0.0340388	0.031138	0.998935	0.85019	0.846108	-1	0	0	1	
5.16e-09	256	0.000529946	-0.00683246	0.999977	0.851759	0.844986	-1	0	0	1	
5.2e-09	258	-0.0144411	-0.0536231	0.998457	0.846634	0.844314	-1	0	0	1	
5.24e-09	260	0.00195177	-0.0322744	0.999477	0.84005	0.842514	-1	0	0	1	
5.28e-09	262	0.0395033	0.0327542	0.998682	0.843066	0.840412	-1	0	0	1	
5.32e-09	264	0.0502978	-0.0537475	0.997287	0.84721	0.838577	-1	0	0	1	
5.36e-09	266	-0.0341816	-0.110329	0.993307	0.836819	0.834319	-1	0	0	1	
5.4e-09	268	-0.0865834	-0.0405704	0.995418	0.833558	0.835164	-1	0	0	1	
5.44e-09	270	-0.0168762	-0.0397974	0.999065	0.834677	0.834968	-1	0	0	1	
5.48e-09	272	-0.0367636	0.0250363	0.99901	0.822182	0.83079	-1	0	0	1	
5.52e-09	274	-0.0190212	0.0368868	0.999138	0.834188	0.829897	-1	0	0	1	
5.56e-09	276	0.0659642	0.0737615	0.995092	0.830152	0.829925	-1	0	0	1	
5.6e-09	278	0.0193533	-0.0267672	0.999454	0.827451	0.828442	-1	0	0	1	
5.64e-09	280	0.0306547	-0.00719985	0.999504	0.824673	0.825979	-1	0	0	1	
5.68e-09	282	-0.0960688	-0.0277575	0.994988	0.822735	0.824782	-1	0	0	1	
5.72e-09	284	-0.0806056	-0.0192487	0.99656	0.824516	0.82191	-1	0	0	1	
5.76e-09	286	-0.0016378	0.0117053	0.99993	0.831601	0.825125	-1	0	0	1	
5.8e-09	288	0.0709853	0.0217093	0.997241	0.818544	0.821233	-1	0	0	1	
5.84e-09	290	0.0857371	-0.0157588	0.996193	0.824986	0.822987	-1	0	0	1	
5.88e-09	292	0.0232854	-0.0426296	0.99882	0.813817	0.818569	-1	0	0	1	
5.92e-09	294	-0.018763	0.0178138	0.999665	0.813827	0.816143	-1	0	0	1	
5.96e-09	296	-0.0781098	-0.0326434	0.99641	0.820921	0.817294	-1	0	0	1	
6e-09	298	0.0107286	-0.0608312	0.99809	0.811	0.815656	-1	0	0	1	
6.04e-09	300	-0.0543362	-0.0567657	0.996908	0.820008	0.812705	-1	0	0	1	
6.08e-09	302	-0.104752	-0.0139935	0.9944	0.808405	0.812042	-1	0	0	1	
6.12e-09	304	-0.0652833	0.0861665	0.99414	0.80999	0.808797	-1	0	0	1	
6.16e-09	306	0.1134	-0.068531	0.991183	0.810453	0.809533	-1	0	0	1	
6.2e-09	308	-0.0389565	0.0280613	0.998847	0.803084	0.806716	-1	0	0	1	
6.24e-09	310	0.025044	-0.0231734	0.999418	0.808749	0.806002	-1	0	0	1	
6.28e-09	312	0.0511644	0.077632	0.995668	0.810039	0.802596	-1	0	0	1	
6.32e-09	314	0.0666859	0.106336	0.992092	0.796532	0.801501	-1	0	0	1	
6.36e-09	316	-0.0920601	0.00215207	0.995751	0.799494	0.802085	-1	0	0	1	
6.4e-09	318	-0.0537156	0.0230084	0.998291	0.798907	0.79571	-1	0	0	1	
6.44e-09	320	-0.0193107	0.0535478	0.998379	0.806405	0.798636	-1	0	0	1	
6.48e-09	322	0.0754341	-0.0577959	0.995474	0.794122	0.795376	-1	0	0	1	
6.52e-09	324	0.0495091	0.0313995	0.99828	0.795912	0.793002	-1	0	0	1	
6.56e-09	326	-0.0686865	0.0567154	0.996025	0.783968	0.790672	-1	0	0	1	
6.6e-09	328	0.104752	0.0173402	0.994347	0.78909	0.792093	-1	0	0	1	
6.64e-09	330	-0.0358483	-0.104599	0.993868	0.794857	0.788521	-1	0	0	1	
6.68e-09	332	-0.0164327	-0.0387722	0.999113	0.78307	0.786888	-1	0	0	1	
6.72e-09	334	0.0840904	-0.0339585	0.995879	0.785346	0.791428	-1	0	0	1	
6.76e-09	336	-0.0271301	-0.00450188	0.999622	0.786508	0.782454	-1	0	0	1	
6.8e-09	338	0.0214602	-0.0510352	0.998466	0.787819	0.786144	-1	0	0	1	
6.84e-09	340	-0.033987	-0.0405004	0.998601	0.782887	0.781195	-1	0	0	1	
6.88e-09	342	0.0472759	0.0372079	0.998189	0.784679	0.778676	-1	0	0	1	
6.92e-09	344	-0.029305	-0.0252677	0.999251	0.781154	0.778627	-1	0	0	1	
6.96e-09	346	-0.00129944	0.0489325	0.998801	0.782701	0.775622	-1	0	0	1	
7e-09	348	-0.0367392	0.00452838	0.999315	0.777541	0.776209	-1	0	0	1	
7.04e-09	350	0.0113482	0.0383595	0.9992	0.780469	0.774259	-1	0	0	1	
7.08e-09	352	0.00270206	-0.0317431	0.999492	0.769748	0.769971	-1	0	0	1	
7.12e-09	354	0.0734452	0.0550199	0.99578	0.773871	0.77026	-1	0	0	1	
7.16e-09	356	0.0302709	-0.018516	0.99937	0.771105	0.767427	-1	0	0	1	
7.2e-09	358	-0.054854	-0.00781195	0.998464	0.776056	0.76887	-1	0	0	1	
7.24e-09	360	0.0450268	-0.00932625	0.998942	0.752924	0.763684	-1	0	0	1	
7.28e-09	362	0.088501	-0.0361156	0.995421	0.764266	0.762078	-1	0	0	1	
7.32e-09	364	-0.0271438	0.0672759	0.997365	0.770934	0.759266	-1	0	0	1	
7.36e-09	366	0.0345213	0.0361422	0.99875	0.762711	0.762208	-1	0	0	1	
7.4e-09	368	-0.0569086	-0.0179883	0.998217	0.758941	0.757471	-1	0	0	1	
7.44e-09	370	0.0545637	0.131251	0.989846	0.75229	0.755331	-1	0	0	1	
7.48e-09	372	-0.0486042	0.023057	0.998552	0.755682	0.753211	-1	0	0	1	
7.52e-09	374	-0.0185351	0.0388082	0.999075	0.755895	0.749541	-1	0	0	1	
7.56e-09	376	0.153851	-0.128985	0.979639	0.758851	0.752493	-1	0	0	1	
7.6e-09	378	0.042328	0.0374437	0.998402	0.744835	0.750537	-1	0	0	1	
7.64e-09	380	0.0828208	-0.0570836	0.994928	0.751168	0.751312	-1	0	0	1	
7.68e-09	382	0.11724	-0.0152995	0.992986	0.732637	0.742547	-1	0	0	1	
7.72e-09	384	-0.0701241	-0.0343537	0.996947	0.737767	0.744178	-1	0	0	1	
7.76e-09	386	0.0175015	0.223168	0.974623	0.748643	0.744543	-1	0	0	1	
7.8e-09	388	-0.00710438	-0.0534063	0.998548	0.737625	0.739191	-1	0	0	1	
7.84e-09	390	0.00693771	0.0316542	0.999475	0.727801	0.738342	-1	0	0	1	
7.88e-09	392	-0.0765055	-0.0691416	0.994669	0.729308	0.736515	-1	0	0	1	
7.92e-09	394	0.133039	-0.0204295	0.9909	0.735088	0.733351	-1	0	0	1	
7.96e-09	396	-0.0310323	0.07559	0.996656	0.740452	0.732561	-1	0	0	1	
8e-09	398	-0.0570201	0.108651	0.992443	0.738366	0.730549	-1	0	0	1	
8.04e-09	400	0.0627185	-0.085341	0.994376	0.730622	0.726368	-1	0	0	1	
8.08e-09	402	0.045541	0.0734491	0.996259	0.725673	0.72581	-1	0	0	1	
8.12e-09	404	-0.00230503	-0.0531945	0.998582	0.72076	0.724775	-1	0	0	1	
8.16e-09	406	0.0289613	-0.176191	0.98393	0.723269	0.723218	-1	0	0	1	
8.2e-09	408	-0.152498	-0.00990261	0.988254	0.715262	0.724065	-1	0	0	1	
8.24e-09	410	-0.0754801	-0.0133263	0.997058	0.723282	0.723962	-1	0	0	1	
8.28e-09	412	0.0267462	-0.0923172	0.99537	0.724485	0.718542	-1	0	0	1	
8.32e-09	414	0.0674828	0.0759514	0.994825	0.708524	0.716959	-1	0	0	1	
8.36e-09	416	-0.0126615	0.0699973	0.997467	0.702155	0.712185	-1	0	0	1	
8.4e-09	418	-0.0485705	0.0677877	0.996517	0.715437	0.712761	-1	0	0	1	
8.44e-09	420	-0.0455247	-0.0717457	0.996383	0.69798	0.707327	-1	0	0	1	
8.48e-09	422	-0.0743585	-0.00521428	0.997218	0.70875	0.70733	-1	0	0	1	
8.52e-09	424	0.110561	0.0752102	0.99102	0.71115	0.708562	-1	0	0	1	
8.56e-09	426	0.0564817	0.0455894	0.997362	0.711145	0.703293	-1	0	0	1	
8.6e-09	428	0.00602303	0.00689002	0.999958	0.695042	0.70473	-1	0	0	1	
8.64e-09	430	0.0448164	0.0511748	0.997684	0.706373	0.698755	-1	0	0	1	
8.68e-09	432	-0.0991555	-0.0567789	0.993451	0.708416	0.696243	-1	0	0	1	
8.72e-09	434	-0.0485042	-0.00231383	0.99882	0.696017	0.699863	-1	0	0	1	
8.76e-09	436	0.0262973	-0.164955	0.985951	0.69747	0.689102	-1	0	0	1	
8.8e-09	438	0.0149607	-0.068991	0.997505	0.684024	0.689673	-1	0	0	1	
8.84e-09	440	0.0654785	-0.0807653	0.99458	0.686215	0.685278	-1	0	0	1	
8.88e-09	442	0.11923	0.0108282	0.992808	0.699347	0.691273	-1	0	0	1	
8.92e-09	444	-0.0266064	0.0393263	0.998872	0.682389	0.685652	-1	0	0	1	
8.96e-09	446	0.00336555	0.145222	0.989393	0.668713	0.687219	-1	0	0	1	
9e-09	448	-0.0884294	-0.00256223	0.996079	0.683915	0.683465	-1	0	0	1	
9.04e-09	450	-0.0747323	-0.130193	0.988668	0.682786	0.679816	-1	0	0	1	
9.08e-09	452	-0.0534614	-0.0792685	0.995419	0.666567	0.678108	-1	0	0	1	
9.12e-09	454	0.00206492	-0.0791111	0.996864	0.679659	0.675909	-1	0	0	1	
9.16e-09	456	-0.145532	0.0141417	0.989252	0.66661	0.667166	-1	0	0	1	
9.2e-09	458	0.150353	0.00489555	0.98862	0.662004	0.667615	-1	0	0	1	
9.24e-09	460	-0.00388298	0.0336598	0.999426	0.67177	0.668454	-1	0	0	1	
9.28e-09	462	-0.144048	-0.088539	0.985602	0.657183	0.665891	-1	0	0	1	
9.32e-09	464	-0.129948	0.075198	0.988665	0.658145	0.657395	-1	0	0	1	
9.36e-09	466	0.211741	-0.130528	0.96857	0.674031	0.668323	-1	0	0	1	
9.4e-09	468	-0.0498828	-0.133418	0.989804	0.639751	0.655524	-1	0	0	1	
9.44e-09	470	0.0832719	0.123839	0.988802	0.657396	0.653105	-1	0	0	1	
9.48e-09	472	0.110888	-0.0916807	0.989595	0.668017	0.654302	-1	0	0	1	
9.52e-09	474	-0.0911292	0.0269085	0.995475	0.647877	0.646099	-1	0	0	1	
9.56e-09	476	0.118099	0.0727995	0.99033	0.640365	0.646362	-1	0	0	1	
9.6e-09	478	-0.0059462	0.0694987	0.997564	0.653696	0.649981	-1	0	0	1	
9.64e-09	480	0.0836608	0.0394255	0.995714	0.641274	0.640419	-1	0	0	1	
9.68e-09	482	0.0462503	0.0643442	0.996855	0.646763	0.643115	-1	0	0	1	
9.72e-09	484	-0.0113071	-0.123425	0.992289	0.615062	0.644784	-1	0	0	1	
9.76e-09	486	0.0309216	-0.0166816	0.999383	0.642943	0.642116	-1	0	0	1	
9.8e-09	488	-0.0373994	-0.060551	0.997464	0.621987	0.638567	-1	0	0	1	
9.84e-09	490	-0.0297225	0.0158309	0.999433	0.591164	0.631567	-1	0	0	1	
9.88e-09	492	-0.130062	0.0168811	0.991362	0.647463	0.637792	-1	0	0	1	
9.92e-09	494	0.0068382	-0.0645447	0.997891	0.645045	0.629342	-1	0	0	1	
9.96e-09	496	-0.00790373	-0.0278237	0.999582	0.641888	0.622153	-1	0	0	1	
1e-08	498	0.0240195	0.111879	0.993431	0.627822	0.618992	-1	0	0	1	
1.004e-08	500	0.0357889	-0.00582174	0.999342	0.598301	0.61588	-1	0	0	1	
1.008e-08	502	0.0768435	0.0108966	0.996984	0.603991	0.613903	-1	0	0	1	
1.012e-08	504	0.017472	-0.0882664	0.995944	0.615682	0.611464	-1	0	0	1	
1.016e-08	506	0.176601	0.0546096	0.982766	0.619209	0.613327	-1	0	0	1	
1.02e-08	508	0.169224	0.0252898	0.985253	0.602708	0.612421	-1	0	0	1	
1.024e-08	510	0.100787	0.100814	0.989787	0.594226	0.60823	-1	0	0	1	
1.028e-08	512	0.0932787	-0.00098397	0.99564	0.587436	0.599907	-1	0	0	1	
1.032e-08	514	0.078934	0.228251	0.970397	0.608438	0.602878	-1	0	0	1	
1.036e-08	516	0.130121	-0.215886	0.96771	0.610255	0.597227	-1	0	0	1	
1.04e-08	518	0.0240339	-0.035264	0.999089	0.608267	0.585792	-1	0	0	1	
1.044e-08	520	-0.112039	-0.0557413	0.992139	0.586992	0.595421	-1	0	0	1	
1.048e-08	522	0.120019	-0.192883	0.973854	0.597123	0.588219	-1	0	0	1	
1.052e-08	524	-0.0021712	-0.0825843	0.996582	0.568337	0.588845	-1	0	0	1	
1.056e-08	526	-0.139766	-0.0858992	0.986452	0.590691	0.580618	-1	0	0	1	
1.06e-08	528	-0.108471	-0.00351702	0.994093	0.570272	0.583186	-1	0	0	1	
1.064e-08	530	-0.0538969	-0.0679659	0.996231	0.582888	0.578222	-1	0	0	1	
1.068e-08	532	0.0732802	-0.0510053	0.996006	0.585793	0.576229	-1	0	0	1	
1.072e-08	534	-0.0932508	0.186156	0.978085	0.569039	0.567117	-1	0	0	1	
1.076e-08	536	0.0241679	-0.159791	0.986855	0.574563	0.571194	-1	0	0	1	
1.08e-08	538	0.0757294	0.0754693	0.994268	0.554232	0.565912	-1	0	0	1	
1.084e-08	540	0.0360019	0.144977	0.98878	0.561049	0.561312	-1	0	0	1	
1.088e-08	542	-0.0863036	0.0339749	0.995689	0.574927	0.563548	-1	0	0	1	
1.092e-08	544	-0.0040326	0.0971126	0.995265	0.539818	0.551588	-1	0	0	1	
1.096e-08	546	0.0522191	0.0963335	0.993978	0.53324	0.549432	-1	0	0	1	
1.1e-08	548	-0.0562177	-0.255401	0.965199	0.565898	0.545162	-1	0	0	1	
1.104e-08	550	-0.146876	0.0133124	0.989065	0.567884	0.546346	-1	0	0	1	
1.108e-08	552	0.22336	0.0291396	0.9743	0.522233	0.540334	-1	0	0	1	
1.112e-08	554	0.0254439	0.250524	0.967776	0.520992	0.539316	-1	0	0	1	
1.116e-08	556	-0.113265	0.0386943	0.992811	0.531998	0.537108	-1	0	0	1	
1.12e-08	558	0.132889	-0.0165495	0.990993	0.549362	0.54268	-1	0	0	1	
1.124e-08	560	-0.280782	0.22003	0.93421	0.525013	0.527627	-1	0	0	1	
1.128e-08	562	0.0475725	-0.013485	0.998777	0.524512	0.529049	-1	0	0	1	
1.132e-08	564	-0.147298	0.130818	0.980403	0.521802	0.524974	-1	0	0	1	
1.136e-08	566	0.0693502	-0.157918	0.985014	0.515597	0.517174	-1	0	0	1	
1.14e-08	568	-0.0103813	-0.071868	0.99736	0.532351	0.514165	-1	0	0	1	
1.144e-08	570	-0.0657366	-0.281525	0.9573	0.533526	0.519045	-1	0	0	1	
1.148e-08	572	0.104248	-0.125782	0.986565	0.533797	0.499111	-1	0	0	1	
1.152e-08	574	0.027593	-0.332101	0.94284	0.513057	0.505176	-1	0	0	1	
1.156e-08	576	-0.000492765	0.247307	0.968937	0.512316	0.506894	-1	0	0	1	
1.16e-08	578	-0.236232	-0.241342	0.941248	0.51315	0.497339	-1	0	0	1	
1.164e-08	580	0.0280326	0.13002	0.991115	0.454939	0.475202	-1	0	0	1	
1.168e-08	582	0.201328	0.140694	0.969367	0.533423	0.498834	-1	0	0	1	
1.172e-08	584	-0.102714	0.0154787	0.99459	0.502501	0.484451	-1	0	0	1	
1.176e-08	586	0.123913	0.145802	0.981523	0.505712	0.47734	-1	0	0	1	
1.18e-08	588	0.181013	0.315201	0.931602	0.469893	0.470314	-1	0	0	1	
1.184e-08	590	-0.00912061	-0.0967911	0.995263	0.464083	0.471545	-1	0	0	1	
1.188e-08	592	0.0602639	0.471458	0.879827	0.425902	0.468508	-1	0	0	1	
1.192e-08	594	0.0705465	0.0813005	0.99419	0.457337	0.459041	-1	0	0	1	
1.196e-08	596	-0.138764	0.214524	0.966811	0.484384	0.465364	-1	0	0	1	
1.2e-08	598	0.0598165	-0.228635	0.971673	0.404219	0.450589	-1	0	0	1	
1.204e-08	600	0.0883564	0.189489	0.977899	0.444533	0.444796	-1	0	0	1	
1.208e-08	602	-0.160267	0.260673	0.952032	0.424028	0.441388	-1	0	0	1	
1.212e-08	604	0.146219	0.259599	0.954583	0.465304	0.448322	-1	0	0	1	
1.216e-08	606	-0.401297	0.0920451	0.911311	0.389594	0.442599	-1	0	0	1	
1.22e-08	608	0.122961	-0.0990637	0.987455	0.450667	0.443922	-1	0	0	1	
1.224e-08	610	0.174834	-0.0244016	0.984295	0.428339	0.430322	-1	0	0	1	
1.228e-08	612	0.289872	-0.0191307	0.956874	0.434131	0.422731	-1	0	0	1	
1.232e-08	614	0.11144	-0.161667	0.980533	0.408599	0.402707	-1	0	0	1	
1.236e-08	616	0.200814	-0.577795	0.791092	0.387939	0.401796	-1	0	0	1	
1.24e-08	618	0.0659121	-0.0121118	0.997752	0.394133	0.400294	-1	0	0	1	
1.244e-08	620	0.0804269	0.169417	0.982257	0.388899	0.406088	-1	0	0	1	
1.248e-08	622	0.278969	-0.0907901	0.955999	0.374321	0.392716	-1	0	0	1	
1.252e-08	624	-0.480196	0.562362	0.673173	0.391805	0.380529	-1	0	0	1	
1.256e-08	626	0.266732	-0.611079	0.745276	0.382785	0.383012	-1	0	0	1	
1.26e-08	628	0.0245537	-0.2944	0.955367	0.41416	0.384469	-1	0	0	1	
1.264e-08	630	0.0813688	-0.0817169	0.993328	0.376861	0.372229	-1	0	0	1	
1.268e-08	632	-0.141444	0.129661	0.981418	0.403697	0.36571	-1	0	0	1	
1.272e-08	634	0.179906	-0.0171299	-0.983535	0.35371	0.38732	-1	0	0	1	
1.276e-08	636	-0.274412	-0.174542	-0.945639	0.389178	0.386202	-1	0	0	1	
1.28e-08	638	-0.0295342	0.162789	-0.986219	0.403331	0.374351	-1	0	0	1	
1.284e-08	640	0.0547237	-0.116856	-0.99164	0.378945	0.366226	-1	0	0	1	
1.288e-08	642	-0.00979991	0.138797	-0.990272	0.393086	0.344814	-1	0	0	1	
1.292e-08	644	-0.314927	-0.0703027	-0.946508	0.375744	0.363539	-1	0	0	1	
1.296e-08	646	-0.224404	-0.0786409	-0.971318	0.334394	0.370273	-1	0	0	1	
1.3e-08	648	-0.168771	-0.0349665	-0.985035	0.380826	0.354697	-1	0	0	1	
1.304e-08	650	-0.0677648	-0.11018	-0.991599	0.376615	0.348669	-1	0	0	1	
1.308e-08	652	0.434621	0.0266274	-0.90022	0.330313	0.338558	-1	0	0	1	
1.312e-08	654	-0.00478978	0.0515798	-0.998657	0.310129	0.328535	-1	0	0	1	
1.316e-08	656	0.0484512	-0.00523992	-0.998812	0.318541	0.323927	-1	0	0	1	
1.32e-08	658	-0.0653249	0.243819	-0.967618	0.330862	0.321261	-1	0	0	1	
1.324e-08	660	-0.247869	0.204436	-0.946978	0.292967	0.323741	-1	0	0	1	
1.328e-08	662	0.114186	-0.0709476	-0.990923	0.306855	0.300245	-1	0	0	1	
1.332e-08	664	-0.192089	-0.14369	-0.970801	0.28377	0.300948	-1	0	0	1	
1.336e-08	666	-0.31523	-0.146058	-0.937709	0.289425	0.279689	-1	0	0	1	
1.34e-08	668	-0.260613	-0.0550437	-0.963873	0.324125	0.268479	-1	0	0	1	
1.344e-08	670	-0.390352	-0.294398	-0.872327	0.27086	0.28915	-1	0	0	1	
1.348e-08	672	0.281561	0.123066	-0.951619	0.309388	0.282119	-1	0	0	1	
1.352e-08	674	-0.0237753	0.117015	-0.992845	0.274219	0.264001	-1	0	0	1	
1.356e-08	676	0.430621	0.134854	-0.892401	0.271854	0.267641	-1	0	0	1	
1.36e-08	678	-0.235591	-0.217424	-0.947219	0.280214	0.259797	-1	0	0	1	
1.364e-08	680	0.144738	0.329998	-0.932819	0.210927	0.243075	-1	0	0	1	
1.368e-08	682	-0.321219	0.0266442	-0.94663	0.0755638	0.193593	-1	0	0	1	
1.372e-08	684	0.201177	0.319007	-0.926155	0.29361	0.248625	-1	0	0	1	
1.376e-08	686	0.0163093	-0.0944549	-0.995396	0.207946	0.230232	-1	0	0	1	
1.38e-08	688	0.257896	-0.311966	-0.914422	0.102209	0.191578	-1	0	0	1	
1.384e-08	690	-0.0893249	-0.131806	-0.987243	0.231171	0.196044	-1	0	0	1	
1.388e-08	692	-0.0921441	-0.0610885	-0.99387	0.198449	0.181383	-1	0	0	1	
1.392e-08	694	-0.166351	-0.612849	-0.772492	0.129271	0.14711	-1	0	0	1	
1.396e-08	696	0.146102	-0.149923	-0.977843	0.170836	0.164215	-1	0	0	1	
1.4e-08	698	-0.224412	-0.18918	-0.955955	0.24032	0.167024	-1	0	0	1	
1.404e-08	700	-0.255732	-0.471088	-0.844202	0.157566	0.150348	-1	0	0	1	
1.408e-08	702	0.194877	-0.245262	-0.949668	0.110771	0.155602	-1	0	0	1	
1.412e-08	704	-0.132024	-0.285423	-0.949265	0.138916	0.133695	-1	0	0	1	
1.416e-08	706	0.413443	0.124026	-0.902044	0.121286	0.117454	-1	0	0	1	
1.42e-08	708	-0.469179	-0.242457	-0.849168	0.134778	0.138369	-1	0	0	1	
1.424e-08	710	0.784807	-0.252027	-0.566181	0.104025	0.12219	-1	0	0	1	
1.428e-08	712	-0.467626	-0.852878	-0.232218	0.0731129	0.091479	-1	0	0	1	
1.432e-08	714	-0.577283	0.784527	0.22641	0.0588096	0.110873	-1	0	0	1	
1.436e-08	716	-0.143449	-0.850288	-0.506393	0.0874447	0.0873255	-1	0	0	1	
1.44e-08	718	0.429937	0.841675	0.326706	0.0209811	0.118152	-1	0	0	1	
1.444e-08	720	0.0530334	0.147692	0.987611	0.0481762	0.0868957	-1	0	0	1	
1.448e-08	722	-0.701976	-0.127171	-0.700755	0.100319	0.0778823	-1	0	0	1	
1.452e-08	724	0.819126	-0.14587	-0.554757	0.139561	0.108449	-1	0	0	1	
1.456e-08	726	-0.654354	0.163696	-0.738258	0.045729	0.0847757	-1	0	0	1	
1.46e-08	728	-0.773249	-0.387253	-0.502117	0.0523597	0.0821799	-1	0	0	1	
1.464e-08	730	-0.595687	-0.765727	-0.242527	0.0145676	0.0850492	-1	0	0	1	
1.468e-08	732	-0.049072	0.516681	-0.854771	0.100721	0.0833445	-1	0	0	1	
1.472e-08	734	0.552504	0.187589	-0.812127	0.108825	0.0717176	-1	0	0	1	
1.476e-08	736	0.421466	0.896204	-0.138507	0.0609639	0.0671514	-1	0	0	1	
1.48e-08	738	-0.698099	0.138252	-0.702527	0.126399	0.0766205	-1	0	0	1	
1.484e-08	740	-0.620891	0.645293	-0.445075	0.0801412	0.0808534	-1	0	0	1	
1.488e-08	742	-0.318326	-0.0381148	-0.947215	0.101349	0.0791601	-1	0	0	1	
1.492e-08	744	0.668368	-0.659762	0.34351	0.074317	0.0625084	-1	0	0	1	
1.496e-08	746	-0.761981	-0.0943505	-0.64069	0.0254582	0.0628061	-1	0	0	1	
1.5e-08	748	-0.0770598	0.240607	0.967559	0.0216629	0.0632673	-1	0	0	1	
1.504e-08	750	-0.529171	0.662753	-0.529846	0.0691205	0.062772	-1	0	0	1	
1.508e-08	752	-0.161927	0.312876	-0.935889	0.117687	0.0639747	-1	0	0	1	
1.512e-08	754	-0.830524	0.381779	-0.405555	0.0252162	0.0559095	-1	0	0	1	
1.516e-08	756	-0.70411	-0.0943475	-0.703795	0.0507318	0.0481368	-1	0	0	1	
1.52e-08	758	0.249806	-0.398097	-0.882675	0.0688695	0.0528092	-1	0	0	1	
1.524e-08	760	-0.673904	-0.11533	-0.729762	0.0872569	0.069064	-1	0	0	1	
1.528e-08	762	0.154846	-0.607389	-0.779167	0.0339108	0.0523051	-1	0	0	1	
1.532e-08	764	-0.317506	-0.234932	-0.918693	0.0823999	0.0439088	-1	0	0	1	
1.536e-08	766	-0.416262	0.171665	-0.892893	0.0372091	0.0503583	-1	0	0	1	
1.54e-08	768	-0.646329	-0.641662	-0.412951	0.0398829	0.0529925	-1	0	0	1	
1.544e-08	770	0.325313	0.142538	-0.934802	0.0730906	0.0553401	-1	0	0	1	
1.548e-08	772	0.908993	-0.0647791	-0.411748	0.0652917	0.0458811	-1	0	0	1	
1.552e-08	774	0.154836	0.878829	-0.451315	0.0232382	0.0495111	-1	0	0	1	
1.556e-08	776	-0.18056	-0.1368	-0.974004	0.0449995	0.0463809	-1	0	0	1	
1.56e-08	778	0.65062	0.725778	0.223472	0.0321168	0.0441155	-1	0	0	1	
1.564e-08	780	0.352753	-0.426475	0.832877	0.0387625	0.0524444	-1	0	0	1	
1.568e-08	782	-0.922905	0.150197	-0.354523	0.0679933	0.039597	-1	0	0	1	
1.572e-08	784	0.340706	-0.82901	-0.443465	0.0653027	0.0536831	-1	0	0	1	
1.576e-08	786	0.120914	-0.364894	-0.923164	0.0662643	0.0416003	-1	0	0	1	
1.58e-08	788	0.447933	0.668693	0.593469	0.0415309	0.0485424	-1	0	0	1	
1.584e-08	790	-0.74163	-0.190691	0.643134	0.0405353	0.0514937	-1	0	0	1	
1.588e-08	792	0.276308	-0.739364	0.613999	0.027422	0.0349945	-1	0	0	1	
1.592e-08	794	0.675293	0.218391	-0.704475	0.0728706	0.0485465	-1	0	0	1	
1.596e-08	796	0.720994	-0.461293	-0.517084	0.0178761	0.0388753	-1	0	0	1	
1.6e-08	798	0.0516598	0.0524363	-0.997287	0.0633088	0.0430937	-1	0	0	1	
1.604e-08	800	-0.0590409	-0.981059	0.184494	0.0556334	0.0391377	-1	0	0	1	
1.608e-08	802	-0.897189	0.418666	-0.140609	0.0868364	0.0436999	-1	0	0	1	
1.612e-08	804	-0.0347042	-0.0600917	-0.997589	0.038712	0.0458289	-1	0	0	1	
1.616e-08	806	0.132067	-0.378012	-0.916333	0.0488991	0.0485259	-1	0	0	1	
1.62e-08	808	0.0226045	0.740305	0.671892	0.0317641	0.0445245	-1	0	0	1	
1.624e-08	810	0.275762	0.829169	0.486244	0.0507148	0.0427477	-1	0	0	1	
1.628e-08	812	-0.0446644	-0.11125	0.992788	0.0301081	0.0332416	-1	0	0	1	
1.632e-08	814	0.74165	0.493603	-0.454215	0.0190608	0.0471981	-1	0	0	1	
1.636e-08	816	-0.187706	0.331321	-0.924658	0.0424835	0.0419162	-1	0	0	1	
1.64e-08	818	0.26823	-0.962799	-0.032731	0.0806685	0.0386098	-1	0	0	1	
1.644e-08	820	0.483288	0.350397	-0.802281	0.0347979	0.0389704	-1	0	0	1	
1.648e-08	822	0.159215	-0.86535	-0.475205	0.0652896	0.0430324	-1	0	0	1	
1.652e-08	824	-0.10016	-0.0174441	-0.994818	0.0252252	0.0375198	-1	0	0	1	
1.656e-08	826	0.622505	-0.780526	-0.0571526	0.0283044	0.0310861	-1	0	0	1	
1.66e-08	828	0.55451	0.796641	-0.240586	0.0372284	0.0425502	-1	0	0	1	
1.664e-08	830	-0.951589	-0.199514	0.233823	0.0579934	0.0381932	-1	0	0	1	
1.668e-08	832	0.223447	-0.287594	0.931322	0.0483838	0.0344595	-1	0	0	1	
1.672e-08	834	-0.922452	-0.0536319	0.382369	0.0404469	0.0410898	-1	0	0	1	
1.676e-08	836	0.921086	-0.376285	0.100053	0.0380808	0.0382917	-1	0	0	1	
1.68e-08	838	-0.0436068	-0.86152	-0.505847	0.0249499	0.0465321	-1	0	0	1	
1.684e-08	840	-0.193913	-0.00185841	-0.981017	0.0422274	0.0442123	-1	0	0	1	
1.688e-08	842	-0.188443	0.896128	-0.401802	0.0310495	0.0309364	-1	0	0	1	
1.692e-08	844	0.50851	0.613658	-0.604021	0.0126906	0.0349485	-1	0	0	1	
1.696e-08	846	-0.171992	-0.143005	-0.974663	0.0361439	0.027506	-1	0	0	1	
1.7e-08	848	0.074393	-0.124475	-0.98943	0.0181307	0.0361422	-1	0	0	1	
1.704e-08	850	0.866886	0.497483	-0.0319204	0.0359704	0.029241	-1	0	0	1	
1.708e-08	852	-0.0617715	0.591951	-0.803604	0.0317723	0.0339633	-1	0	0	1	
1.712e-08	854	-0.59203	0.482737	0.645341	0.0501334	0.0389158	-1	0	0	1	
1.716e-08	856	0.254532	-0.377028	0.890541	0.0262347	0.0322918	-1	0	0	1	
1.72e-08	858	-0.794102	-0.289856	0.534215	0.0412505	0.0385291	-1	0	0	1	
1.724e-08	860	0.251031	-0.343091	-0.905137	0.022672	0.033424	-1	0	0	1	
1.728e-08	862	-0.497627	-0.103201	-0.86123	0.0314145	0.033565	-1	0	0	1	
1.732e-08	864	0.230243	-0.881777	0.411653	0.0211388	0.0301096	-1	0	0	1	
1.736e-08	866	0.72006	0.560588	0.408969	0.0332753	0.0279787	-1	0	0	1	
1.74e-08	868	0.758046	-0.216446	-0.615238	0.0426627	0.0303313	-1	0	0	1	
1.744e-08	870	-0.236737	-0.775897	0.584755	0.0207428	0.0277465	-1	0	0	1	
1.748e-08	872	0.0867023	0.744808	0.661622	0.0356	0.0305	-1	0	0	1	
1.752e-08	874	-0.110794	-0.0452811	-0.992811	0.016514	0.0244413	-1	0	0	1	
1.756e-08	876	-0.321918	-0.928304	-0.186066	0.0152612	0.0392578	-1	0	0	1	
1.76e-08	878	0.926597	-0.189836	-0.324622	0.0277623	0.0352167	-1	0	0	1	
1.764e-08	880	0.948414	0.0105061	0.31686	0.016712	0.0278398	-1	0	0	1	
1.768e-08	882	-0.606883	-0.794762	0.00675322	0.0395175	0.0381217	-1	0	0	1	
1.772e-08	884	0.00622525	0.0927933	-0.995666	0.0289564	0.0327081	-1	0	0	1	
1.776e-08	886	-0.643407	0.592817	0.48435	0.0465204	0.0336416	-1	0	0	1	
1.78e-08	888	0.789829	-0.408737	0.457279	0.0289936	0.0289224	-1	0	0	1	
1.784e-08	890	-0.196572	0.729704	0.654898	0.0422277	0.0389929	-1	0	0	1	
1.788e-08	892	0.826095	0.195721	-0.528451	0.0168199	0.0325455	-1	0	0	1	
1.792e-08	894	-0.362341	-0.624322	-0.692049	0.0338892	0.0242398	-1	0	0	1	
1.796e-08	896	-0.025967	0.967526	-0.251433	0.018423	0.0298074	-1	0	0	1	
1.8e-08	898	0.358341	0.825695	-0.435683	0.0319047	0.0295449	-1	0	0	1	
1.804e-08	900	-0.227569	0.610636	-0.758509	0.00896743	0.0272055	-1	0	0	1	
