#----------------------------------------------------------------------------------------------------------------------------------------------------------
# Output file for vampire simulation
#   time       : 2022-02-09 13:02:18     process id : 36138
#   hostname   : compute-0-1.local
#   path       : /home/MINT_WS/luknam/WS_dia5/Thickness5/size_8.0_8.0_5nm/Temp_900/random_1
#----------------------------------------------------------------------------------------------------------------------------------------------------------
4e-11	0	0	0	1	1	1	-1	0	0	1	
8e-11	2	-0.00246644	-4.05109e-05	0.999997	0.998944	0.99894	-1	0	0	1	
1.2e-10	4	-0.00215602	0.00036795	0.999998	0.99789	0.997886	-1	0	0	1	
1.6e-10	6	0.00513781	0.00994582	0.999937	0.996791	0.996836	-1	0	0	1	
2e-10	8	0.00642898	-0.00186243	0.999978	0.99576	0.995777	-1	0	0	1	
2.4e-10	10	-0.00910178	0.0102764	0.999906	0.994686	0.994646	-1	0	0	1	
2.8e-10	12	0.00413747	0.00163934	0.99999	0.993724	0.993607	-1	0	0	1	
3.2e-10	14	0.00771794	-0.000103968	0.99997	0.992489	0.992476	-1	0	0	1	
3.6e-10	16	-0.00678225	0.00134778	0.999976	0.991508	0.99147	-1	0	0	1	
4e-10	18	0.000123301	-0.000682726	1	0.990658	0.990327	-1	0	0	1	
4.4e-10	20	0.00320573	-0.00118751	0.999994	0.989486	0.989436	-1	0	0	1	
4.8e-10	22	0.0155697	0.00280339	0.999875	0.988402	0.988286	-1	0	0	1	
5.2e-10	24	-0.0115019	-0.00923723	0.999891	0.987377	0.987196	-1	0	0	1	
5.6e-10	26	-0.00339612	-0.00535315	0.99998	0.985821	0.985985	-1	0	0	1	
6e-10	28	0.00315595	-0.0137835	0.9999	0.984946	0.984873	-1	0	0	1	
6.4e-10	30	0.00758101	0.00475737	0.99996	0.984372	0.98389	-1	0	0	1	
6.8e-10	32	0.00406718	-0.0119037	0.999921	0.98278	0.982898	-1	0	0	1	
7.2e-10	34	0.0144024	0.00762268	0.999867	0.981457	0.981821	-1	0	0	1	
7.6e-10	36	0.0142811	0.0109577	0.999838	0.981512	0.980651	-1	0	0	1	
8e-10	38	-0.0219199	-0.0124015	0.999683	0.979269	0.97938	-1	0	0	1	
8.4e-10	40	-0.0197905	-0.00286643	0.9998	0.97816	0.978416	-1	0	0	1	
8.8e-10	42	0.0105647	0.0145627	0.999838	0.977663	0.977334	-1	0	0	1	
9.2e-10	44	-0.017123	-0.00422364	0.999844	0.976775	0.976226	-1	0	0	1	
9.6e-10	46	0.0162192	-0.024383	0.999571	0.97439	0.975245	-1	0	0	1	
1e-09	48	-0.00583721	0.00089291	0.999983	0.972928	0.97391	-1	0	0	1	
1.04e-09	50	0.00907187	0.00096292	0.999958	0.97192	0.972965	-1	0	0	1	
1.08e-09	52	-0.00845087	0.00858804	0.999927	0.971661	0.97173	-1	0	0	1	
1.12e-09	54	-0.0151879	-0.00420806	0.999876	0.971608	0.970757	-1	0	0	1	
1.16e-09	56	0.00583522	-0.00377149	0.999976	0.970147	0.969516	-1	0	0	1	
1.2e-09	58	0.0074212	0.00809896	0.99994	0.968572	0.968293	-1	0	0	1	
1.24e-09	60	-0.0160041	0.0145321	0.999766	0.967661	0.967219	-1	0	0	1	
1.28e-09	62	-0.00577409	0.00475345	0.999972	0.966189	0.966114	-1	0	0	1	
1.32e-09	64	0.000454001	-0.0433137	0.999061	0.964363	0.964869	-1	0	0	1	
1.36e-09	66	0.00412619	0.00532109	0.999977	0.963439	0.963417	-1	0	0	1	
1.4e-09	68	0.00445409	0.0142205	0.999889	0.964496	0.962837	-1	0	0	1	
1.44e-09	70	-0.0148287	0.0156872	0.999767	0.961589	0.961866	-1	0	0	1	
1.48e-09	72	0.0186379	0.012698	0.999746	0.961025	0.960928	-1	0	0	1	
1.52e-09	74	-0.00275566	0.00484493	0.999984	0.95972	0.960074	-1	0	0	1	
1.56e-09	76	-0.000596769	-0.0193004	0.999814	0.959354	0.959183	-1	0	0	1	
1.6e-09	78	0.0103435	-0.000341044	0.999946	0.956717	0.956888	-1	0	0	1	
1.64e-09	80	-0.00162531	-0.0123803	0.999922	0.95654	0.956005	-1	0	0	1	
1.68e-09	82	0.0146627	-0.016091	0.999763	0.955121	0.955252	-1	0	0	1	
1.72e-09	84	-0.0173727	0.0195809	0.999657	0.953059	0.953943	-1	0	0	1	
1.76e-09	86	0.0354013	-0.0010747	0.999373	0.951495	0.952557	-1	0	0	1	
1.8e-09	88	0.00719807	-0.0152415	0.999858	0.952535	0.951823	-1	0	0	1	
1.84e-09	90	0.00173908	0.0302841	0.99954	0.949396	0.950587	-1	0	0	1	
1.88e-09	92	0.0133011	0.00733674	0.999885	0.948588	0.949144	-1	0	0	1	
1.92e-09	94	-0.0305788	0.00177455	0.999531	0.947843	0.948345	-1	0	0	1	
1.96e-09	96	-0.0292348	0.0186252	0.999399	0.947626	0.947237	-1	0	0	1	
2e-09	98	-0.0120367	-0.0087176	0.99989	0.94676	0.945626	-1	0	0	1	
2.04e-09	100	-0.00147963	-0.00840372	0.999964	0.943773	0.944479	-1	0	0	1	
2.08e-09	102	0.00837601	0.00305422	0.99996	0.946898	0.944067	-1	0	0	1	
2.12e-09	104	0.00776455	0.00672958	0.999947	0.941721	0.942665	-1	0	0	1	
2.16e-09	106	-0.021529	0.0123247	0.999692	0.940045	0.940873	-1	0	0	1	
2.2e-09	108	-0.0367376	-0.0144717	0.99922	0.940409	0.940053	-1	0	0	1	
2.24e-09	110	-0.0272033	0.0152902	0.999513	0.937318	0.938467	-1	0	0	1	
2.28e-09	112	0.00344264	-0.010384	0.99994	0.937803	0.937965	-1	0	0	1	
2.32e-09	114	-0.0122483	-0.0110379	0.999864	0.937521	0.936963	-1	0	0	1	
2.36e-09	116	-0.0106761	0.00816372	0.99991	0.936135	0.935914	-1	0	0	1	
2.4e-09	118	-0.0132617	0.0290668	0.999489	0.935594	0.934729	-1	0	0	1	
2.44e-09	120	-0.000748392	-0.000888724	0.999999	0.929728	0.932359	-1	0	0	1	
2.48e-09	122	-0.0143436	-0.00177381	0.999896	0.931238	0.931466	-1	0	0	1	
2.52e-09	124	-0.0385811	0.0144079	0.999152	0.929366	0.930839	-1	0	0	1	
2.56e-09	126	-0.0019946	-0.00354727	0.999992	0.9288	0.929094	-1	0	0	1	
2.6e-09	128	-0.0158958	0.0154831	0.999754	0.928618	0.927371	-1	0	0	1	
2.64e-09	130	0.0303353	0.0135385	0.999448	0.924433	0.926811	-1	0	0	1	
2.68e-09	132	0.00358461	-0.00412298	0.999985	0.925742	0.925904	-1	0	0	1	
2.72e-09	134	0.0119579	-0.0148541	0.999818	0.923369	0.924741	-1	0	0	1	
2.76e-09	136	0.024299	0.013983	0.999607	0.926458	0.923644	-1	0	0	1	
2.8e-09	138	-0.017721	-0.00654452	0.999822	0.921842	0.922733	-1	0	0	1	
2.84e-09	140	0.0249117	0.0249821	0.999377	0.919935	0.921226	-1	0	0	1	
2.88e-09	142	-0.015117	0.0138375	0.99979	0.919217	0.919749	-1	0	0	1	
2.92e-09	144	0.0364437	0.00284564	0.999332	0.918754	0.918503	-1	0	0	1	
2.96e-09	146	-0.04774	0.011844	0.99879	0.917543	0.917939	-1	0	0	1	
3e-09	148	-0.0274087	-0.00949079	0.999579	0.917513	0.915801	-1	0	0	1	
3.04e-09	150	-0.0558933	0.0330654	0.997889	0.918405	0.915323	-1	0	0	1	
3.08e-09	152	-0.0222624	-0.00654956	0.999731	0.913694	0.913998	-1	0	0	1	
3.12e-09	154	-0.04969	0.0241942	0.998472	0.91036	0.911713	-1	0	0	1	
3.16e-09	156	0.0276865	0.0664162	0.997408	0.910464	0.910167	-1	0	0	1	
3.2e-09	158	0.0653867	0.0327276	0.997323	0.908954	0.909968	-1	0	0	1	
3.24e-09	160	0.0535196	-0.0456076	0.997525	0.909416	0.90938	-1	0	0	1	
3.28e-09	162	-0.0608698	-0.0155628	0.998024	0.908247	0.907368	-1	0	0	1	
3.32e-09	164	-0.0154179	0.0106103	0.999825	0.908418	0.907054	-1	0	0	1	
3.36e-09	166	-0.00432546	0.0202844	0.999785	0.904799	0.904921	-1	0	0	1	
3.4e-09	168	-0.00548967	-0.0168668	0.999843	0.904022	0.903834	-1	0	0	1	
3.44e-09	170	-0.0189926	-0.00411664	0.999811	0.902687	0.902276	-1	0	0	1	
3.48e-09	172	-0.0062331	0.0495484	0.998752	0.902296	0.900778	-1	0	0	1	
3.52e-09	174	0.035844	0.0190546	0.999176	0.899405	0.900047	-1	0	0	1	
3.56e-09	176	-0.0189988	-0.0158364	0.999694	0.898586	0.898987	-1	0	0	1	
3.6e-09	178	-0.0136719	0.0684296	0.997562	0.895822	0.896793	-1	0	0	1	
3.64e-09	180	-0.0258859	-0.0118764	0.999594	0.899859	0.897086	-1	0	0	1	
3.68e-09	182	-0.01644	-0.0161894	0.999734	0.894847	0.894154	-1	0	0	1	
3.72e-09	184	-0.02447	0.0162757	0.999568	0.88958	0.894404	-1	0	0	1	
3.76e-09	186	0.0262387	0.0424651	0.998753	0.896529	0.892263	-1	0	0	1	
3.8e-09	188	0.026826	-0.0111814	0.999578	0.890515	0.891003	-1	0	0	1	
3.84e-09	190	0.00387432	-0.0263704	0.999645	0.887522	0.890746	-1	0	0	1	
3.88e-09	192	-0.00485713	0.00474425	0.999977	0.890694	0.8883	-1	0	0	1	
3.92e-09	194	0.0326718	-0.0544455	0.997982	0.890498	0.887768	-1	0	0	1	
3.96e-09	196	-0.00916687	0.0354239	0.99933	0.887376	0.885034	-1	0	0	1	
4e-09	198	-0.0233841	-0.0537021	0.998283	0.884363	0.885476	-1	0	0	1	
4.04e-09	200	-0.0214922	0.0216373	0.999535	0.889012	0.884599	-1	0	0	1	
4.08e-09	202	0.0296946	-0.00808514	0.999526	0.88283	0.882955	-1	0	0	1	
4.12e-09	204	0.0039228	0.0182944	0.999825	0.883026	0.880589	-1	0	0	1	
4.16e-09	206	-0.00492918	0.0591815	0.998235	0.87843	0.879379	-1	0	0	1	
4.2e-09	208	0.0259963	0.0368582	0.998982	0.881145	0.879893	-1	0	0	1	
4.24e-09	210	0.00172043	0.0118766	0.999928	0.87606	0.877596	-1	0	0	1	
4.28e-09	212	-0.0346081	-0.0229327	0.999138	0.874747	0.875323	-1	0	0	1	
4.32e-09	214	0.00873138	0.0159789	0.999834	0.871422	0.871985	-1	0	0	1	
4.36e-09	216	0.0203786	-0.0316799	0.99929	0.869898	0.872491	-1	0	0	1	
4.4e-09	218	0.00196189	0.00208087	0.999996	0.870812	0.872201	-1	0	0	1	
4.44e-09	220	0.0205453	0.0740181	0.997045	0.873778	0.870177	-1	0	0	1	
4.48e-09	222	0.0412629	0.014454	0.999044	0.866862	0.86799	-1	0	0	1	
4.52e-09	224	0.0126393	-0.0229887	0.999656	0.863082	0.867387	-1	0	0	1	
4.56e-09	226	0.0146282	0.0111568	0.999831	0.865702	0.8683	-1	0	0	1	
4.6e-09	228	-0.0441832	-0.0585562	0.997306	0.867089	0.866058	-1	0	0	1	
4.64e-09	230	-0.0218717	-0.0123679	0.999684	0.86305	0.863447	-1	0	0	1	
4.68e-09	232	-0.00794155	0.0191966	0.999784	0.866279	0.862381	-1	0	0	1	
4.72e-09	234	-0.0486607	0.012452	0.998738	0.857565	0.860666	-1	0	0	1	
4.76e-09	236	-0.0313878	0.0171747	0.99936	0.858798	0.858695	-1	0	0	1	
4.8e-09	238	0.0238069	0.0107139	0.999659	0.863774	0.859743	-1	0	0	1	
4.84e-09	240	-0.0170658	0.0178383	0.999695	0.857552	0.858635	-1	0	0	1	
4.88e-09	242	-0.0499565	0.00851261	0.998715	0.858423	0.854841	-1	0	0	1	
4.92e-09	244	-0.0637304	-0.0227283	0.997708	0.85209	0.855336	-1	0	0	1	
4.96e-09	246	-0.0300281	-0.0153155	0.999432	0.849809	0.853105	-1	0	0	1	
5e-09	248	0.0549253	-0.0460805	0.997427	0.852107	0.851582	-1	0	0	1	
5.04e-09	250	0.047364	0.0222241	0.99863	0.85427	0.850747	-1	0	0	1	
5.08e-09	252	-0.0492341	0.0436688	0.997832	0.848219	0.848521	-1	0	0	1	
5.12e-09	254	0.0422761	0.0174305	0.998954	0.845121	0.847126	-1	0	0	1	
5.16e-09	256	0.0260913	0.00667043	0.999637	0.851163	0.84751	-1	0	0	1	
5.2e-09	258	0.0172256	0.0303696	0.99939	0.853973	0.844785	-1	0	0	1	
5.24e-09	260	0.0366189	0.0525504	0.997947	0.845926	0.842247	-1	0	0	1	
5.28e-09	262	-0.0268893	0.0391441	0.998872	0.833794	0.839897	-1	0	0	1	
5.32e-09	264	-0.0136006	-0.0265203	0.999556	0.838534	0.840379	-1	0	0	1	
5.36e-09	266	0.0461247	-0.0381736	0.998206	0.844325	0.839023	-1	0	0	1	
5.4e-09	268	0.00636257	0.0709543	0.997459	0.835718	0.835469	-1	0	0	1	
5.44e-09	270	-0.0327867	-0.0679288	0.997151	0.841771	0.835803	-1	0	0	1	
5.48e-09	272	-0.0218954	-0.0478393	0.998615	0.834844	0.832851	-1	0	0	1	
5.52e-09	274	0.0425792	-0.055892	0.997528	0.834847	0.83333	-1	0	0	1	
5.56e-09	276	-0.0168035	-0.029887	0.999412	0.830907	0.829442	-1	0	0	1	
5.6e-09	278	0.0205036	0.0469779	0.998685	0.835464	0.829604	-1	0	0	1	
5.64e-09	280	0.0129317	-0.118474	0.992873	0.828014	0.828813	-1	0	0	1	
5.68e-09	282	-0.0708914	0.00607811	0.997466	0.830501	0.830787	-1	0	0	1	
5.72e-09	284	0.0333643	-0.0359886	0.998795	0.825376	0.826558	-1	0	0	1	
5.76e-09	286	0.00568902	-0.0601925	0.998171	0.817193	0.824454	-1	0	0	1	
5.8e-09	288	-0.047895	-0.0138404	0.998756	0.825112	0.822731	-1	0	0	1	
5.84e-09	290	0.0654744	-0.00523704	0.997841	0.824505	0.821666	-1	0	0	1	
5.88e-09	292	0.0623017	0.0799623	0.994849	0.820134	0.821454	-1	0	0	1	
5.92e-09	294	0.0181941	0.0147439	0.999726	0.815245	0.817639	-1	0	0	1	
5.96e-09	296	-0.00921983	0.000911945	0.999957	0.821711	0.818131	-1	0	0	1	
6e-09	298	0.0304125	-0.0210981	0.999315	0.813257	0.815698	-1	0	0	1	
6.04e-09	300	-0.0795121	-0.0587762	0.9951	0.811802	0.812964	-1	0	0	1	
6.08e-09	302	0.0643742	-0.0269891	0.997561	0.802793	0.811968	-1	0	0	1	
6.12e-09	304	0.0265034	0.0575271	0.997992	0.805116	0.809966	-1	0	0	1	
6.16e-09	306	0.0391035	0.0130415	0.99915	0.813858	0.811028	-1	0	0	1	
6.2e-09	308	0.0229964	0.0285614	0.999327	0.810117	0.807398	-1	0	0	1	
6.24e-09	310	-0.003665	0.0440821	0.999021	0.813856	0.807266	-1	0	0	1	
6.28e-09	312	0.0737893	0.0311353	0.996788	0.796989	0.805599	-1	0	0	1	
6.32e-09	314	-0.0114798	0.0434964	0.998988	0.795657	0.802075	-1	0	0	1	
6.36e-09	316	-0.00151367	-0.0288074	0.999584	0.79612	0.802324	-1	0	0	1	
6.4e-09	318	0.029017	0.0580084	0.997894	0.791751	0.79692	-1	0	0	1	
6.44e-09	320	0.000846875	0.0455514	0.998962	0.804947	0.798786	-1	0	0	1	
6.48e-09	322	-0.0400355	0.0962183	0.994555	0.804128	0.799577	-1	0	0	1	
6.52e-09	324	-0.0825005	0.0185994	0.996417	0.80158	0.796447	-1	0	0	1	
6.56e-09	326	0.0342354	0.042123	0.998526	0.79404	0.795472	-1	0	0	1	
6.6e-09	328	0.0874924	0.0800037	0.992947	0.79357	0.793286	-1	0	0	1	
6.64e-09	330	0.00879885	-0.0821854	0.996578	0.791207	0.791156	-1	0	0	1	
6.68e-09	332	-0.0706422	-0.0103084	0.997448	0.797834	0.788936	-1	0	0	1	
6.72e-09	334	0.0386815	-0.0195916	0.99906	0.784159	0.786927	-1	0	0	1	
6.76e-09	336	-0.017402	0.0183536	0.99968	0.783291	0.786915	-1	0	0	1	
6.8e-09	338	-0.0187057	-0.00793103	0.999794	0.78867	0.784999	-1	0	0	1	
6.84e-09	340	-0.0067938	0.041355	0.999121	0.784564	0.784391	-1	0	0	1	
6.88e-09	342	-0.00323095	-0.0840302	0.996458	0.784962	0.781209	-1	0	0	1	
6.92e-09	344	-0.0173664	0.0283665	0.999447	0.790234	0.781055	-1	0	0	1	
6.96e-09	346	0.0391878	0.0391678	0.998464	0.776005	0.777876	-1	0	0	1	
7e-09	348	0.0603777	0.0365177	0.997507	0.772759	0.776162	-1	0	0	1	
7.04e-09	350	0.111215	0.0550216	0.992272	0.775125	0.77453	-1	0	0	1	
7.08e-09	352	0.0108053	0.0679119	0.997633	0.777136	0.774777	-1	0	0	1	
7.12e-09	354	-0.0907419	0.0124779	0.995796	0.775791	0.773876	-1	0	0	1	
7.16e-09	356	-0.13187	0.0389292	0.990502	0.775824	0.769366	-1	0	0	1	
7.2e-09	358	-0.0180084	0.0179388	0.999677	0.764444	0.76933	-1	0	0	1	
7.24e-09	360	-0.0435036	0.0180703	0.99889	0.766171	0.767061	-1	0	0	1	
7.28e-09	362	0.0497501	-0.0166607	0.998623	0.773991	0.764505	-1	0	0	1	
7.32e-09	364	0.0087812	0.00371027	0.999955	0.762441	0.764535	-1	0	0	1	
7.36e-09	366	0.0236376	-0.0100318	0.99967	0.757635	0.762723	-1	0	0	1	
7.4e-09	368	-0.00512709	0.00740279	0.999959	0.765528	0.762224	-1	0	0	1	
7.44e-09	370	-0.0415974	0.0193087	0.998948	0.75335	0.758101	-1	0	0	1	
7.48e-09	372	-0.0179573	0.00176887	0.999837	0.763678	0.756258	-1	0	0	1	
7.52e-09	374	0.0520094	0.00782531	0.998616	0.758819	0.753171	-1	0	0	1	
7.56e-09	376	0.0847589	-0.111959	0.990091	0.744506	0.749439	-1	0	0	1	
7.6e-09	378	0.133351	0.0998403	0.986027	0.744902	0.751735	-1	0	0	1	
7.64e-09	380	0.0556907	0.0407817	0.997615	0.755744	0.751815	-1	0	0	1	
7.68e-09	382	-0.0695713	-0.0347505	0.996972	0.743412	0.747294	-1	0	0	1	
7.72e-09	384	0.0422951	-0.0201686	0.998902	0.741396	0.744871	-1	0	0	1	
7.76e-09	386	-0.0359994	0.0185045	0.99918	0.744183	0.741551	-1	0	0	1	
7.8e-09	388	0.00683592	-0.0145823	0.99987	0.729256	0.741145	-1	0	0	1	
7.84e-09	390	0.0293678	-0.0182942	0.999401	0.727157	0.738384	-1	0	0	1	
7.88e-09	392	-0.0637558	-0.0321806	0.997447	0.740845	0.739085	-1	0	0	1	
7.92e-09	394	0.0167798	-0.124597	0.992066	0.741154	0.737026	-1	0	0	1	
7.96e-09	396	-0.0817864	-0.00274335	0.996646	0.732508	0.733877	-1	0	0	1	
8e-09	398	-0.151743	-0.010954	0.988359	0.732833	0.73395	-1	0	0	1	
8.04e-09	400	-0.0653441	-0.0335147	0.9973	0.735686	0.729177	-1	0	0	1	
8.08e-09	402	0.0305917	0.00280601	0.999528	0.731524	0.731379	-1	0	0	1	
8.12e-09	404	-0.0182891	-0.0468385	0.998735	0.725661	0.729739	-1	0	0	1	
8.16e-09	406	-0.010608	-0.0491855	0.998733	0.721368	0.726818	-1	0	0	1	
8.2e-09	408	-0.0304547	-0.0285455	0.999128	0.716098	0.720095	-1	0	0	1	
8.24e-09	410	0.00932036	-0.0757206	0.997086	0.719923	0.723577	-1	0	0	1	
8.28e-09	412	0.0424501	-0.0970966	0.994369	0.724146	0.720878	-1	0	0	1	
8.32e-09	414	-0.0144262	-0.0198038	0.9997	0.72341	0.717602	-1	0	0	1	
8.36e-09	416	-0.0597887	0.0501208	0.996952	0.716822	0.717148	-1	0	0	1	
8.4e-09	418	-0.0533059	-0.018823	0.998401	0.710499	0.716855	-1	0	0	1	
8.44e-09	420	0.00134818	0.0340355	0.99942	0.708017	0.711325	-1	0	0	1	
8.48e-09	422	0.0904599	-0.00153734	0.995899	0.711879	0.710925	-1	0	0	1	
8.52e-09	424	0.00357093	0.0975548	0.995224	0.703719	0.708351	-1	0	0	1	
8.56e-09	426	-0.00728521	0.0899998	0.995915	0.710936	0.705351	-1	0	0	1	
8.6e-09	428	-0.0212121	0.0259093	0.999439	0.694224	0.706098	-1	0	0	1	
8.64e-09	430	-0.00316714	0.0616008	0.998096	0.710338	0.701123	-1	0	0	1	
8.68e-09	432	-0.00889569	0.00431856	0.999951	0.706097	0.69939	-1	0	0	1	
8.72e-09	434	-0.0753426	-0.0509278	0.995856	0.696943	0.700476	-1	0	0	1	
8.76e-09	436	-0.0362293	0.061217	0.997467	0.699912	0.696809	-1	0	0	1	
8.8e-09	438	-0.00780304	0.0807571	0.996703	0.704599	0.693624	-1	0	0	1	
8.84e-09	440	0.0655298	-0.0814031	0.994525	0.677599	0.691077	-1	0	0	1	
8.88e-09	442	-0.141811	0.0381777	0.989157	0.711882	0.69564	-1	0	0	1	
8.92e-09	444	-0.118854	0.0101472	0.99286	0.694508	0.684746	-1	0	0	1	
8.96e-09	446	-0.017719	-0.0486216	0.99866	0.681185	0.688457	-1	0	0	1	
9e-09	448	0.0618751	-0.0331261	0.997534	0.682109	0.683394	-1	0	0	1	
9.04e-09	450	0.0695142	-0.0650736	0.995456	0.6931	0.679384	-1	0	0	1	
9.08e-09	452	0.0788209	-0.00779378	0.996858	0.669192	0.682534	-1	0	0	1	
9.12e-09	454	0.00783308	0.102939	0.994657	0.682847	0.676689	-1	0	0	1	
9.16e-09	456	-0.0431967	-0.0100608	0.999016	0.686757	0.682855	-1	0	0	1	
9.2e-09	458	0.055728	0.0606374	0.996603	0.665921	0.675692	-1	0	0	1	
9.24e-09	460	0.0542664	-0.0404922	0.997705	0.683584	0.672213	-1	0	0	1	
9.28e-09	462	-0.108373	0.00750536	0.994082	0.658232	0.672839	-1	0	0	1	
9.32e-09	464	-0.0726365	-0.00263526	0.997355	0.677818	0.674836	-1	0	0	1	
9.36e-09	466	-0.0663922	-0.0221978	0.997547	0.661171	0.665246	-1	0	0	1	
9.4e-09	468	0.00109816	0.00477073	0.999988	0.662507	0.661246	-1	0	0	1	
9.44e-09	470	-0.0422211	-0.0275166	0.998729	0.663122	0.655843	-1	0	0	1	
9.48e-09	472	0.0342549	0.108761	0.993478	0.652113	0.653655	-1	0	0	1	
9.52e-09	474	-0.0242514	0.0982234	0.994869	0.638357	0.651219	-1	0	0	1	
9.56e-09	476	0.00351976	-0.111813	0.993723	0.656933	0.65196	-1	0	0	1	
9.6e-09	478	0.0641784	0.0325982	0.997406	0.638219	0.649398	-1	0	0	1	
9.64e-09	480	0.0213492	0.052691	0.998383	0.657196	0.646158	-1	0	0	1	
9.68e-09	482	0.078663	-0.0371874	0.996207	0.647652	0.646474	-1	0	0	1	
9.72e-09	484	0.0808755	0.0797594	0.993528	0.636516	0.643164	-1	0	0	1	
9.76e-09	486	0.0378547	-0.0293991	0.998851	0.652344	0.64243	-1	0	0	1	
9.8e-09	488	0.0072792	0.017933	0.999813	0.654032	0.644896	-1	0	0	1	
9.84e-09	490	0.0911831	0.00701466	0.995809	0.647394	0.631829	-1	0	0	1	
9.88e-09	492	0.0768866	-0.000605733	0.99704	0.627798	0.631479	-1	0	0	1	
9.92e-09	494	-0.0582127	0.00936458	0.99826	0.645022	0.628829	-1	0	0	1	
9.96e-09	496	-0.0192875	-0.0321311	0.999298	0.607904	0.628067	-1	0	0	1	
1e-08	498	-0.155287	0.013295	0.98778	0.624419	0.629095	-1	0	0	1	
1.004e-08	500	0.195132	-0.00792937	0.980745	0.61198	0.615762	-1	0	0	1	
1.008e-08	502	-0.0349891	0.100488	0.994323	0.622952	0.627747	-1	0	0	1	
1.012e-08	504	0.0453847	-0.100009	0.993951	0.622976	0.621438	-1	0	0	1	
1.016e-08	506	-0.0911462	-0.0732968	0.993136	0.625581	0.620947	-1	0	0	1	
1.02e-08	508	0.111786	-0.109675	0.987662	0.605986	0.61051	-1	0	0	1	
1.024e-08	510	-0.0137215	-0.108553	0.993996	0.608112	0.611798	-1	0	0	1	
1.028e-08	512	-0.216381	-0.0319435	0.975786	0.603578	0.603521	-1	0	0	1	
1.032e-08	514	0.022525	0.00633598	0.999726	0.592769	0.603498	-1	0	0	1	
1.036e-08	516	0.0745983	0.0386576	0.996464	0.615095	0.605174	-1	0	0	1	
1.04e-08	518	0.0435353	0.125978	0.991077	0.605546	0.597092	-1	0	0	1	
1.044e-08	520	0.161597	-0.156909	0.974303	0.588091	0.60122	-1	0	0	1	
1.048e-08	522	0.0597868	0.0742971	0.995442	0.597551	0.592401	-1	0	0	1	
1.052e-08	524	-0.0774359	-0.0193372	0.99681	0.598669	0.596169	-1	0	0	1	
1.056e-08	526	-0.0326514	0.0185289	0.999295	0.579261	0.587273	-1	0	0	1	
1.06e-08	528	0.133797	0.0637163	0.988958	0.59265	0.591229	-1	0	0	1	
1.064e-08	530	-0.137895	0.00088224	0.990446	0.581958	0.583379	-1	0	0	1	
1.068e-08	532	0.0722897	-0.036941	0.996699	0.549785	0.578714	-1	0	0	1	
1.072e-08	534	0.0611888	0.0492473	0.996911	0.585395	0.582999	-1	0	0	1	
1.076e-08	536	0.0507579	-0.126651	0.990648	0.557285	0.574221	-1	0	0	1	
1.08e-08	538	-0.079282	-0.160918	0.983778	0.579523	0.570193	-1	0	0	1	
1.084e-08	540	0.0539923	-0.00979524	0.998493	0.582329	0.570324	-1	0	0	1	
1.088e-08	542	-0.0829901	0.171908	0.981611	0.587603	0.569825	-1	0	0	1	
1.092e-08	544	-0.168725	-0.0346361	0.985054	0.570768	0.555643	-1	0	0	1	
1.096e-08	546	-0.144136	0.18034	0.972986	0.554896	0.563274	-1	0	0	1	
1.1e-08	548	-0.039768	0.0371216	0.998519	0.567873	0.553923	-1	0	0	1	
1.104e-08	550	-0.0759213	0.0216963	0.996878	0.553544	0.548508	-1	0	0	1	
1.108e-08	552	0.146336	0.138469	0.979496	0.545791	0.540717	-1	0	0	1	
1.112e-08	554	-0.0900076	0.158158	0.983303	0.538454	0.540701	-1	0	0	1	
1.116e-08	556	-0.116012	-0.115861	0.986467	0.549027	0.539826	-1	0	0	1	
1.12e-08	558	0.0147973	0.0489973	0.998689	0.55686	0.537222	-1	0	0	1	
1.124e-08	560	0.221182	-0.0169407	0.975085	0.546415	0.526024	-1	0	0	1	
1.128e-08	562	0.14106	0.0180762	0.989836	0.529374	0.532644	-1	0	0	1	
1.132e-08	564	-0.0166014	0.140134	0.989993	0.545774	0.52725	-1	0	0	1	
1.136e-08	566	0.218702	-0.18253	0.958568	0.518813	0.52046	-1	0	0	1	
1.14e-08	568	-0.148566	0.0121941	0.988827	0.52774	0.527738	-1	0	0	1	
1.144e-08	570	-0.268753	0.179739	0.94629	0.515764	0.525554	-1	0	0	1	
1.148e-08	572	-0.0396254	-0.0132879	0.999126	0.490331	0.508687	-1	0	0	1	
1.152e-08	574	0.0915605	-0.182057	0.979016	0.507613	0.505998	-1	0	0	1	
1.156e-08	576	0.0283444	0.0755282	0.996741	0.521198	0.51358	-1	0	0	1	
1.16e-08	578	-0.03436	0.108925	0.993456	0.471398	0.49831	-1	0	0	1	
1.164e-08	580	0.00682418	-0.248554	0.968594	0.505285	0.490671	-1	0	0	1	
1.168e-08	582	-0.0106229	0.121447	0.992541	0.512242	0.502603	-1	0	0	1	
1.172e-08	584	0.205345	0.094782	0.974089	0.486578	0.500751	-1	0	0	1	
1.176e-08	586	-0.0558059	-0.114958	0.991802	0.521929	0.501151	-1	0	0	1	
1.18e-08	588	-0.0626848	0.0541662	0.996562	0.4975	0.47981	-1	0	0	1	
1.184e-08	590	-0.105523	-0.0997089	0.989405	0.469329	0.469482	-1	0	0	1	
1.188e-08	592	0.043304	0.109658	0.993026	0.426692	0.478555	-1	0	0	1	
1.192e-08	594	0.223358	-0.125979	0.966561	0.484243	0.466803	-1	0	0	1	
1.196e-08	596	-0.157523	0.0879689	0.983589	0.458127	0.470316	-1	0	0	1	
1.2e-08	598	0.151044	0.0542916	0.987035	0.487164	0.469217	-1	0	0	1	
1.204e-08	600	-0.156796	-0.153364	0.975651	0.450596	0.455446	-1	0	0	1	
1.208e-08	602	-0.0121327	-0.0170244	0.999781	0.450452	0.45423	-1	0	0	1	
1.212e-08	604	0.129568	-0.269756	0.954172	0.45217	0.460346	-1	0	0	1	
1.216e-08	606	0.0417237	-0.00224625	0.999127	0.436822	0.448458	-1	0	0	1	
1.22e-08	608	0.0188582	-0.0609613	0.997962	0.45545	0.436178	-1	0	0	1	
1.224e-08	610	0.250406	0.247267	0.936032	0.453364	0.443977	-1	0	0	1	
1.228e-08	612	-0.0507953	-0.100957	0.993593	0.437277	0.439033	-1	0	0	1	
1.232e-08	614	0.0671572	-0.339032	0.938375	0.447152	0.417562	-1	0	0	1	
1.236e-08	616	-0.135678	0.281453	0.949935	0.396604	0.40371	-1	0	0	1	
1.24e-08	618	-0.119682	0.197773	0.972914	0.403908	0.413933	-1	0	0	1	
1.244e-08	620	0.203181	0.170609	0.964163	0.414791	0.415605	-1	0	0	1	
1.248e-08	622	0.062757	0.120256	0.990757	0.400197	0.39692	-1	0	0	1	
1.252e-08	624	-0.0487729	0.00593562	0.998792	0.430486	0.398281	-1	0	0	1	
1.256e-08	626	0.0153041	-0.133925	0.990873	0.335153	0.386778	-1	0	0	1	
1.26e-08	628	0.0285181	-0.0160607	0.999464	0.405767	0.396213	-1	0	0	1	
1.264e-08	630	0.206128	-0.081961	0.975086	0.357499	0.382956	-1	0	0	1	
1.268e-08	632	0.180442	-0.0309248	0.983099	0.335143	0.377706	-1	0	0	1	
1.272e-08	634	0.253683	-0.0245756	0.966975	0.366139	0.365151	-1	0	0	1	
1.276e-08	636	-0.374278	-0.186365	0.908397	0.384685	0.363842	-1	0	0	1	
1.28e-08	638	-0.0135955	-0.0627277	0.997938	0.352796	0.353077	-1	0	0	1	
1.284e-08	640	0.117371	-0.158505	-0.980357	0.392538	0.376078	-1	0	0	1	
1.288e-08	642	0.0595893	0.0967356	-0.993525	0.391294	0.376926	-1	0	0	1	
1.292e-08	644	-0.0143815	-0.172864	-0.984841	0.330821	0.37479	-1	0	0	1	
1.296e-08	646	-0.0996141	0.0687509	-0.992648	0.375572	0.373297	-1	0	0	1	
1.3e-08	648	-0.0828875	0.0966755	-0.991859	0.392937	0.374015	-1	0	0	1	
1.304e-08	650	-0.230309	0.163203	-0.959334	0.325873	0.357396	-1	0	0	1	
1.308e-08	652	-0.0511344	-0.0184002	-0.998522	0.35612	0.363394	-1	0	0	1	
1.312e-08	654	-0.113317	-0.310135	-0.943915	0.366459	0.350469	-1	0	0	1	
1.316e-08	656	-0.091021	0.101376	-0.990676	0.380287	0.34266	-1	0	0	1	
1.32e-08	658	-0.0449302	0.030561	-0.998523	0.319905	0.329805	-1	0	0	1	
1.324e-08	660	-0.127817	0.0694881	-0.989361	0.337156	0.315562	-1	0	0	1	
1.328e-08	662	0.212445	0.240674	-0.947071	0.300266	0.314713	-1	0	0	1	
1.332e-08	664	-0.234776	0.396309	-0.887592	0.291863	0.305857	-1	0	0	1	
1.336e-08	666	-0.174234	-0.245315	-0.953658	0.251816	0.300183	-1	0	0	1	
1.34e-08	668	-0.0799517	0.0452824	-0.99577	0.33387	0.293861	-1	0	0	1	
1.344e-08	670	0.0980293	0.0884502	-0.991245	0.23794	0.27994	-1	0	0	1	
1.348e-08	672	-0.174195	-0.325768	-0.929264	0.356315	0.304309	-1	0	0	1	
1.352e-08	674	-0.0558159	-0.0945669	-0.993953	0.304769	0.279214	-1	0	0	1	
1.356e-08	676	0.0527132	0.573196	-0.817721	0.257389	0.270641	-1	0	0	1	
1.36e-08	678	0.0416847	0.0154139	-0.999012	0.269915	0.256673	-1	0	0	1	
1.364e-08	680	0.126999	-0.284172	-0.950325	0.213686	0.242834	-1	0	0	1	
1.368e-08	682	-0.375092	0.0212681	-0.926744	0.257458	0.222667	-1	0	0	1	
1.372e-08	684	0.306988	-0.322033	-0.895574	0.234467	0.23596	-1	0	0	1	
1.376e-08	686	0.673308	0.33673	-0.658232	0.147945	0.217088	-1	0	0	1	
1.38e-08	688	0.291843	-0.295029	-0.909827	0.219821	0.20932	-1	0	0	1	
1.384e-08	690	0.0798513	0.228846	-0.970182	0.188848	0.213424	-1	0	0	1	
1.388e-08	692	-0.200939	0.130955	-0.970811	0.189042	0.21414	-1	0	0	1	
1.392e-08	694	0.0549693	0.140462	-0.988559	0.180607	0.184644	-1	0	0	1	
1.396e-08	696	-0.481501	-0.0947838	-0.871305	0.201807	0.171121	-1	0	0	1	
1.4e-08	698	-0.361023	-0.0438077	-0.931527	0.128478	0.171987	-1	0	0	1	
1.404e-08	700	0.174301	-0.218737	-0.96009	0.129641	0.168278	-1	0	0	1	
1.408e-08	702	0.132506	-0.517099	-0.845607	0.201184	0.168096	-1	0	0	1	
1.412e-08	704	0.131037	0.571258	-0.810243	0.0738337	0.141459	-1	0	0	1	
1.416e-08	706	-0.00105038	-0.174691	-0.984623	0.168217	0.132868	-1	0	0	1	
1.42e-08	708	-0.193326	0.141459	-0.970883	0.156632	0.124924	-1	0	0	1	
1.424e-08	710	-0.45825	-0.2391	-0.856059	0.102492	0.11728	-1	0	0	1	
1.428e-08	712	-0.32259	-0.305371	-0.895927	0.108827	0.0818327	-1	0	0	1	
1.432e-08	714	-0.413071	-0.428239	-0.803731	0.0817269	0.0917804	-1	0	0	1	
1.436e-08	716	0.498317	-0.53783	0.680014	0.0784923	0.0893169	-1	0	0	1	
1.44e-08	718	-0.448292	0.0286623	-0.893428	0.1353	0.103802	-1	0	0	1	
1.444e-08	720	-0.436338	0.444051	-0.782578	0.100432	0.106869	-1	0	0	1	
1.448e-08	722	0.461647	-0.700502	-0.544224	0.126253	0.0979904	-1	0	0	1	
1.452e-08	724	-0.678329	0.303691	-0.66906	0.0908844	0.0939485	-1	0	0	1	
1.456e-08	726	-0.0846295	0.247623	-0.965153	0.13993	0.0969029	-1	0	0	1	
1.46e-08	728	-0.567986	-0.595497	-0.568133	0.113869	0.0921094	-1	0	0	1	
1.464e-08	730	0.079821	-0.856808	0.50942	0.0594614	0.0802609	-1	0	0	1	
1.468e-08	732	0.252814	0.933581	0.253991	0.0448926	0.0646599	-1	0	0	1	
1.472e-08	734	-0.239368	0.20472	-0.949101	0.0756284	0.0803216	-1	0	0	1	
1.476e-08	736	-0.160725	0.765573	-0.622949	0.0551656	0.0906823	-1	0	0	1	
1.48e-08	738	0.595609	-0.555511	-0.580221	0.0504172	0.0661037	-1	0	0	1	
1.484e-08	740	0.887773	-0.0515715	-0.457384	0.0644421	0.0633223	-1	0	0	1	
1.488e-08	742	-0.0370817	-0.238287	-0.970487	0.0724427	0.0664762	-1	0	0	1	
1.492e-08	744	0.235958	-0.39757	-0.886714	0.0898177	0.0677082	-1	0	0	1	
1.496e-08	746	0.916652	0.368389	0.155044	0.0163334	0.0482921	-1	0	0	1	
1.5e-08	748	0.0873711	0.34768	-0.933534	0.049206	0.0536404	-1	0	0	1	
1.504e-08	750	0.869748	-0.175832	0.461109	0.0385046	0.059369	-1	0	0	1	
1.508e-08	752	0.75414	-0.655972	-0.0312003	0.0352939	0.0630786	-1	0	0	1	
1.512e-08	754	0.0800673	-0.663665	-0.743732	0.0419353	0.0572693	-1	0	0	1	
1.516e-08	756	-0.342705	0.612852	-0.712015	0.0748666	0.0512859	-1	0	0	1	
1.52e-08	758	-0.27114	-0.324763	0.906097	0.0302815	0.0548382	-1	0	0	1	
1.524e-08	760	0.415662	-0.0266055	-0.90913	0.0521327	0.0618771	-1	0	0	1	
1.528e-08	762	0.415914	-0.853459	-0.314043	0.0276457	0.0474769	-1	0	0	1	
1.532e-08	764	-0.488508	0.52391	-0.697767	0.0308082	0.0488783	-1	0	0	1	
1.536e-08	766	-0.727199	-0.230663	-0.646511	0.0625291	0.0561158	-1	0	0	1	
1.54e-08	768	-0.487031	-0.215659	-0.846341	0.0141011	0.0396576	-1	0	0	1	
1.544e-08	770	0.0418465	0.563784	-0.824861	0.032533	0.0446703	-1	0	0	1	
1.548e-08	772	-0.968627	0.238046	0.0713907	0.0738373	0.0430625	-1	0	0	1	
1.552e-08	774	0.495225	-0.138367	-0.857675	0.0493643	0.0531211	-1	0	0	1	
1.556e-08	776	-0.091813	-0.920583	0.379601	0.0499757	0.0540934	-1	0	0	1	
1.56e-08	778	0.226633	0.376907	-0.898097	0.0326559	0.0396684	-1	0	0	1	
1.564e-08	780	0.162982	0.513518	-0.842458	0.0558378	0.0507116	-1	0	0	1	
1.568e-08	782	0.213038	-0.568736	-0.794452	0.0367343	0.0407351	-1	0	0	1	
1.572e-08	784	0.757656	-0.629685	0.171624	0.0440831	0.0373748	-1	0	0	1	
1.576e-08	786	0.97852	0.0141079	-0.205667	0.0527839	0.0445169	-1	0	0	1	
1.58e-08	788	0.156598	0.0824692	-0.984213	0.0473094	0.0521618	-1	0	0	1	
1.584e-08	790	-0.579109	-0.0878066	-0.810508	0.0865714	0.0433051	-1	0	0	1	
1.588e-08	792	0.072186	0.664565	-0.743735	0.0503011	0.0434647	-1	0	0	1	
1.592e-08	794	-0.0580215	0.652753	-0.755346	0.0117274	0.03792	-1	0	0	1	
1.596e-08	796	0.00211454	-0.340882	0.940104	0.027345	0.0400556	-1	0	0	1	
1.6e-08	798	-0.559231	-0.132385	-0.818373	0.0444872	0.0376172	-1	0	0	1	
1.604e-08	800	-0.478568	0.315759	0.81931	0.0334261	0.0419393	-1	0	0	1	
1.608e-08	802	0.670042	-0.680137	0.297417	0.0146631	0.0340803	-1	0	0	1	
1.612e-08	804	-0.947432	0.0932675	-0.306063	0.0639717	0.0433094	-1	0	0	1	
1.616e-08	806	-0.792848	-0.490438	-0.361748	0.0242646	0.0320546	-1	0	0	1	
1.62e-08	808	0.580429	0.0949021	-0.808762	0.0215789	0.0328185	-1	0	0	1	
1.624e-08	810	0.580824	0.413389	-0.701252	0.0312471	0.0304551	-1	0	0	1	
1.628e-08	812	-0.772846	-0.159475	-0.614228	0.0363497	0.0292236	-1	0	0	1	
1.632e-08	814	0.539364	0.823199	-0.177287	0.0318922	0.0440482	-1	0	0	1	
1.636e-08	816	0.565911	0.0545825	-0.822658	0.0667761	0.0427813	-1	0	0	1	
1.64e-08	818	-0.186674	0.792189	-0.581025	0.013255	0.0231964	-1	0	0	1	
1.644e-08	820	0.779875	0.430753	-0.454145	0.0461409	0.038921	-1	0	0	1	
1.648e-08	822	-0.756054	0.643482	0.119636	0.0371399	0.0360519	-1	0	0	1	
1.652e-08	824	-0.429965	0.321444	-0.843685	0.039997	0.0301262	-1	0	0	1	
1.656e-08	826	0.00109981	0.799544	-0.600606	0.041538	0.0352819	-1	0	0	1	
1.66e-08	828	0.783453	0.00325379	-0.621443	0.0412485	0.0344944	-1	0	0	1	
1.664e-08	830	-0.367315	0.165143	-0.915318	0.050952	0.0302879	-1	0	0	1	
1.668e-08	832	-0.858723	-0.448944	-0.247072	0.0541075	0.0320528	-1	0	0	1	
1.672e-08	834	-0.434562	-0.897228	0.0783465	0.037407	0.0344422	-1	0	0	1	
1.676e-08	836	-0.629777	-0.404616	-0.663074	0.0196418	0.0317997	-1	0	0	1	
1.68e-08	838	-0.650821	-0.733095	-0.197494	0.0145201	0.0346694	-1	0	0	1	
1.684e-08	840	-0.889527	0.392138	0.234457	0.0292714	0.0288592	-1	0	0	1	
1.688e-08	842	-0.00386982	0.782492	-0.622649	0.0647887	0.0336454	-1	0	0	1	
1.692e-08	844	0.243791	-0.138161	-0.959936	0.052009	0.0332915	-1	0	0	1	
1.696e-08	846	0.83012	0.379684	0.408339	0.0280216	0.0328867	-1	0	0	1	
1.7e-08	848	-0.772259	-0.448858	0.449603	0.0497364	0.0379363	-1	0	0	1	
1.704e-08	850	0.529943	-0.373168	0.761515	0.0235506	0.0263264	-1	0	0	1	
1.708e-08	852	0.58484	-0.555741	0.590859	0.0326261	0.0268318	-1	0	0	1	
1.712e-08	854	-0.396099	0.233483	-0.888027	0.061518	0.0388568	-1	0	0	1	
1.716e-08	856	-0.340657	-0.910111	0.235904	0.0143998	0.0315963	-1	0	0	1	
1.72e-08	858	0.61964	-0.719763	-0.313028	0.00125648	0.0310733	-1	0	0	1	
1.724e-08	860	0.74608	0.650334	0.142936	0.0316882	0.0335808	-1	0	0	1	
1.728e-08	862	0.696339	-0.683698	0.218335	0.0276413	0.0303043	-1	0	0	1	
1.732e-08	864	-0.00989857	-0.638812	0.769299	0.0427731	0.0363255	-1	0	0	1	
1.736e-08	866	-0.589469	-0.497435	-0.636462	0.0205255	0.0254584	-1	0	0	1	
1.74e-08	868	0.954002	0.2607	0.148037	0.0331442	0.0293458	-1	0	0	1	
1.744e-08	870	-0.860134	-0.298386	-0.413685	0.0394174	0.029448	-1	0	0	1	
1.748e-08	872	-0.107809	0.973195	0.203145	0.0175522	0.0235112	-1	0	0	1	
1.752e-08	874	0.287128	-0.897416	-0.334965	0.0223672	0.0269881	-1	0	0	1	
1.756e-08	876	-0.452435	-0.504896	-0.735107	0.0386087	0.0294099	-1	0	0	1	
1.76e-08	878	-0.998857	0.00913905	0.0469137	0.0108434	0.027727	-1	0	0	1	
1.764e-08	880	-0.552016	-0.514541	-0.656145	0.0237915	0.0254128	-1	0	0	1	
1.768e-08	882	-0.305048	-0.0354453	-0.951677	0.0263743	0.0284253	-1	0	0	1	
1.772e-08	884	-0.582099	-0.390385	-0.713275	0.0548727	0.0293174	-1	0	0	1	
1.776e-08	886	0.908538	0.212397	-0.359787	0.0143573	0.0234279	-1	0	0	1	
1.78e-08	888	-0.815758	0.239041	-0.526686	0.00594684	0.0270031	-1	0	0	1	
1.784e-08	890	-0.319097	0.88136	0.348399	0.00834641	0.0251586	-1	0	0	1	
1.788e-08	892	0.335494	-0.463628	-0.820057	0.0220391	0.0281997	-1	0	0	1	
1.792e-08	894	0.915576	0.0294704	-0.401065	0.0288379	0.0267534	-1	0	0	1	
1.796e-08	896	-0.0100428	0.566379	0.824084	0.0230761	0.0331622	-1	0	0	1	
1.8e-08	898	-0.168377	-0.40569	0.898368	0.0178016	0.0253349	-1	0	0	1	
1.804e-08	900	0.931839	0.320008	-0.171086	0.0229796	0.022777	-1	0	0	1	
