#----------------------------------------------------------------------------------------------------------------------------------------------------------
# Output file for vampire simulation
#   time       : 2022-02-09 13:02:35     process id : 36137
#   hostname   : compute-0-1.local
#   path       : /home/MINT_WS/luknam/WS_dia5/Thickness5/size_9.0_9.0_5nm/Temp_900/random_1
#----------------------------------------------------------------------------------------------------------------------------------------------------------
4e-11	0	-2.01633e-08	4.36864e-08	1	1	1	-1	0	0	1	
8e-11	2	-0.0045663	-0.00231204	0.999987	0.998971	0.998951	-1	0	0	1	
1.2e-10	4	-0.00289751	0.00248088	0.999993	0.997881	0.99788	-1	0	0	1	
1.6e-10	6	-0.0015161	-0.00560073	0.999983	0.996834	0.996833	-1	0	0	1	
2e-10	8	-0.00402554	-0.00247632	0.999989	0.995793	0.995767	-1	0	0	1	
2.4e-10	10	-0.00417816	-0.00612443	0.999973	0.994663	0.994661	-1	0	0	1	
2.8e-10	12	0.00287653	0.000601479	0.999996	0.993574	0.993638	-1	0	0	1	
3.2e-10	14	-0.0149061	0.00371465	0.999882	0.992575	0.992581	-1	0	0	1	
3.6e-10	16	0.00776746	-0.00801981	0.999938	0.991409	0.991448	-1	0	0	1	
4e-10	18	-0.0088853	0.00406122	0.999952	0.990626	0.990453	-1	0	0	1	
4.4e-10	20	-0.00650063	-0.0165097	0.999843	0.989273	0.989384	-1	0	0	1	
4.8e-10	22	-0.00651518	0.0125974	0.999899	0.988231	0.988231	-1	0	0	1	
5.2e-10	24	-0.00338767	-0.0117751	0.999925	0.98682	0.987209	-1	0	0	1	
5.6e-10	26	0.00985984	0.00266936	0.999948	0.986134	0.986227	-1	0	0	1	
6e-10	28	-0.00306371	-0.0108892	0.999936	0.98545	0.985063	-1	0	0	1	
6.4e-10	30	0.00661837	-0.0131565	0.999892	0.98379	0.984076	-1	0	0	1	
6.8e-10	32	-0.0198096	0.0177934	0.999645	0.982971	0.982887	-1	0	0	1	
7.2e-10	34	0.00305736	0.00926897	0.999952	0.981965	0.981675	-1	0	0	1	
7.6e-10	36	-0.00637409	-0.00343792	0.999974	0.980942	0.98088	-1	0	0	1	
8e-10	38	-0.0135127	0.0243284	0.999613	0.979885	0.979665	-1	0	0	1	
8.4e-10	40	-0.0152004	-0.0137919	0.999789	0.978931	0.9786	-1	0	0	1	
8.8e-10	42	0.014751	-0.00295618	0.999887	0.977956	0.977731	-1	0	0	1	
9.2e-10	44	0.011338	0.00796943	0.999904	0.976703	0.976498	-1	0	0	1	
9.6e-10	46	-0.0130713	-0.00906731	0.999873	0.975752	0.975292	-1	0	0	1	
1e-09	48	0.0009707	-0.00987211	0.999951	0.974744	0.974279	-1	0	0	1	
1.04e-09	50	-0.00357976	-0.00626889	0.999974	0.97244	0.972928	-1	0	0	1	
1.08e-09	52	0.00701617	-0.00223822	0.999973	0.971673	0.972019	-1	0	0	1	
1.12e-09	54	0.0248693	-0.00293607	0.999686	0.970766	0.970661	-1	0	0	1	
1.16e-09	56	0.0139634	0.00901432	0.999862	0.970069	0.969791	-1	0	0	1	
1.2e-09	58	-0.00538973	-0.0100605	0.999935	0.968036	0.968519	-1	0	0	1	
1.24e-09	60	0.00604096	0.0213806	0.999753	0.967584	0.967449	-1	0	0	1	
1.28e-09	62	0.028209	0.0123965	0.999525	0.965532	0.966239	-1	0	0	1	
1.32e-09	64	-0.00820755	-0.00440808	0.999957	0.965519	0.965193	-1	0	0	1	
1.36e-09	66	6.93899e-05	0.0234487	0.999725	0.963615	0.964115	-1	0	0	1	
1.4e-09	68	-0.0168695	-0.0149205	0.999746	0.96419	0.963299	-1	0	0	1	
1.44e-09	70	-0.00580211	-0.00867169	0.999946	0.961067	0.961966	-1	0	0	1	
1.48e-09	72	-0.0183034	0.00740338	0.999805	0.960914	0.960902	-1	0	0	1	
1.52e-09	74	-0.0110515	0.0140294	0.999841	0.957802	0.95971	-1	0	0	1	
1.56e-09	76	9.69293e-05	-0.0120797	0.999927	0.959617	0.959187	-1	0	0	1	
1.6e-09	78	-0.00576755	-0.00510396	0.99997	0.956973	0.957249	-1	0	0	1	
1.64e-09	80	-0.010406	0.00808533	0.999913	0.955147	0.956547	-1	0	0	1	
1.68e-09	82	0.000711518	0.0124644	0.999922	0.954257	0.954693	-1	0	0	1	
1.72e-09	84	0.00787528	-0.0116687	0.999901	0.95354	0.953914	-1	0	0	1	
1.76e-09	86	-0.0164023	-0.00391779	0.999858	0.952466	0.952519	-1	0	0	1	
1.8e-09	88	0.00119051	-0.0226898	0.999742	0.95289	0.952011	-1	0	0	1	
1.84e-09	90	-0.00152259	-0.00921239	0.999956	0.950575	0.950268	-1	0	0	1	
1.88e-09	92	-0.0239508	-0.0163297	0.99958	0.95134	0.949764	-1	0	0	1	
1.92e-09	94	0.00690413	0.0117832	0.999907	0.94832	0.948841	-1	0	0	1	
1.96e-09	96	-0.00222882	0.0108433	0.999939	0.944383	0.947203	-1	0	0	1	
2e-09	98	8.53191e-05	-0.00925341	0.999957	0.947484	0.94628	-1	0	0	1	
2.04e-09	100	0.0316361	0.00463722	0.999489	0.944983	0.945074	-1	0	0	1	
2.08e-09	102	0.0191221	0.00610638	0.999799	0.944172	0.943715	-1	0	0	1	
2.12e-09	104	0.0342141	0.0314756	0.998919	0.941953	0.942492	-1	0	0	1	
2.16e-09	106	0.00122695	-0.0224383	0.999747	0.942078	0.941759	-1	0	0	1	
2.2e-09	108	-0.0126387	0.0150374	0.999807	0.940863	0.940741	-1	0	0	1	
2.24e-09	110	-0.00423504	0.012781	0.999909	0.938676	0.93836	-1	0	0	1	
2.28e-09	112	-0.0148904	0.00685791	0.999866	0.937649	0.938645	-1	0	0	1	
2.32e-09	114	0.00054307	0.0237974	0.999717	0.937325	0.936261	-1	0	0	1	
2.36e-09	116	0.0429435	-0.0114754	0.999012	0.936136	0.936172	-1	0	0	1	
2.4e-09	118	0.0465162	-0.00452752	0.998907	0.931802	0.934158	-1	0	0	1	
2.44e-09	120	0.0153625	0.00716273	0.999856	0.934749	0.933627	-1	0	0	1	
2.48e-09	122	-0.0174503	0.00695341	0.999824	0.933037	0.932292	-1	0	0	1	
2.52e-09	124	-0.0028488	0.0376905	0.999285	0.932778	0.931431	-1	0	0	1	
2.56e-09	126	-0.0143953	0.0248044	0.999589	0.929368	0.930117	-1	0	0	1	
2.6e-09	128	0.00744254	0.0227015	0.999715	0.928143	0.928667	-1	0	0	1	
2.64e-09	130	-0.028512	-0.00352227	0.999587	0.929007	0.927096	-1	0	0	1	
2.68e-09	132	0.00831959	-0.00210231	0.999963	0.924871	0.925537	-1	0	0	1	
2.72e-09	134	0.0280278	0.0323046	0.999085	0.924513	0.924463	-1	0	0	1	
2.76e-09	136	-0.0244653	0.0165474	0.999564	0.922858	0.923754	-1	0	0	1	
2.8e-09	138	-0.00532067	0.00685141	0.999962	0.921363	0.923049	-1	0	0	1	
2.84e-09	140	0.012591	0.0180556	0.999758	0.920871	0.921778	-1	0	0	1	
2.88e-09	142	0.0294542	0.0225437	0.999312	0.920906	0.921062	-1	0	0	1	
2.92e-09	144	-0.0161029	0.0255581	0.999544	0.917494	0.919115	-1	0	0	1	
2.96e-09	146	-0.0165679	-0.0189225	0.999684	0.917865	0.918497	-1	0	0	1	
3e-09	148	0.0232485	-0.0220627	0.999486	0.919322	0.917143	-1	0	0	1	
3.04e-09	150	0.0087605	0.0194067	0.999773	0.914503	0.914988	-1	0	0	1	
3.08e-09	152	0.0181184	-0.0348489	0.999228	0.917911	0.914799	-1	0	0	1	
3.12e-09	154	0.0202969	0.00543318	0.999779	0.912605	0.91339	-1	0	0	1	
3.16e-09	156	-0.0064535	-0.00366059	0.999972	0.912241	0.911226	-1	0	0	1	
3.2e-09	158	0.0285075	0.0118933	0.999523	0.911979	0.910817	-1	0	0	1	
3.24e-09	160	-0.0176862	0.0161891	0.999713	0.910754	0.910656	-1	0	0	1	
3.28e-09	162	0.0417526	-0.0225754	0.998873	0.906702	0.907609	-1	0	0	1	
3.32e-09	164	0.0301005	0.0171216	0.9994	0.909052	0.907285	-1	0	0	1	
3.36e-09	166	0.0268144	0.00336439	0.999635	0.909495	0.905915	-1	0	0	1	
3.4e-09	168	-0.0191769	0.0377075	0.999105	0.90053	0.903567	-1	0	0	1	
3.44e-09	170	-0.0223245	0.0332887	0.999196	0.900781	0.902776	-1	0	0	1	
3.48e-09	172	-0.016922	0.000722815	0.999857	0.902296	0.901243	-1	0	0	1	
3.52e-09	174	-0.0450335	-0.0115955	0.998918	0.900013	0.900238	-1	0	0	1	
3.56e-09	176	-9.83838e-05	0.00497855	0.999988	0.901091	0.899949	-1	0	0	1	
3.6e-09	178	0.0287209	0.0274686	0.99921	0.897198	0.898469	-1	0	0	1	
3.64e-09	180	0.0341526	-0.0181444	0.999252	0.897948	0.897857	-1	0	0	1	
3.68e-09	182	0.0188992	-0.0502621	0.998557	0.895808	0.895976	-1	0	0	1	
3.72e-09	184	-0.0319836	-0.056761	0.997875	0.892149	0.89523	-1	0	0	1	
3.76e-09	186	-0.00188294	0.00713631	0.999973	0.893649	0.894204	-1	0	0	1	
3.8e-09	188	0.00101935	0.0481075	0.998842	0.888989	0.890843	-1	0	0	1	
3.84e-09	190	-0.00321814	0.000977884	0.999994	0.887058	0.890113	-1	0	0	1	
3.88e-09	192	-0.0148592	-0.0182875	0.999722	0.885289	0.889238	-1	0	0	1	
3.92e-09	194	0.0226742	0.0111011	0.999681	0.889197	0.888475	-1	0	0	1	
3.96e-09	196	0.0156475	0.0253439	0.999556	0.885019	0.886843	-1	0	0	1	
4e-09	198	-0.00597553	0.00964822	0.999936	0.885866	0.885229	-1	0	0	1	
4.04e-09	200	0.0337314	0.0126845	0.99935	0.882878	0.883696	-1	0	0	1	
4.08e-09	202	0.060214	-0.0283988	0.997781	0.886041	0.88214	-1	0	0	1	
4.12e-09	204	0.0234557	0.0208703	0.999507	0.880015	0.880491	-1	0	0	1	
4.16e-09	206	-0.0279217	-0.0160507	0.999481	0.879461	0.880145	-1	0	0	1	
4.2e-09	208	-0.0330713	-0.0221009	0.999209	0.882092	0.879671	-1	0	0	1	
4.24e-09	210	0.0226056	-0.0203179	0.999538	0.881811	0.877699	-1	0	0	1	
4.28e-09	212	-0.0496943	0.00070904	0.998764	0.875068	0.875986	-1	0	0	1	
4.32e-09	214	0.0288231	-0.020163	0.999381	0.872175	0.876014	-1	0	0	1	
4.36e-09	216	0.0533115	0.0192851	0.998392	0.873265	0.874341	-1	0	0	1	
4.4e-09	218	-0.0364483	-0.00371513	0.999329	0.876071	0.873688	-1	0	0	1	
4.44e-09	220	-0.0155594	-0.0149263	0.999768	0.874308	0.87176	-1	0	0	1	
4.48e-09	222	-0.0194421	-0.00856198	0.999774	0.868871	0.870695	-1	0	0	1	
4.52e-09	224	-0.0185352	0.0251727	0.999511	0.863987	0.868545	-1	0	0	1	
4.56e-09	226	0.0126337	-0.0175844	0.999766	0.870135	0.867841	-1	0	0	1	
4.6e-09	228	-0.00300289	0.00364033	0.999989	0.869067	0.865928	-1	0	0	1	
4.64e-09	230	0.0556201	-0.0334539	0.997891	0.864014	0.864112	-1	0	0	1	
4.68e-09	232	-0.00893488	0.0202448	0.999755	0.863913	0.8642	-1	0	0	1	
4.72e-09	234	-0.0405504	-0.00291915	0.999173	0.865034	0.862952	-1	0	0	1	
4.76e-09	236	0.00579459	0.00856807	0.999947	0.861594	0.861365	-1	0	0	1	
4.8e-09	238	0.0154406	-0.0024546	0.999878	0.862106	0.859421	-1	0	0	1	
4.84e-09	240	-0.0196493	-0.0320899	0.999292	0.859349	0.858258	-1	0	0	1	
4.88e-09	242	0.031946	-0.048855	0.998295	0.852598	0.855363	-1	0	0	1	
4.92e-09	244	-0.00239594	0.0307713	0.999524	0.856855	0.854561	-1	0	0	1	
4.96e-09	246	0.00281771	0.00605773	0.999978	0.857686	0.853063	-1	0	0	1	
5e-09	248	0.0108668	-0.0297634	0.999498	0.845435	0.852982	-1	0	0	1	
5.04e-09	250	0.0113094	-0.0510384	0.998633	0.846608	0.850999	-1	0	0	1	
5.08e-09	252	0.0504832	-0.0385887	0.997979	0.849181	0.850025	-1	0	0	1	
5.12e-09	254	0.0177769	0.0253422	0.999521	0.850016	0.848827	-1	0	0	1	
5.16e-09	256	-0.0674518	-0.00492527	0.99771	0.846776	0.847157	-1	0	0	1	
5.2e-09	258	0.0194776	-0.0606966	0.997966	0.84318	0.846094	-1	0	0	1	
5.24e-09	260	-0.026899	-0.0035923	0.999632	0.841208	0.843552	-1	0	0	1	
5.28e-09	262	-0.0179858	0.00446969	0.999828	0.846086	0.842264	-1	0	0	1	
5.32e-09	264	0.0426582	0.0269369	0.998727	0.83555	0.840659	-1	0	0	1	
5.36e-09	266	-0.0502376	0.00293001	0.998733	0.838429	0.840337	-1	0	0	1	
5.4e-09	268	-0.0502867	0.0588803	0.996998	0.836056	0.838142	-1	0	0	1	
5.44e-09	270	0.00527933	-0.0230377	0.999721	0.842961	0.838342	-1	0	0	1	
5.48e-09	272	-0.00448841	0.041997	0.999108	0.8313	0.834754	-1	0	0	1	
5.52e-09	274	-0.0624338	0.0725505	0.995409	0.826924	0.833753	-1	0	0	1	
5.56e-09	276	-0.000953431	-0.02245	0.999748	0.829098	0.831969	-1	0	0	1	
5.6e-09	278	0.00460115	-0.0129854	0.999905	0.835549	0.831907	-1	0	0	1	
5.64e-09	280	-0.00193697	-0.0116201	0.999931	0.824175	0.828573	-1	0	0	1	
5.68e-09	282	0.00774314	-0.00454809	0.99996	0.828792	0.829184	-1	0	0	1	
5.72e-09	284	-0.0599974	-0.0145972	0.998092	0.830563	0.826846	-1	0	0	1	
5.76e-09	286	-0.0317914	-0.00748937	0.999466	0.821812	0.825129	-1	0	0	1	
5.8e-09	288	0.0230376	-0.0383272	0.999	0.827232	0.826163	-1	0	0	1	
5.84e-09	290	0.00948347	0.0548163	0.998451	0.824398	0.822805	-1	0	0	1	
5.88e-09	292	-0.0172033	0.0304534	0.999388	0.817334	0.820088	-1	0	0	1	
5.92e-09	294	-0.00382187	0.0545286	0.998505	0.820961	0.819067	-1	0	0	1	
5.96e-09	296	-0.00374965	-0.000715231	0.999993	0.817053	0.818682	-1	0	0	1	
6e-09	298	-0.0464113	-0.0623719	0.996973	0.822392	0.818367	-1	0	0	1	
6.04e-09	300	-0.011493	-0.0107555	0.999876	0.817573	0.815031	-1	0	0	1	
6.08e-09	302	0.0651348	0.0444736	0.996885	0.818812	0.813138	-1	0	0	1	
6.12e-09	304	-0.0636835	-0.0415557	0.997105	0.804576	0.810355	-1	0	0	1	
6.16e-09	306	-0.00208008	0.0158848	0.999872	0.809641	0.810547	-1	0	0	1	
6.2e-09	308	-0.0401514	-0.0475259	0.998063	0.80854	0.807667	-1	0	0	1	
6.24e-09	310	-0.013401	0.0069016	0.999886	0.806244	0.80708	-1	0	0	1	
6.28e-09	312	-0.0368117	-0.00839978	0.999287	0.807404	0.806325	-1	0	0	1	
6.32e-09	314	-0.0420249	-0.0101328	0.999065	0.80765	0.80513	-1	0	0	1	
6.36e-09	316	-0.0197372	-0.0557153	0.998252	0.809597	0.802391	-1	0	0	1	
6.4e-09	318	-0.0257631	0.0352082	0.999048	0.805219	0.802567	-1	0	0	1	
6.44e-09	320	0.0453898	-0.0174408	0.998817	0.799175	0.801118	-1	0	0	1	
6.48e-09	322	0.0470274	-0.016925	0.99875	0.801786	0.798845	-1	0	0	1	
6.52e-09	324	0.00553957	0.0744153	0.997212	0.79851	0.797167	-1	0	0	1	
6.56e-09	326	0.0176282	-0.0530274	0.998437	0.794038	0.794603	-1	0	0	1	
6.6e-09	328	0.00124501	-0.0266989	0.999643	0.797571	0.795542	-1	0	0	1	
6.64e-09	330	0.0354882	-0.00945941	0.999325	0.795686	0.793017	-1	0	0	1	
6.68e-09	332	-0.00166348	0.0105972	0.999942	0.792905	0.7917	-1	0	0	1	
6.72e-09	334	-0.054608	0.0130721	0.998422	0.785324	0.787805	-1	0	0	1	
6.76e-09	336	0.0459993	-0.020154	0.998738	0.786758	0.787296	-1	0	0	1	
6.8e-09	338	0.0498646	0.0765486	0.995818	0.789069	0.788516	-1	0	0	1	
6.84e-09	340	0.0309606	0.02869	0.999109	0.790494	0.783723	-1	0	0	1	
6.88e-09	342	0.0166465	0.0285534	0.999454	0.786277	0.782194	-1	0	0	1	
6.92e-09	344	0.0274076	-0.00809267	0.999592	0.783303	0.782038	-1	0	0	1	
6.96e-09	346	0.0254305	-0.0384821	0.998936	0.775996	0.779004	-1	0	0	1	
7e-09	348	0.00960429	-0.0127095	0.999873	0.775496	0.78067	-1	0	0	1	
7.04e-09	350	-0.0695218	-0.0119183	0.997509	0.780151	0.775843	-1	0	0	1	
7.08e-09	352	-0.0494501	0.00349198	0.99877	0.775108	0.775525	-1	0	0	1	
7.12e-09	354	0.000273328	-0.0142035	0.999899	0.777001	0.77339	-1	0	0	1	
7.16e-09	356	0.0916772	0.0263364	0.99544	0.764208	0.772392	-1	0	0	1	
7.2e-09	358	-0.0577132	-0.0427718	0.997417	0.774226	0.770565	-1	0	0	1	
7.24e-09	360	0.0103212	-0.034535	0.99935	0.760248	0.767139	-1	0	0	1	
7.28e-09	362	-0.0691256	0.022077	0.997364	0.763957	0.762461	-1	0	0	1	
7.32e-09	364	0.00206635	-0.0577193	0.998331	0.766881	0.765495	-1	0	0	1	
7.36e-09	366	0.0955946	-0.0109079	0.995361	0.764792	0.764711	-1	0	0	1	
7.4e-09	368	0.0292783	0.0587937	0.997841	0.749877	0.760233	-1	0	0	1	
7.44e-09	370	0.00170091	-0.00987086	0.99995	0.761536	0.760361	-1	0	0	1	
7.48e-09	372	-0.046206	0.0306862	0.99846	0.758678	0.756916	-1	0	0	1	
7.52e-09	374	0.106959	0.0111401	0.994201	0.74902	0.754635	-1	0	0	1	
7.56e-09	376	0.118367	0.0281305	0.992571	0.754906	0.755231	-1	0	0	1	
7.6e-09	378	-0.0414798	-0.0354139	0.998512	0.752501	0.753426	-1	0	0	1	
7.64e-09	380	0.0299851	-0.0752078	0.996717	0.753418	0.753816	-1	0	0	1	
7.68e-09	382	0.0453885	-0.0180637	0.998806	0.749963	0.748598	-1	0	0	1	
7.72e-09	384	0.0304146	-0.0128689	0.999455	0.748765	0.749436	-1	0	0	1	
7.76e-09	386	-0.0432272	0.00565282	0.999049	0.745477	0.743542	-1	0	0	1	
7.8e-09	388	0.0225645	0.01057	0.99969	0.737062	0.745077	-1	0	0	1	
7.84e-09	390	-0.036216	-0.0321648	0.998826	0.745005	0.743355	-1	0	0	1	
7.88e-09	392	0.0686829	-0.027782	0.997252	0.732472	0.737587	-1	0	0	1	
7.92e-09	394	-0.111495	0.0102065	0.993713	0.732122	0.738071	-1	0	0	1	
7.96e-09	396	0.0189383	0.0149008	0.99971	0.732601	0.734753	-1	0	0	1	
8e-09	398	0.0286884	0.148279	0.988529	0.739372	0.738637	-1	0	0	1	
8.04e-09	400	0.03107	-0.0360678	0.998866	0.730844	0.735993	-1	0	0	1	
8.08e-09	402	0.0285122	0.0815345	0.996263	0.726675	0.73138	-1	0	0	1	
8.12e-09	404	0.0621906	-0.0621897	0.996125	0.731772	0.732456	-1	0	0	1	
8.16e-09	406	-0.0027023	0.0581955	0.998302	0.735054	0.729767	-1	0	0	1	
8.2e-09	408	0.0130055	0.0658555	0.997744	0.735929	0.727244	-1	0	0	1	
8.24e-09	410	-0.0395694	-0.0310568	0.998734	0.731623	0.723944	-1	0	0	1	
8.28e-09	412	0.015237	-0.00619809	0.999865	0.726256	0.720735	-1	0	0	1	
8.32e-09	414	-0.0039117	0.0627186	0.998024	0.715639	0.721334	-1	0	0	1	
8.36e-09	416	0.0679382	-0.0425325	0.996783	0.719235	0.717505	-1	0	0	1	
8.4e-09	418	0.00708297	-0.0925132	0.995686	0.711637	0.716335	-1	0	0	1	
8.44e-09	420	0.0481297	0.0340465	0.998261	0.71224	0.71203	-1	0	0	1	
8.48e-09	422	-0.0270503	0.00780503	0.999604	0.717624	0.716048	-1	0	0	1	
8.52e-09	424	0.0464696	0.066955	0.996673	0.701834	0.70821	-1	0	0	1	
8.56e-09	426	-0.0875847	0.119162	0.989004	0.703778	0.706913	-1	0	0	1	
8.6e-09	428	0.105263	-0.0194526	0.994254	0.718966	0.706226	-1	0	0	1	
8.64e-09	430	0.13189	-0.0394899	0.990477	0.709224	0.704493	-1	0	0	1	
8.68e-09	432	-0.0385374	-0.040364	0.998442	0.689558	0.703977	-1	0	0	1	
8.72e-09	434	-0.050507	0.0456929	0.997678	0.708047	0.701731	-1	0	0	1	
8.76e-09	436	-0.0758518	0.0352691	0.996495	0.708217	0.69597	-1	0	0	1	
8.8e-09	438	-0.0651535	0.00690329	0.997851	0.704611	0.696168	-1	0	0	1	
8.84e-09	440	0.0473315	0.00147022	0.998878	0.703059	0.694983	-1	0	0	1	
8.88e-09	442	-0.0216221	0.0682686	0.997433	0.694974	0.69261	-1	0	0	1	
8.92e-09	444	0.0773015	-0.0152822	0.996891	0.67863	0.689817	-1	0	0	1	
8.96e-09	446	-0.0558771	0.0191591	0.998254	0.695798	0.688515	-1	0	0	1	
9e-09	448	0.0404927	0.0246224	0.998876	0.689231	0.687063	-1	0	0	1	
9.04e-09	450	-0.157932	-0.0622179	0.985488	0.690948	0.687171	-1	0	0	1	
9.08e-09	452	-0.0198742	-0.0406974	0.998974	0.693016	0.681111	-1	0	0	1	
9.12e-09	454	-0.1336	-0.0640177	0.988966	0.685207	0.677047	-1	0	0	1	
9.16e-09	456	0.00235672	-0.00192451	0.999995	0.68466	0.678119	-1	0	0	1	
9.2e-09	458	0.0354275	-0.054463	0.997887	0.687862	0.673833	-1	0	0	1	
9.24e-09	460	-0.00770302	0.0668437	0.997734	0.674208	0.677696	-1	0	0	1	
9.28e-09	462	-0.0620728	0.00173883	0.99807	0.678772	0.673476	-1	0	0	1	
9.32e-09	464	-0.0390726	0.088059	0.995349	0.669403	0.666388	-1	0	0	1	
9.36e-09	466	0.0666731	-0.0503889	0.996502	0.669607	0.666628	-1	0	0	1	
9.4e-09	468	-0.137499	-0.0649751	0.988368	0.671883	0.663928	-1	0	0	1	
9.44e-09	470	0.0464874	0.0395357	0.998136	0.657055	0.664882	-1	0	0	1	
9.48e-09	472	0.0789435	-0.113702	0.990374	0.66271	0.656445	-1	0	0	1	
9.52e-09	474	-0.160321	-0.0404725	0.986235	0.648577	0.655086	-1	0	0	1	
9.56e-09	476	-0.0175292	0.00767874	0.999817	0.635503	0.65448	-1	0	0	1	
9.6e-09	478	0.0716797	-0.0256979	0.997097	0.649793	0.656397	-1	0	0	1	
9.64e-09	480	0.0750185	-0.0683424	0.994837	0.639591	0.652295	-1	0	0	1	
9.68e-09	482	0.0149413	-0.0339215	0.999313	0.641183	0.649437	-1	0	0	1	
9.72e-09	484	-0.0586051	0.014666	0.998174	0.635228	0.642547	-1	0	0	1	
9.76e-09	486	-0.0801727	0.12936	0.988351	0.645502	0.643238	-1	0	0	1	
9.8e-09	488	0.0455703	-0.0304548	0.998497	0.646013	0.648453	-1	0	0	1	
9.84e-09	490	0.0326412	-0.0193641	0.99928	0.635149	0.637969	-1	0	0	1	
9.88e-09	492	0.0130733	-0.103605	0.994533	0.638286	0.640937	-1	0	0	1	
9.92e-09	494	0.0116993	0.0348204	0.999325	0.631798	0.629789	-1	0	0	1	
9.96e-09	496	0.0545001	0.0893849	0.994505	0.639451	0.630106	-1	0	0	1	
1e-08	498	0.154816	0.0816349	0.984565	0.632843	0.626236	-1	0	0	1	
1.004e-08	500	-0.0364306	-0.0677397	0.997038	0.631061	0.630415	-1	0	0	1	
1.008e-08	502	0.111482	0.00972649	0.993719	0.639155	0.626947	-1	0	0	1	
1.012e-08	504	0.0405285	0.0095383	0.999133	0.627027	0.626768	-1	0	0	1	
1.016e-08	506	0.0973853	0.0236548	0.994966	0.62137	0.622537	-1	0	0	1	
1.02e-08	508	-0.111846	0.117547	0.986749	0.597018	0.615043	-1	0	0	1	
1.024e-08	510	0.0468817	-0.0662419	0.996702	0.610969	0.613109	-1	0	0	1	
1.028e-08	512	-0.021147	-0.0478032	0.998633	0.609323	0.609003	-1	0	0	1	
1.032e-08	514	-0.0536879	0.0266853	0.998201	0.594638	0.611083	-1	0	0	1	
1.036e-08	516	0.0580766	0.0244176	0.998013	0.615453	0.608759	-1	0	0	1	
1.04e-08	518	-0.040519	0.0879911	0.995297	0.586718	0.600984	-1	0	0	1	
1.044e-08	520	-0.0973915	-0.0095994	0.9952	0.597583	0.604102	-1	0	0	1	
1.048e-08	522	0.155042	0.0991905	0.982916	0.592034	0.599053	-1	0	0	1	
1.052e-08	524	-0.00928061	-0.0120249	0.999885	0.590013	0.59352	-1	0	0	1	
1.056e-08	526	0.193303	-0.104964	0.975508	0.60333	0.591522	-1	0	0	1	
1.06e-08	528	0.0760261	0.0151204	0.996991	0.588512	0.590333	-1	0	0	1	
1.064e-08	530	0.0626177	0.0117291	0.997969	0.594702	0.590655	-1	0	0	1	
1.068e-08	532	0.0300752	0.0132317	0.99946	0.595177	0.587187	-1	0	0	1	
1.072e-08	534	0.0643362	0.152663	0.986182	0.593878	0.582851	-1	0	0	1	
1.076e-08	536	0.0619091	0.0751212	0.995251	0.598916	0.584592	-1	0	0	1	
1.08e-08	538	-0.034652	0.0221496	0.999154	0.582686	0.577083	-1	0	0	1	
1.084e-08	540	-0.00447562	-0.0390667	0.999227	0.571979	0.571489	-1	0	0	1	
1.088e-08	542	0.0694423	0.0680439	0.995263	0.56691	0.568916	-1	0	0	1	
1.092e-08	544	-0.0020025	-0.165631	0.986186	0.564393	0.565148	-1	0	0	1	
1.096e-08	546	-0.00977568	-0.082977	0.996504	0.555181	0.560388	-1	0	0	1	
1.1e-08	548	0.0535065	-0.0344323	0.997974	0.546172	0.56309	-1	0	0	1	
1.104e-08	550	0.10565	-0.0666104	0.99217	0.562621	0.555511	-1	0	0	1	
1.108e-08	552	-0.0151877	0.0544115	0.998403	0.565735	0.562197	-1	0	0	1	
1.112e-08	554	-0.0355246	-0.0996034	0.994393	0.563742	0.550902	-1	0	0	1	
1.116e-08	556	-0.0463782	0.00740269	0.998897	0.543947	0.55371	-1	0	0	1	
1.12e-08	558	0.121569	0.0629141	0.990587	0.532518	0.543705	-1	0	0	1	
1.124e-08	560	0.0449388	-0.00518907	0.998976	0.546212	0.535237	-1	0	0	1	
1.128e-08	562	0.0363017	-0.0164441	0.999206	0.544871	0.537918	-1	0	0	1	
1.132e-08	564	0.1654	-0.0784407	0.983102	0.534164	0.537794	-1	0	0	1	
1.136e-08	566	0.226875	-0.0271865	0.973544	0.521494	0.537595	-1	0	0	1	
1.14e-08	568	-0.0287266	-0.17178	0.984716	0.531402	0.532236	-1	0	0	1	
1.144e-08	570	-0.0699234	0.0159999	0.997424	0.53014	0.522158	-1	0	0	1	
1.148e-08	572	0.041051	-0.0291851	0.998731	0.529606	0.521541	-1	0	0	1	
1.152e-08	574	0.0668618	0.055356	0.996225	0.504969	0.512274	-1	0	0	1	
1.156e-08	576	0.0215963	-0.0238673	0.999482	0.503768	0.517654	-1	0	0	1	
1.16e-08	578	0.217476	0.066512	0.973797	0.49919	0.506289	-1	0	0	1	
1.164e-08	580	-0.0817789	-0.0125145	0.996572	0.514943	0.50626	-1	0	0	1	
1.168e-08	582	-0.00812266	0.00443014	0.999957	0.504203	0.504487	-1	0	0	1	
1.172e-08	584	-0.185923	-0.138165	0.972802	0.481591	0.498991	-1	0	0	1	
1.176e-08	586	0.106727	0.166704	0.980214	0.471314	0.499642	-1	0	0	1	
1.18e-08	588	0.095513	0.0356339	0.99479	0.4766	0.476763	-1	0	0	1	
1.184e-08	590	0.166545	0.213086	0.962734	0.460508	0.485458	-1	0	0	1	
1.188e-08	592	-0.0839235	-0.131751	0.987724	0.489859	0.474511	-1	0	0	1	
1.192e-08	594	0.0624103	-0.264439	0.962381	0.447371	0.474167	-1	0	0	1	
1.196e-08	596	-0.194086	0.0193591	0.980794	0.462731	0.46924	-1	0	0	1	
1.2e-08	598	-0.214433	0.083266	0.973183	0.481876	0.460172	-1	0	0	1	
1.204e-08	600	0.356935	0.0286859	0.933689	0.445029	0.459811	-1	0	0	1	
1.208e-08	602	-0.130129	0.135575	0.982184	0.475094	0.462635	-1	0	0	1	
1.212e-08	604	0.10322	0.0913344	0.990456	0.459149	0.462025	-1	0	0	1	
1.216e-08	606	-0.0171617	0.113832	0.993352	0.448901	0.443716	-1	0	0	1	
1.22e-08	608	-0.0473508	-0.0130379	0.998793	0.480078	0.447132	-1	0	0	1	
1.224e-08	610	0.227159	-0.0123258	0.97378	0.477626	0.448868	-1	0	0	1	
1.228e-08	612	-0.215318	-0.011957	0.976471	0.446044	0.437148	-1	0	0	1	
1.232e-08	614	-0.0885835	-0.290081	0.952893	0.435723	0.429001	-1	0	0	1	
1.236e-08	616	0.0528381	0.271865	0.960884	0.475982	0.440192	-1	0	0	1	
1.24e-08	618	-0.0985973	0.0546708	0.993625	0.397921	0.412649	-1	0	0	1	
1.244e-08	620	-0.0093562	-0.212422	0.977133	0.39621	0.40322	-1	0	0	1	
1.248e-08	622	0.224429	-0.00402533	0.974482	0.430062	0.417206	-1	0	0	1	
1.252e-08	624	0.0475414	0.164996	0.985148	0.416972	0.407117	-1	0	0	1	
1.256e-08	626	-0.00535293	-0.0173462	0.999835	0.409711	0.395463	-1	0	0	1	
1.26e-08	628	-0.120897	0.0642241	0.990585	0.431188	0.405957	-1	0	0	1	
1.264e-08	630	0.132646	0.301857	0.94408	0.389328	0.392036	-1	0	0	1	
1.268e-08	632	0.013199	0.0539806	0.998455	0.393292	0.392093	-1	0	0	1	
1.272e-08	634	0.0307832	0.320579	0.946722	0.356754	0.37098	-1	0	0	1	
1.276e-08	636	0.200766	-0.168796	0.964988	0.400936	0.37301	-1	0	0	1	
1.28e-08	638	-0.139644	-0.0271818	0.989829	0.355382	0.351529	-1	0	0	1	
1.284e-08	640	-0.109254	-0.152085	0.98231	0.341174	0.349048	-1	0	0	1	
1.288e-08	642	-0.203639	0.219989	0.95401	0.342012	0.360017	-1	0	0	1	
1.292e-08	644	-0.00463898	-0.169837	-0.985461	0.383702	0.376209	-1	0	0	1	
1.296e-08	646	0.0318347	0.0273629	-0.999119	0.411646	0.381407	-1	0	0	1	
1.3e-08	648	-0.254112	-0.042496	-0.966241	0.358407	0.367385	-1	0	0	1	
1.304e-08	650	-0.0884886	0.10123	-0.99092	0.3741	0.357944	-1	0	0	1	
1.308e-08	652	0.0413232	0.214137	-0.975929	0.35409	0.353927	-1	0	0	1	
1.312e-08	654	-0.399494	0.144983	-0.905199	0.354198	0.334798	-1	0	0	1	
1.316e-08	656	0.0537673	-0.25034	-0.966664	0.351303	0.345352	-1	0	0	1	
1.32e-08	658	0.072231	-0.134392	-0.988292	0.338703	0.338976	-1	0	0	1	
1.324e-08	660	-0.0134839	0.0278345	-0.999522	0.387783	0.333558	-1	0	0	1	
1.328e-08	662	-0.0949608	-0.0234312	-0.995205	0.279096	0.319922	-1	0	0	1	
1.332e-08	664	-0.0837212	0.0384806	-0.995746	0.301942	0.31652	-1	0	0	1	
1.336e-08	666	0.248245	0.233835	-0.940051	0.28263	0.307146	-1	0	0	1	
1.34e-08	668	0.21476	-0.0214142	-0.976432	0.309846	0.308192	-1	0	0	1	
1.344e-08	670	0.122182	-0.118142	-0.985451	0.328996	0.300826	-1	0	0	1	
1.348e-08	672	0.108485	-0.180541	-0.977566	0.238193	0.283288	-1	0	0	1	
1.352e-08	674	-0.0200487	0.173286	-0.984667	0.275068	0.291187	-1	0	0	1	
1.356e-08	676	0.166941	0.181379	-0.96914	0.299529	0.279368	-1	0	0	1	
1.36e-08	678	-0.0378326	0.178984	-0.983124	0.215585	0.273736	-1	0	0	1	
1.364e-08	680	0.024545	0.0321902	-0.99918	0.281069	0.271465	-1	0	0	1	
1.368e-08	682	0.0614891	0.368661	-0.927528	0.281254	0.245177	-1	0	0	1	
1.372e-08	684	-0.172783	0.245624	-0.953842	0.251093	0.228303	-1	0	0	1	
1.376e-08	686	0.14099	-0.268307	-0.95296	0.218808	0.25092	-1	0	0	1	
1.38e-08	688	-0.113297	0.188259	-0.975563	0.200677	0.236053	-1	0	0	1	
1.384e-08	690	-0.0302344	0.00935842	-0.999499	0.213345	0.218167	-1	0	0	1	
1.388e-08	692	0.113483	0.21433	-0.970147	0.212704	0.203771	-1	0	0	1	
1.392e-08	694	0.0231632	0.430772	-0.902164	0.236111	0.19605	-1	0	0	1	
1.396e-08	696	-0.142477	-0.774063	-0.616868	0.113581	0.175873	-1	0	0	1	
1.4e-08	698	-0.191013	-0.231818	-0.953821	0.0611973	0.15198	-1	0	0	1	
1.404e-08	700	0.213338	-0.25259	-0.943761	0.198938	0.179518	-1	0	0	1	
1.408e-08	702	-0.0988473	0.19151	-0.9765	0.0866875	0.157031	-1	0	0	1	
1.412e-08	704	0.115081	0.279399	-0.953254	0.166224	0.147998	-1	0	0	1	
1.416e-08	706	0.261942	-0.734142	-0.626436	0.0974101	0.127851	-1	0	0	1	
1.42e-08	708	0.121037	0.454625	-0.88242	0.107541	0.129613	-1	0	0	1	
1.424e-08	710	0.797338	-0.278809	-0.535274	0.100405	0.117021	-1	0	0	1	
1.428e-08	712	0.0656507	-0.247806	-0.966583	0.155941	0.142625	-1	0	0	1	
1.432e-08	714	-0.569831	0.454402	-0.684698	0.0828337	0.123906	-1	0	0	1	
1.436e-08	716	-0.305534	-0.824648	0.47603	0.0951996	0.0972721	-1	0	0	1	
1.44e-08	718	0.151623	0.555746	-0.817408	0.144833	0.103654	-1	0	0	1	
1.444e-08	720	0.187761	-0.479429	-0.857259	0.099543	0.120808	-1	0	0	1	
1.448e-08	722	-0.800127	0.471163	0.371217	0.0735674	0.0897317	-1	0	0	1	
1.452e-08	724	-0.134108	0.337269	-0.931807	0.0434329	0.0756953	-1	0	0	1	
1.456e-08	726	-0.783124	-0.369073	-0.500501	0.0532522	0.072923	-1	0	0	1	
1.46e-08	728	0.511756	0.73075	-0.451786	0.0903626	0.0608127	-1	0	0	1	
1.464e-08	730	-0.35032	0.28658	-0.891711	0.0319936	0.0773335	-1	0	0	1	
1.468e-08	732	0.0211743	-0.149957	-0.988466	0.0820354	0.0688454	-1	0	0	1	
1.472e-08	734	-0.50593	-0.260939	-0.822159	0.0885712	0.0819369	-1	0	0	1	
1.476e-08	736	0.459278	0.0982983	-0.882837	0.0722501	0.062194	-1	0	0	1	
1.48e-08	738	-0.50909	0.00844006	-0.860672	0.0709658	0.0744551	-1	0	0	1	
1.484e-08	740	-0.187567	0.112553	-0.975782	0.0719109	0.0638152	-1	0	0	1	
1.488e-08	742	0.404815	-0.208397	-0.890334	0.109868	0.0533124	-1	0	0	1	
1.492e-08	744	0.641027	-0.262736	-0.721148	0.0179627	0.0561646	-1	0	0	1	
1.496e-08	746	0.996697	0.0653562	-0.0482145	0.0655612	0.059514	-1	0	0	1	
1.5e-08	748	-0.367946	0.717082	-0.591953	0.0494078	0.0574016	-1	0	0	1	
1.504e-08	750	0.124428	0.985428	0.115976	0.0349225	0.0519459	-1	0	0	1	
1.508e-08	752	0.353699	0.35283	-0.866261	0.0611474	0.0451102	-1	0	0	1	
1.512e-08	754	0.379892	-0.191785	-0.904931	0.0809959	0.0674048	-1	0	0	1	
1.516e-08	756	0.474242	-0.00852865	-0.880353	0.0466141	0.0570978	-1	0	0	1	
1.52e-08	758	0.437845	0.645597	-0.625696	0.0349763	0.0414619	-1	0	0	1	
1.524e-08	760	0.41853	-0.044206	-0.907126	0.038378	0.0460083	-1	0	0	1	
1.528e-08	762	-0.303855	-0.0182136	-0.952544	0.0911281	0.0556963	-1	0	0	1	
1.532e-08	764	-0.108311	-0.491588	-0.864066	0.0174788	0.0425022	-1	0	0	1	
1.536e-08	766	0.446213	0.533094	-0.718821	0.0496412	0.052182	-1	0	0	1	
1.54e-08	768	-0.811516	-0.579384	-0.0758607	0.0406111	0.0415236	-1	0	0	1	
1.544e-08	770	-0.0846711	0.44912	-0.889451	0.0399576	0.0388553	-1	0	0	1	
1.548e-08	772	0.477116	0.788558	-0.387991	0.0306728	0.0450995	-1	0	0	1	
1.552e-08	774	-0.35032	0.756946	-0.551642	0.0199722	0.0409702	-1	0	0	1	
1.556e-08	776	-0.139197	0.0759954	-0.987344	0.0776175	0.0448411	-1	0	0	1	
1.56e-08	778	-0.41394	0.130606	-0.900886	0.0201479	0.0446912	-1	0	0	1	
1.564e-08	780	0.28073	-0.920424	-0.272048	0.0258193	0.0338816	-1	0	0	1	
1.568e-08	782	-0.268307	0.952735	-0.142507	0.0447023	0.0400846	-1	0	0	1	
1.572e-08	784	-0.0816903	0.599211	-0.796412	0.0376343	0.0403607	-1	0	0	1	
1.576e-08	786	0.157584	-0.723965	-0.671597	0.0613257	0.043471	-1	0	0	1	
1.58e-08	788	0.854832	0.318279	-0.409829	0.0153046	0.0340969	-1	0	0	1	
1.584e-08	790	0.0289777	-0.481746	-0.875831	0.0630534	0.0372328	-1	0	0	1	
1.588e-08	792	0.395272	0.0104359	-0.918505	0.0445876	0.0367984	-1	0	0	1	
1.592e-08	794	-0.115388	0.734567	-0.668653	0.0504805	0.0432016	-1	0	0	1	
1.596e-08	796	-0.448172	-0.327555	0.831775	0.0332993	0.0407167	-1	0	0	1	
1.6e-08	798	-0.674342	-0.631061	-0.383439	0.0231121	0.0320484	-1	0	0	1	
1.604e-08	800	-0.744423	0.0421028	-0.666379	0.014114	0.0343107	-1	0	0	1	
1.608e-08	802	-0.491919	-0.346754	-0.79861	0.0369302	0.0338548	-1	0	0	1	
1.612e-08	804	0.602816	-0.213826	-0.768695	0.0495614	0.0376956	-1	0	0	1	
1.616e-08	806	-0.055094	0.983998	-0.16945	0.0209391	0.0406329	-1	0	0	1	
1.62e-08	808	0.733196	0.578969	-0.356677	0.0282627	0.0292226	-1	0	0	1	
1.624e-08	810	-0.675854	0.584927	-0.448422	0.0181199	0.0275755	-1	0	0	1	
1.628e-08	812	-0.39245	-0.52869	0.752642	0.0262166	0.0322492	-1	0	0	1	
1.632e-08	814	0.00809151	-0.988472	-0.151184	0.0343997	0.0342928	-1	0	0	1	
1.636e-08	816	0.265786	0.458583	-0.847974	0.0363247	0.0348695	-1	0	0	1	
1.64e-08	818	0.788984	0.543422	-0.286698	0.0296462	0.0373352	-1	0	0	1	
1.644e-08	820	-0.122861	-0.371435	0.920294	0.0351801	0.0259173	-1	0	0	1	
1.648e-08	822	-0.829352	0.379393	-0.410166	0.0342567	0.0250755	-1	0	0	1	
1.652e-08	824	0.540652	-0.771054	-0.33641	0.0243885	0.0263719	-1	0	0	1	
1.656e-08	826	0.393207	0.647605	-0.652683	0.0288614	0.0328432	-1	0	0	1	
1.66e-08	828	0.501222	-0.865247	-0.0111802	0.0343185	0.0286454	-1	0	0	1	
1.664e-08	830	0.0580442	-0.582228	-0.810951	0.0271115	0.0324968	-1	0	0	1	
1.668e-08	832	0.704775	-0.381731	-0.597975	0.0222997	0.0306581	-1	0	0	1	
1.672e-08	834	0.592942	0.425214	-0.683822	0.0261652	0.0268361	-1	0	0	1	
1.676e-08	836	0.39797	-0.253514	-0.881675	0.0231439	0.0286604	-1	0	0	1	
1.68e-08	838	0.588111	0.658737	0.469244	0.0129061	0.0291125	-1	0	0	1	
1.684e-08	840	0.614162	0.00113181	-0.789179	0.0349123	0.027616	-1	0	0	1	
1.688e-08	842	0.369839	0.375973	-0.849626	0.0645536	0.0315303	-1	0	0	1	
1.692e-08	844	0.403415	0.418159	-0.813879	0.0188643	0.0258567	-1	0	0	1	
1.696e-08	846	-0.472577	-0.790934	-0.388709	0.0142628	0.0240206	-1	0	0	1	
1.7e-08	848	0.450098	-0.018517	0.892787	0.0324358	0.0279001	-1	0	0	1	
1.704e-08	850	0.716622	0.403044	-0.569218	0.0358281	0.0287829	-1	0	0	1	
1.708e-08	852	-0.0864296	0.988691	0.122559	0.039415	0.0236704	-1	0	0	1	
1.712e-08	854	0.100767	-0.491725	-0.8649	0.0165688	0.0269	-1	0	0	1	
1.716e-08	856	0.731065	0.0223024	-0.681943	0.0100015	0.0312022	-1	0	0	1	
1.72e-08	858	0.435222	0.376856	-0.817656	0.0243647	0.0251771	-1	0	0	1	
1.724e-08	860	-0.0608904	-0.11457	-0.991547	0.0333151	0.0236054	-1	0	0	1	
1.728e-08	862	-0.905114	-0.0102832	-0.425045	0.0223757	0.0224484	-1	0	0	1	
1.732e-08	864	-0.478449	-0.515195	-0.711098	0.0302468	0.0240074	-1	0	0	1	
1.736e-08	866	0.372315	0.407039	-0.834087	0.0267272	0.0256542	-1	0	0	1	
1.74e-08	868	-0.450648	0.78166	-0.431188	0.0260737	0.0257423	-1	0	0	1	
1.744e-08	870	0.191457	0.523163	0.830449	0.0321902	0.0264696	-1	0	0	1	
1.748e-08	872	-0.341147	0.278734	-0.897734	0.0374163	0.0253563	-1	0	0	1	
1.752e-08	874	-0.104998	-0.518387	-0.848675	0.0177729	0.021337	-1	0	0	1	
1.756e-08	876	-0.282936	0.587321	0.758289	0.0210896	0.0225419	-1	0	0	1	
1.76e-08	878	0.4241	-0.00791166	-0.905581	0.0424256	0.02523	-1	0	0	1	
1.764e-08	880	0.0964313	0.0236285	0.995059	0.0138726	0.0195476	-1	0	0	1	
1.768e-08	882	0.64039	0.514762	-0.570019	0.0281043	0.0255483	-1	0	0	1	
1.772e-08	884	0.788846	-0.327413	0.520119	0.0339592	0.0206989	-1	0	0	1	
1.776e-08	886	-0.681402	0.528093	-0.506763	0.0241918	0.0219854	-1	0	0	1	
1.78e-08	888	0.799296	-0.286353	-0.528326	0.0261878	0.0256128	-1	0	0	1	
1.784e-08	890	0.19961	-0.920719	0.335308	0.0295968	0.0225198	-1	0	0	1	
1.788e-08	892	-0.637319	-0.418676	-0.646942	0.0308025	0.0195715	-1	0	0	1	
1.792e-08	894	0.788187	-0.451222	-0.418521	0.0171383	0.027032	-1	0	0	1	
1.796e-08	896	0.4527	-0.0401738	0.890758	0.0184261	0.0272842	-1	0	0	1	
1.8e-08	898	0.259237	0.580699	-0.771741	0.0146036	0.0232157	-1	0	0	1	
1.804e-08	900	0.438899	0.476813	-0.761589	0.0259735	0.0208178	-1	0	0	1	
